# transform file /out/sourcedata/freesurfer/sub-v2s1x29878_ses-1/mri/transforms/cc_up.lta
# created by oesteban on Wed Mar 11 21:56:55 2026

type      = 0 # LINEAR_VOX_TO_VOX
nxforms   = 1
mean      = 128.0000 131.0000 127.0000
sigma     = 10000.0000
1 4 4
9.831659197807312e-01 1.822617053985596e-01 -1.286273915320635e-02 -2.020593833923340e+01 
-1.822461187839508e-01 9.832500219345093e-01 2.384321996942163e-03 3.241116714477539e+01 
1.308186072856188e-02 2.328306436538696e-10 9.999144673347473e-01 -2.689608335494995e+00 
0.000000000000000e+00 0.000000000000000e+00 0.000000000000000e+00 1.000000000000000e+00 
src volume info
valid = 1  # volume info valid
filename = /out/sourcedata/freesurfer/sub-v2s1x29878_ses-1/mri/norm.mgz
volume = 256 256 256
voxelsize = 8.999999165534973e-01 8.999999165534973e-01 8.999999165534973e-01
xras   = -1.000000000000000e+00 0.000000000000000e+00 0.000000000000000e+00
yras   = 0.000000000000000e+00 0.000000000000000e+00 -9.999999403953552e-01
zras   = 0.000000000000000e+00 9.999999403953552e-01 0.000000000000000e+00
cras   = -8.248420715332031e+00 2.809002685546875e+01 4.613341522216797e+01
dst volume info
valid = 1  # volume info valid
filename = /out/sourcedata/freesurfer/sub-v2s1x29878_ses-1/mri/norm.mgz
volume = 256 256 256
voxelsize = 8.999999165534973e-01 8.999999165534973e-01 8.999999165534973e-01
xras   = -1.000000000000000e+00 0.000000000000000e+00 0.000000000000000e+00
yras   = 0.000000000000000e+00 0.000000000000000e+00 -9.999999403953552e-01
zras   = 0.000000000000000e+00 9.999999403953552e-01 0.000000000000000e+00
cras   = -8.248420715332031e+00 2.809002685546875e+01 4.613341522216797e+01
