#Insight Transform File V1.0
#Transform 0
Transform: AffineTransform_float_3_3
Parameters: 1 -0.000449506 0.000521426 0.000449493 1 -0.000946767 -0.000520575 0.000947235 1 -0.0276917 -0.0096183 -0.194686
FixedParameters: 0 0 0

#Transform 1
Transform: AffineTransform_float_3_3
Parameters: 1 0.00112182 -0.000411495 -0.00112218 1 -0.000440539 0.000410506 0.000440461 1 -0.00293088 0.182609 -0.105847
FixedParameters: 0 0 0

#Transform 2
Transform: AffineTransform_float_3_3
Parameters: 1 0.0011327 -0.000411816 -0.0011323 0.999999 -0.000720534 0.000411185 0.000720466 0.999999 -0.00876888 0.173383 -0.200773
FixedParameters: 0 0 0

#Transform 3
Transform: AffineTransform_float_3_3
Parameters: 0.999999 0.00102767 -0.0008424 -0.00102733 1 -0.000389135 0.0008416 0.000389865 0.999999 0.00744202 0.165955 -0.209885
FixedParameters: 0 0 0

#Transform 4
Transform: AffineTransform_float_3_3
Parameters: 1 0.000891867 -0.000765155 -0.000892133 0.999999 -0.000173317 0.000764844 0.000174682 0.999999 0.00793014 0.17781 -0.186467
FixedParameters: 0 0 0

#Transform 5
Transform: AffineTransform_float_3_3
Parameters: 1 0.000999753 -0.000513482 -0.00100025 0.999999 -0.000481486 0.000512519 0.000481512 1 -0.0084347 0.176231 -0.20848
FixedParameters: 0 0 0

#Transform 6
Transform: AffineTransform_float_3_3
Parameters: 1 0.00112891 -0.000411252 -0.00112909 1 -0.000222536 0.000410748 0.000223464 1 -0.0270177 0.136329 -0.217443
FixedParameters: 0 0 0

#Transform 7
Transform: AffineTransform_float_3_3
Parameters: 0.999999 0.0009588 -0.000784245 -0.0009582 0.999999 -0.000255249 0.000783755 0.000255751 0.999999 0.00337459 0.166679 -0.195773
FixedParameters: 0 0 0

#Transform 8
Transform: AffineTransform_float_3_3
Parameters: 0.999999 0.0011454 -0.000826826 -0.0011466 0.999999 -0.000720053 0.000826174 0.000720947 1 0.00495263 0.170236 -0.213523
FixedParameters: 0 0 0

#Transform 9
Transform: AffineTransform_float_3_3
Parameters: 0.999999 0.00107672 -0.00082636 -0.00107728 1 -0.00033411 0.000826639 0.00033489 0.999999 0.000430015 0.14217 -0.252377
FixedParameters: 0 0 0

#Transform 10
Transform: AffineTransform_float_3_3
Parameters: 0.999999 0.000985607 -0.00082647 -0.000986395 1 -0.000476185 0.00082653 0.000476815 0.999999 0.00614526 0.151622 -0.222664
FixedParameters: 0 0 0

#Transform 11
Transform: AffineTransform_float_3_3
Parameters: 1 0.000970701 -0.000575505 -0.000971299 0.999999 -0.000519441 0.000575496 0.000519558 0.999999 -0.00808366 0.155192 -0.231186
FixedParameters: 0 0 0

#Transform 12
Transform: AffineTransform_float_3_3
Parameters: 0.999999 0.0009296 -0.000826452 -0.000929402 1 -0.000485233 0.00082655 0.000485769 1 0.00231337 0.136024 -0.230327
FixedParameters: 0 0 0

#Transform 13
Transform: AffineTransform_float_3_3
Parameters: 0.999999 0.00110854 -0.00107648 -0.00110946 1 -0.000427806 0.00107652 0.000429194 1 0.0229392 0.157043 -0.232654
FixedParameters: 0 0 0

#Transform 14
Transform: AffineTransform_float_3_3
Parameters: 0.999999 0.00110853 -0.000654799 -0.00110947 0.999999 -0.000720274 0.000654201 0.000720726 0.999999 -0.00194807 0.167559 -0.237726
FixedParameters: 0 0 0

#Transform 15
Transform: AffineTransform_float_3_3
Parameters: 1 0.000756648 -0.000826324 -0.000756353 0.999999 -0.000426375 0.000826678 0.000426626 1 -0.00344941 0.111768 -0.241189
FixedParameters: 0 0 0

#Transform 16
Transform: AffineTransform_float_3_3
Parameters: 1 0.000657634 -0.000826292 -0.000657367 0.999999 -0.000443457 0.000826709 0.000443544 0.999999 -0.00875478 0.12309 -0.223239
FixedParameters: 0 0 0

#Transform 17
Transform: AffineTransform_float_3_3
Parameters: 0.999999 0.000975709 -0.000960296 -0.00097629 0.999999 -0.000302063 0.000959705 0.000302937 1 0.00696128 0.100105 -0.228672
FixedParameters: 0 0 0

#Transform 18
Transform: AffineTransform_float_3_3
Parameters: 1 0.000844834 -0.000826169 -0.000844166 0.999999 -0.000200303 0.000825831 0.000200698 0.999999 -0.00356528 0.107476 -0.252613
FixedParameters: 0 0 0

#Transform 19
Transform: AffineTransform_float_3_3
Parameters: 1 0.000702746 -0.0008892 -0.000703253 0.999999 -0.000284375 0.000888799 0.000285625 0.999999 -0.0055633 0.111034 -0.241586
FixedParameters: 0 0 0

#Transform 20
Transform: AffineTransform_float_3_3
Parameters: 0.999999 0.000916624 -0.000994348 -0.000916377 1 -0.00037809 0.000993654 0.000378912 1 0.00643728 0.120046 -0.254609
FixedParameters: 0 0 0

#Transform 21
Transform: AffineTransform_float_3_3
Parameters: 0.999999 0.000685893 -0.00133006 -0.000685107 1 -8.00888e-05 0.00132994 8.09123e-05 0.999999 0.0318971 0.0818136 -0.288662
FixedParameters: 0 0 0

#Transform 22
Transform: AffineTransform_float_3_3
Parameters: 1 0.000780521 -0.000826452 -0.000780479 0.999999 -0.000579355 0.000826548 0.000579645 0.999999 0.00404627 0.123183 -0.255871
FixedParameters: 0 0 0

#Transform 23
Transform: AffineTransform_float_3_3
Parameters: 0.999999 0.000842685 -0.00101926 -0.000843315 1 -0.000308141 0.00101874 0.000309859 1 0.0154563 0.113295 -0.28147
FixedParameters: 0 0 0

#Transform 24
Transform: AffineTransform_float_3_3
Parameters: 0.999999 0.000838051 -0.00126897 -0.000837948 0.999999 4.10634e-05 0.00126903 -3.99365e-05 0.999999 0.0233891 0.0988842 -0.287963
FixedParameters: 0 0 0

#Transform 25
Transform: AffineTransform_float_3_3
Parameters: 0.999999 0.000706956 -0.00123903 -0.000707044 0.999999 -3.5124e-05 0.00123898 3.58759e-05 0.999999 0.0166266 0.12171 -0.281878
FixedParameters: 0 0 0

#Transform 26
Transform: AffineTransform_float_3_3
Parameters: 1 0.000684638 -0.0008263 -0.000685362 0.999999 -0.000437434 0.0008267 0.000438566 0.999999 -0.00573793 0.104731 -0.293494
FixedParameters: 0 0 0

#Transform 27
Transform: AffineTransform_float_3_3
Parameters: 0.999999 0.000933698 -0.00120423 -0.000934301 0.999999 -0.000249875 0.00120377 0.000251124 0.999999 0.0208275 0.0972359 -0.295152
FixedParameters: 0 0 0

#Transform 28
Transform: AffineTransform_float_3_3
Parameters: 0.999998 0.00110935 -0.00127169 -0.00110865 1 0.00027741 0.00127231 -0.000276589 0.999999 0.0338617 0.109376 -0.279357
FixedParameters: 0 0 0

#Transform 29
Transform: AffineTransform_float_3_3
Parameters: 0.999999 0.00064432 -0.00125084 -0.00064368 1 0.000255805 0.00125116 -0.000255194 0.999999 0.0231863 0.109535 -0.295671
FixedParameters: 0 0 0

#Transform 30
Transform: AffineTransform_float_3_3
Parameters: 0.999999 0.000671787 -0.0013831 -0.000672212 1 -0.00015307 0.0013829 0.000153929 0.999999 0.0262445 0.0923572 -0.298492
FixedParameters: 0 0 0

#Transform 31
Transform: AffineTransform_float_3_3
Parameters: 0.999999 0.000824782 -0.00134513 -0.000825217 0.999999 -0.00016089 0.00134487 0.000162109 0.999999 0.036434 0.0988328 -0.258195
FixedParameters: 0 0 0

#Transform 32
Transform: AffineTransform_float_3_3
Parameters: 0.999999 0.000974158 -0.0014619 -0.000973843 1 0.000108424 0.00146211 -0.000106576 0.999999 0.0326281 0.0862974 -0.307188
FixedParameters: 0 0 0

#Transform 33
Transform: AffineTransform_float_3_3
Parameters: 0.999999 0.000831761 -0.00112418 -0.000832237 0.999999 -0.000211065 0.00112382 0.000212935 1 0.0287985 0.0933137 -0.297659
FixedParameters: 0 0 0

#Transform 34
Transform: AffineTransform_float_3_3
Parameters: 0.999999 0.000696844 -0.00124609 -0.000697156 0.999999 -0.000125131 0.00124591 0.000125868 0.999999 0.027599 0.105682 -0.290445
FixedParameters: 0 0 0

#Transform 35
Transform: AffineTransform_float_3_3
Parameters: 0.999999 0.00069576 -0.0017331 -0.000696242 0.999999 -0.000138793 0.0017329 0.000139206 0.999998 0.0495665 0.111414 -0.273652
FixedParameters: 0 0 0

#Transform 36
Transform: AffineTransform_float_3_3
Parameters: 0.999999 0.000897456 -0.0012334 -0.000898542 0.999999 -0.000439892 0.0012326 0.000441107 0.999999 0.030766 0.116738 -0.291529
FixedParameters: 0 0 0

#Transform 37
Transform: AffineTransform_float_3_3
Parameters: 0.999999 0.000886959 -0.00110503 -0.00088704 0.999999 -3.60198e-05 0.00110497 3.69801e-05 1 0.0288158 0.109655 -0.27219
FixedParameters: 0 0 0

#Transform 38
Transform: AffineTransform_float_3_3
Parameters: 0.999999 0.000782854 -0.0011591 -0.000783145 0.999999 -0.000125092 0.0011589 0.000125907 1 0.0137701 0.11561 -0.267685
FixedParameters: 0 0 0

#Transform 39
Transform: AffineTransform_float_3_3
Parameters: 0.999999 0.00110871 -0.0010653 -0.00110929 1 -0.000268819 0.0010647 0.000270181 1 0.0206812 0.113982 -0.297405
FixedParameters: 0 0 0

#Transform 40
Transform: AffineTransform_float_3_3
Parameters: 0.999999 0.00110846 -0.00109055 -0.00110954 1 -0.000496791 0.00109045 0.00049821 1 0.0217654 0.10972 -0.285194
FixedParameters: 0 0 0

#Transform 41
Transform: AffineTransform_float_3_3
Parameters: 0.999998 0.000903605 -0.00133527 -0.000903394 0.999999 -0.000294794 0.00133473 0.000296206 0.999999 0.027296 0.114736 -0.292204
FixedParameters: 0 0 0

#Transform 42
Transform: AffineTransform_float_3_3
Parameters: 0.999998 0.0010874 -0.00121154 -0.0010886 1 -0.000496682 0.00121146 0.000498318 0.999999 0.0201466 0.108679 -0.324773
FixedParameters: 0 0 0

#Transform 43
Transform: AffineTransform_float_3_3
Parameters: 0.999999 0.000786909 -0.00112506 -0.00078709 0.999999 -8.01146e-05 0.00112494 8.08853e-05 1 0.0183418 0.0938633 -0.319863
FixedParameters: 0 0 0

#Transform 44
Transform: AffineTransform_float_3_3
Parameters: 0.999998 0.0010516 -0.00124934 -0.0010524 1 -0.000322686 0.00124966 0.000323315 0.999999 0.0302547 0.124413 -0.309698
FixedParameters: 0 0 0

#Transform 45
Transform: AffineTransform_float_3_3
Parameters: 0.999998 0.00121052 -0.0011565 -0.00121048 0.999999 -0.000414601 0.0011555 0.0004164 0.999999 0.0235276 0.108142 -0.334742
FixedParameters: 0 0 0

#Transform 46
Transform: AffineTransform_float_3_3
Parameters: 0.999999 0.000821354 -0.00129841 -0.000821646 1 -0.000496934 0.00129859 0.000498067 0.999999 0.0249456 0.116071 -0.309815
FixedParameters: 0 0 0

#Transform 47
Transform: AffineTransform_float_3_3
Parameters: 0.999999 0.000941687 -0.00109827 -0.000942312 0.999999 -0.000283965 0.00109773 0.000285034 1 0.0166113 0.123492 -0.316563
FixedParameters: 0 0 0

#Transform 48
Transform: AffineTransform_float_3_3
Parameters: 0.999999 0.00103958 -0.00153629 -0.00104043 1 -0.000275402 0.00153671 0.000276598 0.999999 0.0348944 0.109738 -0.30458
FixedParameters: 0 0 0

#Transform 49
Transform: AffineTransform_float_3_3
Parameters: 0.999999 0.00105802 -0.00133778 -0.00105898 0.999999 -0.000734584 0.00133722 0.000736416 0.999999 0.027303 0.128008 -0.282863
FixedParameters: 0 0 0

#Transform 50
Transform: AffineTransform_float_3_3
Parameters: 0.999998 0.000962952 -0.0012608 -0.000964048 0.999999 -0.000830786 0.0012602 0.000832215 0.999999 0.0209296 0.150991 -0.287175
FixedParameters: 0 0 0

#Transform 51
Transform: AffineTransform_float_3_3
Parameters: 0.999998 0.00123724 -0.00101293 -0.00123776 0.999999 -0.000747747 0.00101107 0.000748252 0.999999 0.0169555 0.11869 -0.299942
FixedParameters: 0 0 0

#Transform 52
Transform: AffineTransform_float_3_3
Parameters: 0.999998 0.00117024 -0.0014706 -0.00117076 0.999999 -0.000515279 0.0014704 0.000516722 0.999999 0.0291878 0.13483 -0.277585
FixedParameters: 0 0 0

#Transform 53
Transform: AffineTransform_float_3_3
Parameters: 0.999999 0.000903313 -0.00106758 -0.000903688 1 -0.000644036 0.00106642 0.000644964 0.999999 0.0107015 0.135704 -0.284786
FixedParameters: 0 0 0

#Transform 54
Transform: AffineTransform_float_3_3
Parameters: 0.999998 0.000981194 -0.00137457 -0.000981805 1 -0.000585651 0.00137342 0.000587349 0.999999 0.0260749 0.130229 -0.305465
FixedParameters: 0 0 0

#Transform 55
Transform: AffineTransform_float_3_3
Parameters: 0.999999 0.000817281 -0.00130845 -0.000817719 1 -0.000548931 0.00130755 0.00055007 0.999999 0.0199305 0.111238 -0.27791
FixedParameters: 0 0 0

#Transform 56
Transform: AffineTransform_float_3_3
Parameters: 0.999999 0.00081731 -0.0011355 -0.000817692 1 -0.000608073 0.0011355 0.000608929 0.999999 0.0153089 0.12452 -0.274612
FixedParameters: 0 0 0

#Transform 57
Transform: AffineTransform_float_3_3
Parameters: 0.999999 0.00122718 -0.00126979 -0.00122782 0.999999 -0.000642442 0.00126921 0.000643559 0.999999 0.03023 0.113476 -0.292771
FixedParameters: 0 0 0

#Transform 58
Transform: AffineTransform_float_3_3
Parameters: 0.999999 0.000827706 -0.0011952 -0.000828295 1 -0.00024601 0.0011948 0.000246989 1 0.0185175 0.114108 -0.277439
FixedParameters: 0 0 0

#Transform 59
Transform: AffineTransform_float_3_3
Parameters: 0.999998 0.000904253 -0.00132151 -0.000904748 1 -0.000565805 0.00132049 0.000566195 0.999999 0.0368341 0.128034 -0.279452
FixedParameters: 0 0 0

#Transform 60
Transform: AffineTransform_float_3_3
Parameters: 0.999998 0.00103112 -0.00132968 -0.00103288 0.999999 -0.000659628 0.00132932 0.000661372 0.999999 0.0315961 0.110949 -0.310283
FixedParameters: 0 0 0

#Transform 61
Transform: AffineTransform_float_3_3
Parameters: 0.999998 0.00122741 -0.00154847 -0.00122859 0.999999 -0.000379098 0.00154753 0.0003809 0.999998 0.0437147 0.119453 -0.290695
FixedParameters: 0 0 0

#Transform 62
Transform: AffineTransform_float_3_3
Parameters: 0.999998 0.00111799 -0.00123291 -0.00111901 0.999999 -0.000817621 0.00123208 0.000818379 0.999999 0.0214086 0.135566 -0.318941
FixedParameters: 0 0 0

#Transform 63
Transform: AffineTransform_float_3_3
Parameters: 0.999999 0.00123185 -0.00127405 -0.00123515 0.999996 -0.00247143 0.00127095 0.00247357 0.999996 0.0297139 0.229145 -0.307986
FixedParameters: 0 0 0

#Transform 64
Transform: AffineTransform_float_3_3
Parameters: 0.999999 0.00119633 -0.00125356 -0.00119968 0.999997 -0.0021345 0.00125144 0.0021355 0.999997 0.0309555 0.22064 -0.323831
FixedParameters: 0 0 0

#Transform 65
Transform: AffineTransform_float_3_3
Parameters: 0.999999 0.00122005 -0.00121297 -0.00122295 0.999997 -0.00243152 0.00121003 0.00243348 0.999997 0.0279189 0.227529 -0.313912
FixedParameters: 0 0 0

#Transform 66
Transform: AffineTransform_float_3_3
Parameters: 0.999998 0.00114253 -0.00113948 -0.00114447 0.999997 -0.0021707 0.00113752 0.0021713 0.999997 0.0250039 0.205367 -0.305533
FixedParameters: 0 0 0

#Transform 67
Transform: AffineTransform_float_3_3
Parameters: 0.999998 0.00125299 -0.00110442 -0.001256 0.999995 -0.00272461 0.00110058 0.00272538 0.999995 0.0317234 0.235827 -0.30954
FixedParameters: 0 0 0

#Transform 68
Transform: AffineTransform_float_3_3
Parameters: 0.999998 0.00142147 -0.00173672 -0.00142653 0.999995 -0.00260753 0.00173328 0.00261047 0.999995 0.0539734 0.227413 -0.329204
FixedParameters: 0 0 0

#Transform 69
Transform: AffineTransform_float_3_3
Parameters: 0.999998 0.00119578 -0.00173591 -0.00120022 0.999997 -0.00243092 0.00173308 0.00243308 0.999995 0.057976 0.22103 -0.292012
FixedParameters: 0 0 0

#Transform 70
Transform: AffineTransform_float_3_3
Parameters: 0.999999 0.00109263 -0.00134973 -0.00109637 0.999997 -0.00249652 0.00134727 0.00249748 0.999996 0.0437172 0.239414 -0.298395
FixedParameters: 0 0 0

#Transform 71
Transform: AffineTransform_float_3_3
Parameters: 0.999999 0.00118292 -0.00134461 -0.00118709 0.999994 -0.00304141 0.0013414 0.00304259 0.999995 0.0342392 0.23758 -0.32423
FixedParameters: 0 0 0

#Transform 72
Transform: AffineTransform_float_3_3
Parameters: 0.999998 0.00112619 -0.00173613 -0.0011308 0.999995 -0.00276904 0.00173287 0.00277096 0.999994 0.0578531 0.223149 -0.333964
FixedParameters: 0 0 0

#Transform 73
Transform: AffineTransform_float_3_3
Parameters: 0.999998 0.000970316 -0.00139357 -0.000973684 0.999996 -0.00264465 0.00139143 0.00264636 0.999996 0.0394531 0.243065 -0.326896
FixedParameters: 0 0 0

#Transform 74
Transform: AffineTransform_float_3_3
Parameters: 0.999998 0.00124559 -0.0014877 -0.00124941 0.999995 -0.00296514 0.0014843 0.00296685 0.999994 0.0451292 0.231779 -0.351945
FixedParameters: 0 0 0

#Transform 75
Transform: AffineTransform_float_3_3
Parameters: 0.999999 0.00108089 -0.00105818 -0.00108411 0.999995 -0.00293886 0.00105482 0.00294014 0.999995 0.0193565 0.228434 -0.333564
FixedParameters: 0 0 0

#Transform 76
Transform: AffineTransform_float_3_3
Parameters: 0.999998 0.000992499 -0.00130766 -0.000996501 0.999996 -0.0026787 0.00130533 0.0026803 0.999995 0.033988 0.251998 -0.319927
FixedParameters: 0 0 0

#Transform 77
Transform: AffineTransform_float_3_3
Parameters: 0.999998 0.0011605 -0.00173669 -0.0011655 0.999995 -0.00316898 0.00173331 0.00317102 0.999993 0.0546304 0.241859 -0.327795
FixedParameters: 0 0 0

#Transform 78
Transform: AffineTransform_float_3_3
Parameters: 0.999999 0.00120739 -0.00125648 -0.00121061 0.999995 -0.00287748 0.00125252 0.00287952 0.999995 0.0389571 0.237694 -0.336761
FixedParameters: 0 0 0

#Transform 79
Transform: AffineTransform_float_3_3
Parameters: 0.999999 0.00121683 -0.00131686 -0.00122117 0.999994 -0.0031694 0.00131314 0.0031706 0.999994 0.039803 0.23556 -0.353373
FixedParameters: 0 0 0

#Transform 80
Transform: AffineTransform_float_3_3
Parameters: 0.999998 0.00116728 -0.00173618 -0.00117172 0.999995 -0.00271797 0.00173282 0.00272003 0.999995 0.0618776 0.216907 -0.31554
FixedParameters: 0 0 0

#Transform 81
Transform: AffineTransform_float_3_3
Parameters: 0.999999 0.00117234 -0.00101409 -0.00117466 0.999996 -0.00262881 0.00101091 0.00263019 0.999996 0.0365456 0.216509 -0.301784
FixedParameters: 0 0 0

#Transform 82
Transform: AffineTransform_float_3_3
Parameters: 0.999998 0.00131693 -0.00137191 -0.00132107 0.999994 -0.00296719 0.00136809 0.00296881 0.999994 0.0471225 0.21761 -0.346081
FixedParameters: 0 0 0

#Transform 83
Transform: AffineTransform_float_3_3
Parameters: 0.999998 0.00128303 -0.00143456 -0.00128697 0.999996 -0.00277016 0.00143144 0.00277184 0.999995 0.0475195 0.220335 -0.328759
FixedParameters: 0 0 0

#Transform 84
Transform: AffineTransform_float_3_3
Parameters: 0.999999 0.00118801 -0.00133955 -0.00119199 0.999995 -0.00298441 0.00133545 0.00298559 0.999994 0.0484261 0.241184 -0.304279
FixedParameters: 0 0 0

#Transform 85
Transform: AffineTransform_float_3_3
Parameters: 0.999999 0.00122693 -0.00134273 -0.00123107 0.999994 -0.00303135 0.00133927 0.00303365 0.999995 0.0389461 0.236745 -0.302876
FixedParameters: 0 0 0

#Transform 86
Transform: AffineTransform_float_3_3
Parameters: 0.999998 0.00108316 -0.00173603 -0.00108784 0.999995 -0.00279011 0.00173297 0.00279188 0.999994 0.0606764 0.236824 -0.303232
FixedParameters: 0 0 0

#Transform 87
Transform: AffineTransform_float_3_3
Parameters: 0.999999 0.00121563 -0.00137986 -0.00121937 0.999994 -0.00316932 0.00137514 0.00317068 0.999994 0.0499869 0.255842 -0.311881
FixedParameters: 0 0 0

#Transform 88
Transform: AffineTransform_float_3_3
Parameters: 0.999998 0.00107151 -0.00116423 -0.00107449 0.999995 -0.00300475 0.00116078 0.00300625 0.999995 0.0350642 0.243341 -0.324462
FixedParameters: 0 0 0

#Transform 89
Transform: AffineTransform_float_3_3
Parameters: 0.999999 0.000942075 -0.00120009 -0.000945924 0.999994 -0.00327387 0.00119691 0.00327513 0.999994 0.0413427 0.262738 -0.36333
FixedParameters: 0 0 0

#Transform 90
Transform: AffineTransform_float_3_3
Parameters: 0.999998 0.00125529 -0.00153088 -0.00125971 0.999994 -0.00308108 0.00152713 0.00308292 0.999994 0.0558225 0.271722 -0.33106
FixedParameters: 0 0 0

#Transform 91
Transform: AffineTransform_float_3_3
Parameters: 0.999998 0.00145123 -0.0013113 -0.00145577 0.999993 -0.0036471 0.0013057 0.0036489 0.999993 0.0441979 0.256602 -0.325542
FixedParameters: 0 0 0

#Transform 92
Transform: AffineTransform_float_3_3
Parameters: 0.999999 0.00128274 -0.00125537 -0.00128726 0.999994 -0.00340239 0.00125063 0.00340461 0.999994 0.0364725 0.262549 -0.341558
FixedParameters: 0 0 0

#Transform 93
Transform: AffineTransform_float_3_3
Parameters: 0.999997 0.00131464 -0.00173707 -0.00132036 0.999995 -0.00308971 0.00173293 0.00309229 0.999993 0.0738692 0.268337 -0.309014
FixedParameters: 0 0 0

#Transform 94
Transform: AffineTransform_float_3_3
Parameters: 0.999998 0.00140908 -0.00129139 -0.00141392 0.999991 -0.00381418 0.00128662 0.00381582 0.999992 0.0421305 0.27201 -0.327835
FixedParameters: 0 0 0

#Transform 95
Transform: AffineTransform_float_3_3
Parameters: 0.999999 0.00125195 -0.0013757 -0.00125505 0.999995 -0.00294728 0.0013723 0.00294972 0.999994 0.0595862 0.258696 -0.325976
FixedParameters: 0 0 0

#Transform 96
Transform: AffineTransform_float_3_3
Parameters: 0.999997 0.00134524 -0.00173747 -0.00135076 0.999993 -0.00331766 0.00173353 0.00332034 0.999993 0.0582796 0.263665 -0.336234
FixedParameters: 0 0 0

#Transform 97
Transform: AffineTransform_float_3_3
Parameters: 0.999998 0.00137264 -0.00153182 -0.00137736 0.999993 -0.0035029 0.00152718 0.0035051 0.999992 0.0507068 0.265113 -0.351806
FixedParameters: 0 0 0

#Transform 98
Transform: AffineTransform_float_3_3
Parameters: 0.999998 0.00144538 -0.00154533 -0.00144962 0.999995 -0.00299277 0.00154067 0.00299424 0.999995 0.0674357 0.26568 -0.318735
FixedParameters: 0 0 0

#Transform 99
Transform: AffineTransform_float_3_3
Parameters: 0.999998 0.0012243 -0.00151182 -0.0012287 0.999995 -0.00310915 0.00150819 0.00311085 0.999994 0.0628575 0.270182 -0.332782
FixedParameters: 0 0 0

#Transform 100
Transform: AffineTransform_float_3_3
Parameters: 0.999998 0.0013165 -0.00140822 -0.0013205 0.999994 -0.00319715 0.00140478 0.00319886 0.999994 0.0564385 0.260188 -0.333859
FixedParameters: 0 0 0

#Transform 101
Transform: AffineTransform_float_3_3
Parameters: 0.999997 0.00133883 -0.00166916 -0.00134317 0.999995 -0.00309977 0.00166484 0.00310224 0.999994 0.0551967 0.270075 -0.331005
FixedParameters: 0 0 0

#Transform 102
Transform: AffineTransform_float_3_3
Parameters: 0.999998 0.00130133 -0.00150704 -0.00130567 0.999995 -0.00310004 0.00150296 0.00310196 0.999994 0.0560483 0.2588 -0.312145
FixedParameters: 0 0 0

#Transform 103
Transform: AffineTransform_float_3_3
Parameters: 0.999998 0.00145438 -0.00173856 -0.00146062 0.999991 -0.00381347 0.00173344 0.00381653 0.999991 0.0619714 0.25407 -0.325002
FixedParameters: 0 0 0

#Transform 104
Transform: AffineTransform_float_3_3
Parameters: 0.999998 0.0014427 -0.00173742 -0.00144731 0.999995 -0.00305449 0.00173359 0.00305651 0.999994 0.0637382 0.241443 -0.318029
FixedParameters: 0 0 0

#Transform 105
Transform: AffineTransform_float_3_3
Parameters: 0.999997 0.00142284 -0.00173723 -0.00142816 0.999994 -0.00296953 0.00173376 0.00297247 0.999994 0.0742169 0.251576 -0.313826
FixedParameters: 0 0 0

#Transform 106
Transform: AffineTransform_float_3_3
Parameters: 0.999998 0.00144414 -0.00173789 -0.00144987 0.999993 -0.00337749 0.00173311 0.00338051 0.999993 0.068229 0.256231 -0.331174
FixedParameters: 0 0 0

#Transform 107
Transform: AffineTransform_float_3_3
Parameters: 0.999998 0.00144923 -0.00173783 -0.00145478 0.999994 -0.00332548 0.00173317 0.00332852 0.999993 0.0709411 0.254095 -0.313718
FixedParameters: 0 0 0

#Transform 108
Transform: AffineTransform_float_3_3
Parameters: 0.999997 0.00134134 -0.00165959 -0.00134666 0.999994 -0.00341477 0.00165541 0.00341723 0.999993 0.0723562 0.24993 -0.304475
FixedParameters: 0 0 0

#Transform 109
Transform: AffineTransform_float_3_3
Parameters: 0.999998 0.00144729 -0.00150053 -0.00145271 0.999991 -0.00381383 0.00149547 0.00381617 0.999991 0.0636033 0.269759 -0.315397
FixedParameters: 0 0 0

#Transform 110
Transform: AffineTransform_float_3_3
Parameters: 0.999998 0.00143325 -0.00175771 -0.00143875 0.999993 -0.00327548 0.0017533 0.00327752 0.999993 0.0742375 0.234809 -0.315615
FixedParameters: 0 0 0

#Transform 111
Transform: AffineTransform_float_3_3
Parameters: 0.999997 0.00141873 -0.00165951 -0.00142327 0.999994 -0.00317564 0.00165549 0.00317835 0.999993 0.0734112 0.250152 -0.300483
FixedParameters: 0 0 0

#Transform 112
Transform: AffineTransform_float_3_3
Parameters: 0.999997 0.00151096 -0.00166948 -0.00151704 0.999993 -0.00362048 0.00166451 0.00362353 0.999992 0.0692134 0.261008 -0.327208
FixedParameters: 0 0 0

#Transform 113
Transform: AffineTransform_float_3_3
Parameters: 0.999998 0.00149588 -0.00121808 -0.00150012 0.999993 -0.00339018 0.00121292 0.00339182 0.999993 0.0538315 0.247419 -0.31745
FixedParameters: 0 0 0

#Transform 114
Transform: AffineTransform_float_3_3
Parameters: 0.999997 0.00149977 -0.00166373 -0.00150523 0.999994 -0.0031485 0.00165827 0.00315049 0.999993 0.0753539 0.259733 -0.308651
FixedParameters: 0 0 0

#Transform 115
Transform: AffineTransform_float_3_3
Parameters: 0.999998 0.00150086 -0.00121812 -0.00150514 0.999993 -0.00340317 0.00121288 0.00340483 0.999993 0.0584989 0.256581 -0.310955
FixedParameters: 0 0 0

#Transform 116
Transform: AffineTransform_float_3_3
Parameters: 0.999997 0.00150984 -0.0016288 -0.00151516 0.999994 -0.00317254 0.0016232 0.00317546 0.999993 0.0724057 0.239882 -0.304737
FixedParameters: 0 0 0

#Transform 117
Transform: AffineTransform_float_3_3
Parameters: 0.999997 0.00148719 -0.00194645 -0.00149281 0.999995 -0.0029861 0.00194155 0.0029889 0.999993 0.0894499 0.256044 -0.290067
FixedParameters: 0 0 0

#Transform 118
Transform: AffineTransform_float_3_3
Parameters: 0.999997 0.00146283 -0.0016486 -0.00146817 0.999994 -0.00313959 0.0016434 0.00314141 0.999993 0.0778334 0.262286 -0.281981
FixedParameters: 0 0 0

#Transform 119
Transform: AffineTransform_float_3_3
Parameters: 0.999998 0.00156411 -0.00173333 -0.00156989 0.999993 -0.00340229 0.00172867 0.00340471 0.999992 0.0730283 0.265889 -0.289982
FixedParameters: 0 0 0

#Transform 120
Transform: AffineTransform_float_3_3
Parameters: 0.999997 0.00146844 -0.00188371 -0.00147656 0.999988 -0.00455223 0.00187729 0.00455577 0.999988 0.0835925 0.326287 -0.29633
FixedParameters: 0 0 0

#Transform 121
Transform: AffineTransform_float_3_3
Parameters: 0.999997 0.00136383 -0.00172888 -0.00137017 0.999992 -0.00357264 0.00172411 0.00357436 0.999992 0.074953 0.292291 -0.297957
FixedParameters: 0 0 0

#Transform 122
Transform: AffineTransform_float_3_3
Parameters: 0.999997 0.00146018 -0.00187811 -0.00146782 0.99999 -0.00417025 0.00187189 0.00417274 0.999989 0.0778701 0.30182 -0.302143
FixedParameters: 0 0 0

#Transform 123
Transform: AffineTransform_float_3_3
Parameters: 0.999998 0.00107404 -0.0012165 -0.00107795 0.999994 -0.00325469 0.0012125 0.00325631 0.999994 0.056241 0.277243 -0.28311
FixedParameters: 0 0 0

#Transform 124
Transform: AffineTransform_float_3_3
Parameters: 0.999998 0.00104129 -0.00166159 -0.00104771 0.999993 -0.00343926 0.0016584 0.00344173 0.999992 0.0682883 0.288916 -0.260874
FixedParameters: 0 0 0

#Transform 125
Transform: AffineTransform_float_3_3
Parameters: 0.999998 0.000964434 -0.00161933 -0.000969564 0.999993 -0.00343943 0.00161567 0.00344156 0.999993 0.064593 0.285514 -0.261967
FixedParameters: 0 0 0

#Transform 126
Transform: AffineTransform_float_3_3
Parameters: 0.999998 0.000722724 -0.00153449 -0.000728273 0.999994 -0.00343989 0.0015315 0.00344111 0.999993 0.0412857 0.270166 -0.330883
FixedParameters: 0 0 0

#Transform 127
Transform: AffineTransform_float_3_3
Parameters: 0.999998 0.00042151 -0.00153124 -0.000426488 0.999995 -0.00293235 0.00152975 0.00293365 0.999994 0.0500742 0.26779 -0.30454
FixedParameters: 0 0 0

#Transform 128
Transform: AffineTransform_float_3_3
Parameters: 0.999999 0.000541171 -0.00121471 -0.000544826 0.999995 -0.00315334 0.00121229 0.00315466 0.999995 0.0374108 0.258486 -0.315268
FixedParameters: 0 0 0

#Transform 129
Transform: AffineTransform_float_3_3
Parameters: 0.999999 0.000579556 -0.00140085 -0.000584444 0.999995 -0.00317418 0.00139915 0.00317481 0.999994 0.0409561 0.249831 -0.288662
FixedParameters: 0 0 0

#Transform 130
Transform: AffineTransform_float_3_3
Parameters: 0.999999 0.000600012 -0.0013318 -0.000603989 0.999996 -0.0029962 0.0013302 0.0029968 0.999994 0.0399733 0.254481 -0.290053
FixedParameters: 0 0 0

#Transform 131
Transform: AffineTransform_float_3_3
Parameters: 0.999999 0.000580834 -0.00121452 -0.000584164 0.999997 -0.00260729 0.00121248 0.00260871 0.999996 0.045109 0.274671 -0.269178
FixedParameters: 0 0 0

#Transform 132
Transform: AffineTransform_float_3_3
Parameters: 0.999999 0.000603534 -0.00121473 -0.000607464 0.999995 -0.00285526 0.00121227 0.00285573 0.999995 0.0394109 0.260058 -0.242384
FixedParameters: 0 0 0

#Transform 133
Transform: AffineTransform_float_3_3
Parameters: 0.999999 0.000591157 -0.00135468 -0.000594844 0.999996 -0.0028382 0.00135332 0.0028388 0.999995 0.0515076 0.241441 -0.239263
FixedParameters: 0 0 0

#Transform 134
Transform: AffineTransform_float_3_3
Parameters: 0.999999 0.000544777 -0.00121445 -0.000548222 0.999997 -0.00265534 0.00121255 0.00265566 0.999995 0.036213 0.23057 -0.262958
FixedParameters: 0 0 0

#Transform 135
Transform: AffineTransform_float_3_3
Parameters: 0.999999 0.00068288 -0.00121532 -0.000686118 0.999994 -0.00339217 0.00121268 0.00339383 0.999993 0.0439624 0.251747 -0.26077
FixedParameters: 0 0 0

#Transform 136
Transform: AffineTransform_float_3_3
Parameters: 0.999999 0.000576783 -0.00139575 -0.000581215 0.999996 -0.00302319 0.00139325 0.00302381 0.999995 0.0475745 0.235512 -0.273287
FixedParameters: 0 0 0

#Transform 137
Transform: AffineTransform_float_3_3
Parameters: 0.999999 0.000658964 -0.00128508 -0.000663035 0.999995 -0.00314215 0.00128292 0.00314385 0.999994 0.05339 0.26992 -0.257933
FixedParameters: 0 0 0

#Transform 138
Transform: AffineTransform_float_3_3
Parameters: 0.999999 0.000588086 -0.0012149 -0.000591914 0.999994 -0.00322328 0.0012131 0.00322472 0.999994 0.0373051 0.273264 -0.269552
FixedParameters: 0 0 0

#Transform 139
Transform: AffineTransform_float_3_3
Parameters: 0.999999 0.000650624 -0.00133514 -0.000655376 0.999995 -0.00328013 0.00133286 0.00328087 0.999993 0.0526493 0.262095 -0.273232
FixedParameters: 0 0 0

#Transform 140
Transform: AffineTransform_float_3_3
Parameters: 1 0.000112368 -0.000427432 -0.000114631 0.999992 -0.00382095 0.000426565 0.00382105 0.999992 0.0186665 0.270218 -0.371388
FixedParameters: 0 0 0

#Transform 141
Transform: AffineTransform_float_3_3
Parameters: 1 0.000315556 -0.000550408 -0.000318442 0.99999 -0.00444483 0.00054859 0.00444517 0.99999 0.061714 0.283541 -0.362806
FixedParameters: 0 0 0

#Transform 142
Transform: AffineTransform_float_3_3
Parameters: 1 0.000172443 -0.000594748 -0.000175558 0.99999 -0.0043019 0.00059425 0.0043021 0.999991 0.0641516 0.269395 -0.376173
FixedParameters: 0 0 0

#Transform 143
Transform: AffineTransform_float_3_3
Parameters: 1 -5.05354e-05 -0.000627801 4.84637e-05 0.999992 -0.00403803 0.0006282 0.00403797 0.999991 0.0498171 0.294933 -0.36251
FixedParameters: 0 0 0

#Transform 144
Transform: AffineTransform_float_3_3
Parameters: 0.999999 0.000510129 -0.000618379 -0.000512869 0.999989 -0.00465068 0.000615621 0.00465132 0.999989 0.0572674 0.293328 -0.391589
FixedParameters: 0 0 0

#Transform 145
Transform: AffineTransform_float_3_3
Parameters: 0.999999 0.000332753 -0.00121445 -0.000338245 0.99999 -0.00432259 0.00121255 0.0043234 0.99999 0.0780474 0.27491 -0.361975
FixedParameters: 0 0 0

#Transform 146
Transform: AffineTransform_float_3_3
Parameters: 0.999999 0.000360878 -0.000715583 -0.000364124 0.999991 -0.00436774 0.000714416 0.00436826 0.99999 0.065405 0.299532 -0.361362
FixedParameters: 0 0 0

#Transform 147
Transform: AffineTransform_float_3_3
Parameters: 0.999999 0.000521884 -0.000643539 -0.000525113 0.999988 -0.00485066 0.00064046 0.00485134 0.999988 0.0609057 0.294863 -0.388349
FixedParameters: 0 0 0

#Transform 148
Transform: AffineTransform_float_3_3
Parameters: 0.999999 0.000368766 -0.000769557 -0.000371231 0.999991 -0.00420572 0.000767445 0.00420628 0.999991 0.058956 0.288723 -0.361516
FixedParameters: 0 0 0

#Transform 149
Transform: AffineTransform_float_3_3
Parameters: 0.999999 0.000279476 -0.000758308 -0.000282522 0.999989 -0.00465079 0.000756694 0.00465121 0.999989 0.0645 0.305985 -0.332386
FixedParameters: 0 0 0

#Transform 150
Transform: AffineTransform_float_3_3
Parameters: 0.999999 0.000417113 -0.000656842 -0.000419883 0.99999 -0.00440073 0.000654158 0.00440128 0.99999 0.0589661 0.291345 -0.379778
FixedParameters: 0 0 0

#Transform 151
Transform: AffineTransform_float_3_3
Parameters: 1 0.000446179 -0.000843034 -0.000449821 0.999989 -0.00453762 0.000840968 0.00453838 0.99999 0.0618102 0.291444 -0.37653
FixedParameters: 0 0 0

#Transform 152
Transform: AffineTransform_float_3_3
Parameters: 0.999999 0.000420807 -0.00121481 -0.000426189 0.999991 -0.00427749 0.00121219 0.00427851 0.99999 0.0840184 0.303482 -0.359611
FixedParameters: 0 0 0

#Transform 153
Transform: AffineTransform_float_3_3
Parameters: 0.999999 0.000553026 -0.000640579 -0.000555975 0.999989 -0.00465065 0.000638421 0.00465135 0.999989 0.0645538 0.297245 -0.380588
FixedParameters: 0 0 0

#Transform 154
Transform: AffineTransform_float_3_3
Parameters: 0.999999 0.000372141 -0.000627704 -0.000374859 0.999989 -0.00455977 0.000626297 0.00456023 0.99999 0.0586204 0.282315 -0.383697
FixedParameters: 0 0 0

#Transform 155
Transform: AffineTransform_float_3_3
Parameters: 1 0.000386423 -0.000993792 -0.000391578 0.99999 -0.00460961 0.000992206 0.00461039 0.999989 0.0735982 0.311952 -0.367811
FixedParameters: 0 0 0

#Transform 156
Transform: AffineTransform_float_3_3
Parameters: 0.999999 0.000322055 -0.000804589 -0.000326941 0.999988 -0.00490674 0.000802405 0.00490726 0.999987 0.0621501 0.306212 -0.376337
FixedParameters: 0 0 0

#Transform 157
Transform: AffineTransform_float_3_3
Parameters: 0.999999 0.000519078 -0.000775639 -0.000522923 0.999987 -0.0050646 0.000773361 0.0050654 0.999987 0.0688109 0.279567 -0.376675
FixedParameters: 0 0 0

#Transform 158
Transform: AffineTransform_float_3_3
Parameters: 0.999999 0.000525203 -0.000584526 -0.0005278 0.999989 -0.0047957 0.000582476 0.00479531 0.999989 0.0596819 0.28448 -0.377591
FixedParameters: 0 0 0

#Transform 159
Transform: AffineTransform_float_3_3
Parameters: 1 0.000527666 -0.00109758 -0.000533336 0.999988 -0.00486542 0.00109542 0.00486558 0.999987 0.0734135 0.30619 -0.412453
FixedParameters: 0 0 0
