#Insight Transform File V1.0
#Transform 0
Transform: AffineTransform_float_3_3
Parameters: 1 -4.8034e-08 0.000511 -4.8034e-08 1 9.4e-05 -0.000511 -9.4e-05 1 0.0043902 -0.0141888 -0.218383
FixedParameters: 0 0 0

#Transform 1
Transform: AffineTransform_float_3_3
Parameters: 1 9.1e-05 7.098e-09 -9.1e-05 1 7.8e-05 7.098e-09 -7.8e-05 1 -0.0503846 0.0365702 -0.120292
FixedParameters: 0 0 0

#Transform 2
Transform: AffineTransform_float_3_3
Parameters: 1 0.000516 7.6368e-08 -0.000516 1 0.000148 7.6368e-08 -0.000148 1 -0.0460531 0.0891446 -0.155381
FixedParameters: 0 0 0

#Transform 3
Transform: AffineTransform_float_3_3
Parameters: 1 0.000521 -7.9192e-08 -0.000521 1 -0.000152 -7.9192e-08 0.000152 1 -0.0405502 0.0982151 -0.204149
FixedParameters: 0 0 0

#Transform 4
Transform: AffineTransform_float_3_3
Parameters: 1 0.000386 2.509e-08 -0.000386 1 6.5e-05 2.509e-08 -6.5e-05 1 -0.0473827 0.085354 -0.162551
FixedParameters: 0 0 0

#Transform 5
Transform: AffineTransform_float_3_3
Parameters: 1 0.000387932 0.000472056 -0.000388068 1 0.000143817 -0.000471944 -0.000144183 1 -0.0443951 0.115814 -0.191935
FixedParameters: 0 0 0

#Transform 6
Transform: AffineTransform_float_3_3
Parameters: 1 0.000457983 0.000202038 -0.000458017 1 8.39075e-05 -0.000201961 -8.40925e-05 1 -0.0489441 0.0680403 -0.241443
FixedParameters: 0 0 0

#Transform 7
Transform: AffineTransform_float_3_3
Parameters: 1 0.000438999 0.000523001 -0.000439001 1 1.7704e-06 -0.000522999 -2.2296e-06 1 -0.03128 0.0994166 -0.163246
FixedParameters: 0 0 0

#Transform 8
Transform: AffineTransform_float_3_3
Parameters: 1 0.000382999 0.000472001 -0.000383001 1 1.81922e-06 -0.000471999 -2.18078e-06 1 -0.03706 0.051374 -0.170662
FixedParameters: 0 0 0

#Transform 9
Transform: AffineTransform_float_3_3
Parameters: 0.999999 0.000325238 0.000841907 -0.000324761 1 -0.000283273 -0.000842091 0.000282726 0.999999 -0.0345168 0.0400389 -0.162267
FixedParameters: 0 0 0

#Transform 10
Transform: AffineTransform_float_3_3
Parameters: 0.999999 0.000524481 0.00141608 -0.000522519 0.999999 -0.00175174 -0.00141692 0.00175126 0.999998 -0.0406629 0.0614698 -0.221662
FixedParameters: 0 0 0

#Transform 11
Transform: AffineTransform_float_3_3
Parameters: 1 0.000531147 0.00108747 -0.000527851 0.999995 -0.00289258 -0.00108953 0.00289142 0.999995 -0.0181892 0.00672567 -0.146109
FixedParameters: 0 0 0

#Transform 12
Transform: AffineTransform_float_3_3
Parameters: 0.999999 0.000578663 0.00163736 -0.000574335 0.999996 -0.00284694 -0.00163964 0.00284605 0.999994 -0.00962538 0.0428404 -0.101762
FixedParameters: 0 0 0

#Transform 13
Transform: AffineTransform_float_3_3
Parameters: 0.999998 0.000537101 0.00163701 -0.000530899 0.999993 -0.00372487 -0.00163899 0.00372412 0.999991 -0.0294102 0.00897851 -0.18877
FixedParameters: 0 0 0

#Transform 14
Transform: AffineTransform_float_3_3
Parameters: 0.999998 0.000707206 0.00196907 -0.000698794 0.999991 -0.00416539 -0.00197193 0.00416362 0.99999 -0.021799 0.0285113 -0.185383
FixedParameters: 0 0 0

#Transform 15
Transform: AffineTransform_float_3_3
Parameters: 0.999998 0.000964019 0.00163371 -0.000954981 0.999985 -0.00551157 -0.00163929 0.00551043 0.999984 -0.0133563 -0.00667358 -0.219267
FixedParameters: 0 0 0

#Transform 16
Transform: AffineTransform_float_3_3
Parameters: 0.999998 0.000688292 0.00217778 -0.000677708 0.999988 -0.00472249 -0.00218123 0.00472151 0.999987 -0.0145649 0.000998084 -0.162824
FixedParameters: 0 0 0

#Transform 17
Transform: AffineTransform_float_3_3
Parameters: 0.999997 0.000892949 0.00250808 -0.000879052 0.999984 -0.00555723 -0.00251292 0.00555478 0.999982 -0.000451967 0.00328045 -0.19625
FixedParameters: 0 0 0

#Transform 18
Transform: AffineTransform_float_3_3
Parameters: 0.999997 0.000880396 0.00222413 -0.000868606 0.999984 -0.00556795 -0.00222887 0.00556605 0.999982 -0.00973764 -0.0285466 -0.178443
FixedParameters: 0 0 0

#Transform 19
Transform: AffineTransform_float_3_3
Parameters: 0.999996 0.00105627 0.00236111 -0.00104273 0.999983 -0.00561348 -0.00236789 0.00561152 0.999982 0.0015016 -0.00887936 -0.14868
FixedParameters: 0 0 0

#Transform 20
Transform: AffineTransform_float_3_3
Parameters: 0.999996 0.00112663 0.00259642 -0.00110838 0.999977 -0.00677991 -0.00260357 0.00677709 0.999973 -0.008987 -0.0690758 -0.16228
FixedParameters: 0 0 0

#Transform 21
Transform: AffineTransform_float_3_3
Parameters: 0.999996 0.00115163 0.00260267 -0.00112838 0.999959 -0.00906197 -0.00261233 0.00905903 0.999955 0.0108025 -0.0220688 -0.109031
FixedParameters: 0 0 0

#Transform 22
Transform: AffineTransform_float_3_3
Parameters: 0.999997 0.00147719 0.00192543 -0.00145781 0.999949 -0.00992883 -0.00194057 0.00992516 0.999949 0.00485588 -0.0572892 -0.142382
FixedParameters: 0 0 0

#Transform 23
Transform: AffineTransform_float_3_3
Parameters: 0.999996 0.00151824 0.00233881 -0.00149277 0.999941 -0.0107555 -0.00235419 0.0107525 0.99994 0.0106651 -0.0446287 -0.0767893
FixedParameters: 0 0 0

#Transform 24
Transform: AffineTransform_float_3_3
Parameters: 0.999996 0.00187746 0.00232921 -0.00184555 0.999902 -0.0138604 -0.0023548 0.0138556 0.999901 0.0252095 -0.0768921 -0.0793674
FixedParameters: 0 0 0

#Transform 25
Transform: AffineTransform_float_3_3
Parameters: 0.999996 0.00148046 0.00233411 -0.00144654 0.999897 -0.0142724 -0.00235488 0.0142686 0.999896 0.0172183 -0.111983 -0.121294
FixedParameters: 0 0 0

#Transform 26
Transform: AffineTransform_float_3_3
Parameters: 0.999991 0.000373732 0.0042079 -0.000311264 0.999889 -0.0148994 -0.00421311 0.0148976 0.99988 0.0384762 -0.0597807 -0.0570242
FixedParameters: 0 0 0

#Transform 27
Transform: AffineTransform_float_3_3
Parameters: 0.999979 0.000679353 0.00653322 -0.000651646 0.999991 -0.00418835 -0.00653579 0.00418365 0.99997 0.00286985 0.0192482 -0.154226
FixedParameters: 0 0 0

#Transform 28
Transform: AffineTransform_float_3_3
Parameters: 0.999986 0.00066566 0.00520556 -0.000630342 0.999977 -0.00684938 -0.00520944 0.00684563 0.999963 0.0498974 -0.0155774 -0.0737835
FixedParameters: 0 0 0

#Transform 29
Transform: AffineTransform_float_3_3
Parameters: 0.99999 0.00113331 0.00427776 -0.0010897 0.999949 -0.0101128 -0.00428824 0.0101072 0.999939 0.0407035 -0.0752198 -0.0341898
FixedParameters: 0 0 0

#Transform 30
Transform: AffineTransform_float_3_3
Parameters: 0.999989 0.0019552 0.00423251 -0.00188079 0.999845 -0.0174642 -0.00426649 0.0174559 0.999839 0.0603497 -0.111562 0.246708
FixedParameters: 0 0 0

#Transform 31
Transform: AffineTransform_float_3_3
Parameters: 0.999988 0.00224936 0.00436817 -0.00215664 0.999771 -0.0212617 -0.00441484 0.0212523 0.999765 0.0815156 -0.140646 0.112842
FixedParameters: 0 0 0

#Transform 32
Transform: AffineTransform_float_3_3
Parameters: 0.999988 0.00265854 0.00415562 -0.00256445 0.999747 -0.0223539 -0.00421436 0.0223431 0.999741 0.080366 -0.156979 0.125321
FixedParameters: 0 0 0

#Transform 33
Transform: AffineTransform_float_3_3
Parameters: 0.999987 0.00285587 0.00427928 -0.00275812 0.999739 -0.0227041 -0.00434372 0.0226919 0.999733 0.0766367 -0.127649 0.158128
FixedParameters: 0 0 0

#Transform 34
Transform: AffineTransform_float_3_3
Parameters: 0.999986 0.00286849 0.00455223 -0.00275852 0.999706 -0.0240949 -0.00461979 0.0240821 0.9997 0.0762568 -0.161915 0.117928
FixedParameters: 0 0 0

#Transform 35
Transform: AffineTransform_float_3_3
Parameters: 0.999989 0.0026987 0.00380593 -0.00260529 0.999705 -0.0241562 -0.00387005 0.0241458 0.999701 0.0718935 -0.16963 0.187132
FixedParameters: 0 0 0

#Transform 36
Transform: AffineTransform_float_3_3
Parameters: 0.999987 0.00344181 0.00380972 -0.00334518 0.999679 -0.0251331 -0.00389528 0.0251199 0.999677 0.0791109 -0.163902 0.136047
FixedParameters: 0 0 0

#Transform 37
Transform: AffineTransform_float_3_3
Parameters: 0.999985 0.00345616 0.0041039 -0.00334484 0.999636 -0.0267911 -0.00419509 0.0267779 0.999632 0.0753105 -0.237681 0.080908
FixedParameters: 0 0 0

#Transform 38
Transform: AffineTransform_float_3_3
Parameters: 0.99998 0.0036036 0.00516737 -0.00343738 0.999492 -0.0317064 -0.00527961 0.0316876 0.999484 0.131879 -0.277218 0.402987
FixedParameters: 0 0 0

#Transform 39
Transform: AffineTransform_float_3_3
Parameters: 0.99998 0.00304714 0.00543509 -0.00287886 0.999525 -0.0306803 -0.0055259 0.0306638 0.999515 0.117733 -0.270866 0.209646
FixedParameters: 0 0 0

#Transform 40
Transform: AffineTransform_float_3_3
Parameters: 0.999981 0.00310378 0.00543516 -0.00293922 0.999543 -0.0300686 -0.00552585 0.0300514 0.999533 0.119021 -0.270644 0.301671
FixedParameters: 0 0 0

#Transform 41
Transform: AffineTransform_float_3_3
Parameters: 0.99998 0.000878526 0.00628317 -0.000764475 0.999837 -0.0180482 -0.00629782 0.0180428 0.999818 0.0694116 -0.120625 0.103442
FixedParameters: 0 0 0

#Transform 42
Transform: AffineTransform_float_3_3
Parameters: 0.999958 -0.00113662 0.00903421 0.00126538 0.999897 -0.0143282 -0.00901678 0.0143388 0.999856 0.0906915 -0.078516 0.327257
FixedParameters: 0 0 0

#Transform 43
Transform: AffineTransform_float_3_3
Parameters: 0.999858 -0.000951578 0.0168159 0.00117243 0.999914 -0.0131031 -0.0168021 0.0131209 0.999772 0.228647 -0.110745 0.438351
FixedParameters: 0 0 0

#Transform 44
Transform: AffineTransform_float_3_3
Parameters: 0.999854 0.000528873 0.0170692 -0.000221124 0.999839 -0.0179744 -0.0170767 0.0179686 0.999692 0.192087 -0.278956 -0.129041
FixedParameters: 0 0 0

#Transform 45
Transform: AffineTransform_float_3_3
Parameters: 0.99995 0.0020502 0.00979897 -0.0017778 0.999615 -0.0277068 -0.00985202 0.0276882 0.999568 0.145356 -0.232723 0.0854863
FixedParameters: 0 0 0

#Transform 46
Transform: AffineTransform_float_3_3
Parameters: 0.999966 0.00257961 0.00780141 -0.0023424 0.999537 -0.0303153 -0.00787561 0.0302957 0.99951 0.144163 -0.279242 0.115702
FixedParameters: 0 0 0

#Transform 47
Transform: AffineTransform_float_3_3
Parameters: 0.999968 0.00277355 0.00757958 -0.00254345 0.999539 -0.0302583 -0.00766045 0.0302387 0.999514 0.151554 -0.291583 0.109064
FixedParameters: 0 0 0

#Transform 48
Transform: AffineTransform_float_3_3
Parameters: 0.999969 0.00257231 0.00736332 -0.0023537 0.999562 -0.0295052 -0.00743565 0.0294868 0.999537 0.152494 -0.233927 0.153415
FixedParameters: 0 0 0

#Transform 49
Transform: AffineTransform_float_3_3
Parameters: 0.999971 0.0024848 0.00728423 -0.00227018 0.999566 -0.0293494 -0.00735478 0.0293326 0.999542 0.138276 -0.207111 0.154859
FixedParameters: 0 0 0

#Transform 50
Transform: AffineTransform_float_3_3
Parameters: 0.999971 0.00208805 0.00729535 -0.00187094 0.999559 -0.0296325 -0.00735466 0.0296185 0.999534 0.115659 -0.259284 0.0832081
FixedParameters: 0 0 0

#Transform 51
Transform: AffineTransform_float_3_3
Parameters: 0.999905 -0.00123283 0.0137193 0.00150517 0.999801 -0.0199193 -0.0136917 0.0199378 0.999708 0.147038 -0.203595 -0.405887
FixedParameters: 0 0 0

#Transform 52
Transform: AffineTransform_float_3_3
Parameters: 0.999966 0.00245627 0.00787493 -0.00221273 0.99952 -0.0308785 -0.0079471 0.0308605 0.999492 0.143459 -0.266581 -0.161634
FixedParameters: 0 0 0

#Transform 53
Transform: AffineTransform_float_3_3
Parameters: 0.999971 0.00239526 0.00719802 -0.00216774 0.999499 -0.0315535 -0.00727 0.0315375 0.999476 0.134459 -0.32146 -0.136062
FixedParameters: 0 0 0

#Transform 54
Transform: AffineTransform_float_3_3
Parameters: 0.999973 0.00221702 0.00698956 -0.00199896 0.999516 -0.0310468 -0.00705545 0.0310322 0.999494 0.135527 -0.280167 -0.0894413
FixedParameters: 0 0 0

#Transform 55
Transform: AffineTransform_float_3_3
Parameters: 0.999972 0.00233379 0.00718698 -0.00210621 0.9995 -0.031541 -0.00725703 0.031525 0.999476 0.134354 -0.269376 -0.112435
FixedParameters: 0 0 0

#Transform 56
Transform: AffineTransform_float_3_3
Parameters: 0.999973 0.00225141 0.00701908 -0.0020316 0.99951 -0.0312511 -0.00708593 0.0312369 0.999487 0.135336 -0.270016 -0.118853
FixedParameters: 0 0 0

#Transform 57
Transform: AffineTransform_float_3_3
Parameters: 0.999971 0.00248503 0.00718274 -0.00225896 0.999508 -0.0313071 -0.00725726 0.0312899 0.999484 0.135663 -0.277225 -0.129125
FixedParameters: 0 0 0

#Transform 58
Transform: AffineTransform_float_3_3
Parameters: 0.999971 0.00248812 0.00718167 -0.0022589 0.999493 -0.0317371 -0.00725633 0.0317199 0.999471 0.135379 -0.389509 -0.137282
FixedParameters: 0 0 0

#Transform 59
Transform: AffineTransform_float_3_3
Parameters: 0.999972 0.00272219 0.00699151 -0.00249979 0.999497 -0.0315944 -0.00707449 0.0315756 0.999477 0.160245 -0.303929 -0.01928
FixedParameters: 0 0 0

#Transform 60
Transform: AffineTransform_float_3_3
Parameters: 0.999974 0.00259891 0.00669854 -0.00238411 0.999489 -0.0318938 -0.00677747 0.0318772 0.999469 0.142574 -0.333673 -0.0682046
FixedParameters: 0 0 0

#Transform 61
Transform: AffineTransform_float_3_3
Parameters: 0.999975 0.00250598 0.00670926 -0.00229303 0.999499 -0.0315652 -0.00678475 0.0315498 0.999479 0.142021 -0.266732 -0.0406481
FixedParameters: 0 0 0

#Transform 62
Transform: AffineTransform_float_3_3
Parameters: 0.999979 0.00265692 0.00603469 -0.00245811 0.999467 -0.0325706 -0.00611729 0.0325545 0.999451 0.142101 -0.311381 -0.0508345
FixedParameters: 0 0 0

#Transform 63
Transform: AffineTransform_float_3_3
Parameters: 0.999975 0.00288801 0.00643296 -0.00267599 0.999461 -0.032725 -0.00652404 0.032707 0.999443 0.148886 -0.28623 -0.0109436
FixedParameters: 0 0 0

#Transform 64
Transform: AffineTransform_float_3_3
Parameters: 0.999975 0.00297777 0.00642752 -0.00276021 0.99943 -0.0336286 -0.00652448 0.0336094 0.999413 0.149403 -0.337844 -0.0495381
FixedParameters: 0 0 0

#Transform 65
Transform: AffineTransform_float_3_3
Parameters: 0.999972 0.00298481 0.00687475 -0.00275022 0.999421 -0.0339149 -0.00697126 0.0338951 0.999401 0.153616 -0.311711 0.07013
FixedParameters: 0 0 0

#Transform 66
Transform: AffineTransform_float_3_3
Parameters: 0.999971 0.00202189 0.00735987 -0.0017721 0.999427 -0.033803 -0.00742413 0.033789 0.999402 0.151005 -0.320323 -0.0118478
FixedParameters: 0 0 0

#Transform 67
Transform: AffineTransform_float_3_3
Parameters: 0.999962 0.000459879 0.00863102 -0.000198123 0.999541 -0.0303179 -0.00864098 0.0303152 0.999503 0.128012 -0.28883 0.00227162
FixedParameters: 0 0 0

#Transform 68
Transform: AffineTransform_float_3_3
Parameters: 0.999946 0.000993599 0.0103242 -0.000625415 0.999368 -0.0355473 -0.0103528 0.0355396 0.999314 0.153587 -0.365861 -0.0964441
FixedParameters: 0 0 0

#Transform 69
Transform: AffineTransform_float_3_3
Parameters: 0.999961 0.00183578 0.00864593 -0.00151921 0.999336 -0.0363905 -0.00870704 0.0363754 0.999301 0.157066 -0.382312 -0.111342
FixedParameters: 0 0 0

#Transform 70
Transform: AffineTransform_float_3_3
Parameters: 0.99996 0.00200639 0.00864076 -0.00169561 0.999359 -0.0357791 -0.00870723 0.035764 0.999323 0.157039 -0.311485 0.000389182
FixedParameters: 0 0 0

#Transform 71
Transform: AffineTransform_float_3_3
Parameters: 0.999965 0.00200413 0.00820526 -0.00170387 0.99933 -0.0365443 -0.00827278 0.0365287 0.999299 0.149051 -0.375235 -0.0855467
FixedParameters: 0 0 0

#Transform 72
Transform: AffineTransform_float_3_3
Parameters: 0.999958 0.0022226 0.00891121 -0.00189342 0.99932 -0.0368254 -0.0089868 0.0368076 0.999282 0.163162 -0.344301 0.0068473
FixedParameters: 0 0 0

#Transform 73
Transform: AffineTransform_float_3_3
Parameters: 0.999917 0.00115118 0.0128299 -0.000708815 0.999404 -0.0344939 -0.0128621 0.034482 0.999322 0.212989 -0.403818 -0.0701011
FixedParameters: 0 0 0

#Transform 74
Transform: AffineTransform_float_3_3
Parameters: 0.999938 0.00146208 0.0109907 -0.0011079 0.999483 -0.0321542 -0.0110323 0.0321399 0.999423 0.18508 -0.334997 0.0328492
FixedParameters: 0 0 0

#Transform 75
Transform: AffineTransform_float_3_3
Parameters: 0.999935 0.00192538 0.0111851 -0.0015226 0.999355 -0.0358713 -0.0112478 0.0358527 0.999294 0.18807 -0.348691 -0.0678816
FixedParameters: 0 0 0

#Transform 76
Transform: AffineTransform_float_3_3
Parameters: 0.999944 0.00196389 0.0104637 -0.0015901 0.999364 -0.0356216 -0.0105273 0.0356023 0.99931 0.175041 -0.369596 -0.0560237
FixedParameters: 0 0 0

#Transform 77
Transform: AffineTransform_float_3_3
Parameters: 0.999958 0.00203716 0.00899517 -0.00170484 0.999322 -0.0367819 -0.00906383 0.0367641 0.999283 0.181241 -0.335967 0.0614485
FixedParameters: 0 0 0

#Transform 78
Transform: AffineTransform_float_3_3
Parameters: 0.999952 0.00131181 0.00964786 -0.000962189 0.999345 -0.036173 -0.00968914 0.036162 0.999299 0.167145 -0.394315 0.0139038
FixedParameters: 0 0 0

#Transform 79
Transform: AffineTransform_float_3_3
Parameters: 0.999945 0.00264771 0.0100928 -0.00230331 0.999418 -0.0340141 -0.0101762 0.0339889 0.999371 0.146536 -0.276721 0.0326797
FixedParameters: 0 0 0

#Transform 80
Transform: AffineTransform_float_3_3
Parameters: 0.999947 0.00202556 0.0101129 -0.00167347 0.999398 -0.0346518 -0.0101761 0.0346332 0.999349 0.160614 -0.299541 0.258936
FixedParameters: 0 0 0

#Transform 81
Transform: AffineTransform_float_3_3
Parameters: 0.999945 0.00263155 0.0100849 -0.00224849 0.999285 -0.0377577 -0.0101761 0.0377333 0.999236 0.178337 -0.380382 0.0317681
FixedParameters: 0 0 0

#Transform 82
Transform: AffineTransform_float_3_3
Parameters: 0.999953 0.00230908 0.00947849 -0.00195395 0.999302 -0.0373003 -0.00955752 0.0372807 0.999259 0.180851 -0.3573 0.0629481
FixedParameters: 0 0 0

#Transform 83
Transform: AffineTransform_float_3_3
Parameters: 0.999953 0.0022939 0.00947603 -0.0019241 0.999242 -0.0388621 -0.00955797 0.0388419 0.999199 0.190335 -0.386091 -0.0303219
FixedParameters: 0 0 0

#Transform 84
Transform: AffineTransform_float_3_3
Parameters: 0.999957 0.00202795 0.00906127 -0.00168103 0.999271 -0.0381339 -0.00913273 0.0381171 0.999231 0.187966 -0.431211 -0.0293417
FixedParameters: 0 0 0

#Transform 85
Transform: AffineTransform_float_3_3
Parameters: 0.999951 0.0027379 0.00959028 -0.00236811 0.999264 -0.0382686 -0.0096877 0.0382434 0.999222 0.189314 -0.407308 -0.0159483
FixedParameters: 0 0 0

#Transform 86
Transform: AffineTransform_float_3_3
Parameters: 0.999955 0.00268481 0.00903224 -0.00232316 0.999203 -0.0398317 -0.00913275 0.0398092 0.999165 0.175266 -0.45815 -0.0220095
FixedParameters: 0 0 0

#Transform 87
Transform: AffineTransform_float_3_3
Parameters: 0.999947 0.00287185 0.009816 -0.00247315 0.999181 -0.0404064 -0.009924 0.0403796 0.999135 0.169216 -0.403432 0.0653106
FixedParameters: 0 0 0

#Transform 88
Transform: AffineTransform_float_3_3
Parameters: 0.999949 0.00298365 0.00962388 -0.00258735 0.999157 -0.040967 -0.00973814 0.04094 0.999114 0.172161 -0.411345 0.0322148
FixedParameters: 0 0 0

#Transform 89
Transform: AffineTransform_float_3_3
Parameters: 0.999953 0.0027405 0.00931263 -0.00236048 0.999176 -0.0405209 -0.00941635 0.0404971 0.999136 0.173231 -0.417095 0.032938
FixedParameters: 0 0 0

#Transform 90
Transform: AffineTransform_float_3_3
Parameters: 0.999953 0.00289519 0.00926538 -0.00251378 0.999161 -0.0408922 -0.0093766 0.0408668 0.99912 0.175226 -0.39624 0.0279091
FixedParameters: 0 0 0

#Transform 91
Transform: AffineTransform_float_3_3
Parameters: 0.999944 0.00279079 0.0101844 -0.00238523 0.999211 -0.0396405 -0.0102866 0.0396145 0.999162 0.163666 -0.433049 -0.0171725
FixedParameters: 0 0 0

#Transform 92
Transform: AffineTransform_float_3_3
Parameters: 0.999923 0.00228317 0.0121798 -0.00180983 0.999249 -0.038719 -0.0122592 0.038694 0.999176 0.224686 -0.410358 0.0296816
FixedParameters: 0 0 0

#Transform 93
Transform: AffineTransform_float_3_3
Parameters: 0.999929 0.00264769 0.0115676 -0.00218333 0.9992 -0.0399161 -0.0116634 0.0398879 0.999136 0.19542 -0.408849 -0.0145258
FixedParameters: 0 0 0

#Transform 94
Transform: AffineTransform_float_3_3
Parameters: 0.999935 0.00277918 0.0109906 -0.00234184 0.999213 -0.0395923 -0.0110914 0.0395637 0.999155 0.203252 -0.389115 -0.0174243
FixedParameters: 0 0 0

#Transform 95
Transform: AffineTransform_float_3_3
Parameters: 0.999942 0.00273327 0.0104745 -0.00231371 0.999203 -0.0398326 -0.0105755 0.0398064 0.999152 0.198328 -0.441863 -0.0855359
FixedParameters: 0 0 0

#Transform 96
Transform: AffineTransform_float_3_3
Parameters: 0.999898 0.00222863 0.0140657 -0.00175939 0.999446 -0.0332421 -0.0141313 0.0332139 0.999349 0.222624 -0.426393 -0.170486
FixedParameters: 0 0 0

#Transform 97
Transform: AffineTransform_float_3_3
Parameters: 0.999776 0.000578796 0.0211591 -2.92182e-05 0.999662 -0.0259744 -0.0211669 0.0259685 0.999438 0.378228 -0.284257 -0.505098
FixedParameters: 0 0 0

#Transform 98
Transform: AffineTransform_float_3_3
Parameters: 0.99976 0.000961172 0.0218599 -0.000364864 0.999629 -0.0272595 -0.0218771 0.0272455 0.99939 0.311789 -0.259206 -0.192173
FixedParameters: 0 0 0

#Transform 99
Transform: AffineTransform_float_3_3
Parameters: 0.999831 0.00211667 0.0182498 -0.00140933 0.99925 -0.0387022 -0.0183182 0.0386707 0.999084 0.294212 -0.442315 -0.158842
FixedParameters: 0 0 0

#Transform 100
Transform: AffineTransform_float_3_3
Parameters: 0.99984 0.00221852 0.0177768 -0.00153246 0.999258 -0.0384844 -0.0178492 0.0384506 0.999101 0.301264 -0.4116 -0.131269
FixedParameters: 0 0 0

#Transform 101
Transform: AffineTransform_float_3_3
Parameters: 0.999857 0.00325209 0.016595 -0.00259692 0.999223 -0.0393447 -0.01671 0.0392963 0.999088 0.294358 -0.413588 -0.187401
FixedParameters: 0 0 0

#Transform 102
Transform: AffineTransform_float_3_3
Parameters: 0.999856 0.00234769 0.0168106 -0.00169329 0.999246 -0.038795 -0.0168894 0.0387609 0.999106 0.288575 -0.409748 -0.129033
FixedParameters: 0 0 0

#Transform 103
Transform: AffineTransform_float_3_3
Parameters: 0.999748 -0.00390936 0.0221011 0.00433264 0.999807 -0.0191531 -0.0220219 0.0192439 0.999573 0.289385 -0.283488 -0.300999
FixedParameters: 0 0 0

#Transform 104
Transform: AffineTransform_float_3_3
Parameters: 0.999842 -0.00592206 0.0168011 0.00571694 0.999909 0.012227 -0.0168719 -0.012129 0.999784 0.0685462 0.0748337 -0.974504
FixedParameters: 0 0 0

#Transform 105
Transform: AffineTransform_float_3_3
Parameters: 0.999859 -0.00288676 0.0165727 0.00289124 0.999996 -0.000232117 -0.0165723 0.00027988 0.999862 0.0597244 0.00854699 -1.07382
FixedParameters: 0 0 0

#Transform 106
Transform: AffineTransform_float_3_3
Parameters: 0.999831 -0.00108695 0.0183155 0.00130906 0.999925 -0.0121161 -0.0183015 0.0121379 0.999759 0.162804 -0.102835 -0.925848
FixedParameters: 0 0 0

#Transform 107
Transform: AffineTransform_float_3_3
Parameters: 0.999811 -0.000307059 0.0194029 0.000719943 0.999774 -0.0212791 -0.0193921 0.021289 0.999586 0.23785 -0.187193 -0.971631
FixedParameters: 0 0 0

#Transform 108
Transform: AffineTransform_float_3_3
Parameters: 0.999817 -0.000333768 0.0190937 0.000720238 0.999795 -0.0202249 -0.0190833 0.0202351 0.999613 0.240391 -0.218919 -1.08846
FixedParameters: 0 0 0

#Transform 109
Transform: AffineTransform_float_3_3
Parameters: 0.999839 -0.0018073 0.0178104 0.0020507 0.999905 -0.0136737 -0.0177846 0.0137083 0.999748 0.189091 -0.127267 -0.720741
FixedParameters: 0 0 0

#Transform 110
Transform: AffineTransform_float_3_3
Parameters: 0.999892 -0.000920303 0.0146188 0.0011437 0.999883 -0.0153009 -0.0146032 0.0153161 0.999776 0.192814 -0.137196 -0.527026
FixedParameters: 0 0 0

#Transform 111
Transform: AffineTransform_float_3_3
Parameters: 0.999882 -0.000145616 0.0153166 0.000473375 0.999772 -0.0213733 -0.0153094 0.0213778 0.999654 0.199862 -0.210872 -0.584779
FixedParameters: 0 0 0

#Transform 112
Transform: AffineTransform_float_3_3
Parameters: 0.999882 -0.000129238 0.0153168 0.000473757 0.999748 -0.0224414 -0.0153102 0.0224466 0.999631 0.207072 -0.168671 -0.380286
FixedParameters: 0 0 0

#Transform 113
Transform: AffineTransform_float_3_3
Parameters: 0.999883 0.000437605 0.0153037 -2.13954e-05 0.999629 -0.0272115 -0.0153102 0.0272085 0.999512 0.220449 -0.27483 -0.491785
FixedParameters: 0 0 0

#Transform 114
Transform: AffineTransform_float_3_3
Parameters: 0.99988 0.00125798 0.0154006 -0.000823039 0.999602 -0.0282181 -0.0154294 0.028202 0.999483 0.243539 -0.277367 -0.386082
FixedParameters: 0 0 0

#Transform 115
Transform: AffineTransform_float_3_3
Parameters: 0.999873 0.00131507 0.0158869 -0.000822962 0.999521 -0.03094 -0.0159191 0.030923 0.999395 0.23958 -0.296218 -0.425665
FixedParameters: 0 0 0

#Transform 116
Transform: AffineTransform_float_3_3
Parameters: 0.999875 0.00112416 0.0157857 -0.00063286 0.999516 -0.0310849 -0.0158123 0.0310711 0.999392 0.234971 -0.358191 -0.469891
FixedParameters: 0 0 0

#Transform 117
Transform: AffineTransform_float_3_3
Parameters: 0.999876 0.00132663 0.0157366 -0.000822393 0.999488 -0.0319669 -0.0157703 0.0319501 0.999365 0.258123 -0.322525 -0.458691
FixedParameters: 0 0 0

#Transform 118
Transform: AffineTransform_float_3_3
Parameters: 0.999883 0.00132622 0.0152746 -0.000822797 0.999458 -0.0329044 -0.0153094 0.0328876 0.999342 0.24195 -0.343045 -0.468542
FixedParameters: 0 0 0

#Transform 119
Transform: AffineTransform_float_3_3
Parameters: 0.999882 0.00131752 0.0152754 -0.000822499 0.999477 -0.0323344 -0.0153096 0.0323186 0.999361 0.242339 -0.316182 -0.439206
FixedParameters: 0 0 0

#Transform 120
Transform: AffineTransform_float_3_3
Parameters: 0.999882 0.00157677 0.0152665 -0.00107524 0.99946 -0.0328203 -0.0153095 0.0327997 0.999344 0.241949 -0.295613 -0.491386
FixedParameters: 0 0 0

#Transform 121
Transform: AffineTransform_float_3_3
Parameters: 0.999885 0.00136311 0.015065 -0.000860892 0.999445 -0.0332858 -0.015102 0.0332692 0.999333 0.225666 -0.341337 -0.525715
FixedParameters: 0 0 0

#Transform 122
Transform: AffineTransform_float_3_3
Parameters: 0.999879 0.00140735 0.0155055 -0.000903667 0.999474 -0.0324219 -0.0155425 0.032404 0.999354 0.222476 -0.325602 -0.44665
FixedParameters: 0 0 0

#Transform 123
Transform: AffineTransform_float_3_3
Parameters: 0.999864 0.00161517 0.0163782 -0.00106784 0.99944 -0.033423 -0.0164228 0.033401 0.999307 0.260818 -0.349607 -0.522325
FixedParameters: 0 0 0

#Transform 124
Transform: AffineTransform_float_3_3
Parameters: 0.999828 0.0009084 0.0185349 -0.000343585 0.999535 -0.0304856 -0.0185541 0.0304734 0.999364 0.243022 -0.370132 -0.468765
FixedParameters: 0 0 0

#Transform 125
Transform: AffineTransform_float_3_3
Parameters: 0.999826 -0.000478587 0.0186848 0.000795419 0.999856 -0.0169841 -0.0186742 0.0169959 0.999681 0.264837 -0.152546 -0.565609
FixedParameters: 0 0 0

#Transform 126
Transform: AffineTransform_float_3_3
Parameters: 0.999919 0.00132657 0.012667 -0.00100043 0.999668 -0.0257528 -0.012697 0.0257382 0.999588 0.235343 -0.127576 -0.38536
FixedParameters: 0 0 0

#Transform 127
Transform: AffineTransform_float_3_3
Parameters: 0.99987 -0.000282706 0.0160891 0.000730289 0.999613 -0.0278019 -0.0160749 0.0278101 0.999484 0.202002 -0.312848 -0.406761
FixedParameters: 0 0 0

#Transform 128
Transform: AffineTransform_float_3_3
Parameters: 0.999826 0.000894533 0.0186008 -0.000351451 0.999575 -0.0291506 -0.0186191 0.0291384 0.999402 0.270535 -0.253514 -0.441697
FixedParameters: 0 0 0

#Transform 129
Transform: AffineTransform_float_3_3
Parameters: 0.999844 0.000906981 0.0176502 -0.000351993 0.999506 -0.0314211 -0.0176708 0.0314099 0.999351 0.236507 -0.338432 -0.560679
FixedParameters: 0 0 0

#Transform 130
Transform: AffineTransform_float_3_3
Parameters: 0.999843 0.0011568 0.0176432 -0.000625205 0.999546 -0.0301177 -0.0176698 0.0301023 0.99939 0.256973 -0.269244 -0.520201
FixedParameters: 0 0 0

#Transform 131
Transform: AffineTransform_float_3_3
Parameters: 0.999836 0.000935706 0.0181103 -0.00035131 0.999481 -0.0322067 -0.0181307 0.0321953 0.999317 0.262736 -0.486433 -0.825561
FixedParameters: 0 0 0

#Transform 132
Transform: AffineTransform_float_3_3
Parameters: 0.999871 0.0025478 0.015813 -0.0018902 0.999137 -0.0414752 -0.015905 0.0414398 0.999015 0.276048 -0.446715 -0.18812
FixedParameters: 0 0 0

#Transform 133
Transform: AffineTransform_float_3_3
Parameters: 0.999943 0.000829217 0.0107125 -0.000538793 0.999633 -0.0270663 -0.0107305 0.0270587 0.999576 0.168382 -0.0383309 0.585396
FixedParameters: 0 0 0

#Transform 134
Transform: AffineTransform_float_3_3
Parameters: 0.999993 0.00162675 0.00320259 -0.00159126 0.99994 -0.0108222 -0.0032194 0.0108168 0.999937 0.109108 0.0341681 1.59276
FixedParameters: 0 0 0

#Transform 135
Transform: AffineTransform_float_3_3
Parameters: 0.999933 0.00222993 0.0114136 -0.00183305 0.999397 -0.0346703 -0.0114844 0.0346467 0.999333 0.190772 -0.413425 0.254793
FixedParameters: 0 0 0

#Transform 136
Transform: AffineTransform_float_3_3
Parameters: 0.999895 0.00213978 0.014339 -0.00158322 0.999251 -0.0386598 -0.0144109 0.0386332 0.999149 0.161253 -0.360206 0.137097
FixedParameters: 0 0 0

#Transform 137
Transform: AffineTransform_float_3_3
Parameters: 0.999905 0.00242189 0.0135208 -0.00195614 0.999408 -0.0343647 -0.0135952 0.0343353 0.999318 0.142036 -0.236242 0.0465442
FixedParameters: 0 0 0

#Transform 138
Transform: AffineTransform_float_3_3
Parameters: 0.999887 0.00312284 0.0147535 -0.00258014 0.999324 -0.0366713 -0.0148586 0.0366288 0.999219 0.224947 -0.418145 0.105185
FixedParameters: 0 0 0

#Transform 139
Transform: AffineTransform_float_3_3
Parameters: 0.999883 0.00304076 0.0149755 -0.00242826 0.999165 -0.0407671 -0.0150865 0.0407259 0.999057 0.229334 -0.45545 0.0572587
FixedParameters: 0 0 0

#Transform 140
Transform: AffineTransform_float_3_3
Parameters: 0.999912 0.00208452 0.0131478 -0.00162047 0.99938 -0.0351674 -0.0132131 0.0351426 0.999295 0.193906 -0.425161 0.0918872
FixedParameters: 0 0 0

#Transform 141
Transform: AffineTransform_float_3_3
Parameters: 0.999993 -0.00240562 0.00309321 0.00232336 0.999656 0.0261264 -0.00315577 -0.0261186 0.999654 -0.0265762 0.203099 -1.03492
FixedParameters: 0 0 0

#Transform 142
Transform: AffineTransform_float_3_3
Parameters: 0.999992 -0.00182186 0.00370447 0.00176915 0.999898 0.0142227 -0.00372953 -0.0142153 0.999892 0.0908714 0.172766 -0.893495
FixedParameters: 0 0 0

#Transform 143
Transform: AffineTransform_float_3_3
Parameters: 0.999991 -0.00199335 0.00377788 0.00194466 0.999916 0.0127595 -0.00380211 -0.0127525 0.999911 0.027592 0.0949502 -0.70882
FixedParameters: 0 0 0

#Transform 144
Transform: AffineTransform_float_3_3
Parameters: 0.999991 -0.00100033 0.00425235 0.000975675 0.999983 0.0057192 -0.00425765 -0.00571479 0.999974 0.0522718 0.068637 -0.581858
FixedParameters: 0 0 0

#Transform 145
Transform: AffineTransform_float_3_3
Parameters: 0.999986 -0.000421066 0.00540984 0.000418933 1 0.000383272 -0.00540916 -0.000380728 0.999986 0.0570744 -0.00126638 -0.717241
FixedParameters: 0 0 0

#Transform 146
Transform: AffineTransform_float_3_3
Parameters: 0.999978 4.455e-05 0.00669386 -1.14481e-05 0.999988 -0.00501219 -0.00669415 0.00501182 0.999965 0.106671 -0.016401 -0.620036
FixedParameters: 0 0 0

#Transform 147
Transform: AffineTransform_float_3_3
Parameters: 0.999954 0.000142034 0.00958815 -6.19575e-05 0.999965 -0.00834798 -0.00958885 0.00834602 0.999919 0.125075 -0.121946 -0.544269
FixedParameters: 0 0 0

#Transform 148
Transform: AffineTransform_float_3_3
Parameters: 0.999909 0.00158187 0.0134126 -0.00147313 0.999966 -0.0081225 -0.0134254 0.0081025 0.999877 0.233571 -0.191006 -0.431003
FixedParameters: 0 0 0

#Transform 149
Transform: AffineTransform_float_3_3
Parameters: 0.999965 0.000853639 0.00838486 -0.000791361 0.999972 -0.0074709 -0.00839115 0.0074641 0.999937 0.171029 -0.0331204 -0.305129
FixedParameters: 0 0 0

#Transform 150
Transform: AffineTransform_float_3_3
Parameters: 0.999966 0.0011843 0.00818938 -0.0010867 0.999927 -0.0119973 -0.00820262 0.0119887 0.999894 0.144518 -0.0911216 -0.435308
FixedParameters: 0 0 0

#Transform 151
Transform: AffineTransform_float_3_3
Parameters: 0.99996 0.00219249 0.00875547 -0.00207052 0.999902 -0.0138607 -0.00878452 0.0138423 0.999865 0.176847 -0.0860622 -0.450038
FixedParameters: 0 0 0

#Transform 152
Transform: AffineTransform_float_3_3
Parameters: 0.999954 0.00196689 0.00940961 -0.00180512 0.99985 -0.0171828 -0.00944139 0.0171652 0.999808 0.178477 -0.175864 -0.519105
FixedParameters: 0 0 0

#Transform 153
Transform: AffineTransform_float_3_3
Parameters: 0.999957 0.00212591 0.00900658 -0.00197911 0.999866 -0.0162885 -0.00903942 0.0162705 0.999827 0.193076 -0.108514 -0.414303
FixedParameters: 0 0 0

#Transform 154
Transform: AffineTransform_float_3_3
Parameters: 0.999973 0.00238381 0.00684519 -0.00225118 0.999811 -0.0193439 -0.00689082 0.0193281 0.99979 0.170679 -0.178046 -0.387335
FixedParameters: 0 0 0

#Transform 155
Transform: AffineTransform_float_3_3
Parameters: 0.999975 0.00278877 0.0065107 -0.00265123 0.999775 -0.0210738 -0.0065683 0.0210562 0.999756 0.181017 -0.135136 -0.314158
FixedParameters: 0 0 0

#Transform 156
Transform: AffineTransform_float_3_3
Parameters: 0.999976 0.00286622 0.00640628 -0.00270477 0.999683 -0.0250339 -0.00647672 0.0250161 0.999666 0.189897 -0.211226 -0.348308
FixedParameters: 0 0 0

#Transform 157
Transform: AffineTransform_float_3_3
Parameters: 0.999972 0.00288871 0.00700503 -0.00270428 0.999656 -0.0260957 -0.00707795 0.0260753 0.999635 0.195353 -0.237251 -0.339863
FixedParameters: 0 0 0

#Transform 158
Transform: AffineTransform_float_3_3
Parameters: 0.999969 0.00316594 0.0072182 -0.00296907 0.999631 -0.0269963 -0.00730078 0.0269737 0.99961 0.205321 -0.248121 -0.43372
FixedParameters: 0 0 0

#Transform 159
Transform: AffineTransform_float_3_3
Parameters: 0.999971 0.00339003 0.00690627 -0.00321598 0.999681 -0.025056 -0.00698874 0.0250331 0.999662 0.199235 -0.243892 -0.435503
FixedParameters: 0 0 0
