#Insight Transform File V1.0
#Transform 0
Transform: AffineTransform_float_3_3
Parameters: 1 6.51362e-05 0.000301971 -6.58641e-05 1 -0.00045002 -0.00030203 0.00045098 1 -0.000414462 -0.0183552 -0.20548
FixedParameters: 0 0 0

#Transform 1
Transform: AffineTransform_float_3_3
Parameters: 1 0.000313325 -0.000616344 -0.000313675 1 -0.00109581 0.000615657 0.00109619 0.999999 -0.00749411 -0.00359772 -0.0804671
FixedParameters: 0 0 0

#Transform 2
Transform: AffineTransform_float_3_3
Parameters: 0.999996 0.00283992 0.000514932 -0.00283908 0.999995 -0.00178547 -0.000520069 0.00178453 0.999999 -0.0317098 0.142429 0.089587
FixedParameters: 0 0 0

#Transform 3
Transform: AffineTransform_float_3_3
Parameters: 0.999986 0.00506356 0.00110817 -0.00506643 0.999984 0.00220341 -0.00109783 -0.00220859 0.999997 -0.0588537 0.00875302 -0.00829229
FixedParameters: 0 0 0

#Transform 4
Transform: AffineTransform_float_3_3
Parameters: 0.999997 0.00249463 0.000105088 -0.00249437 0.999991 0.00364275 -9.59134e-05 -0.00364325 0.999994 -0.0235611 0.0860009 0.0508016
FixedParameters: 0 0 0

#Transform 5
Transform: AffineTransform_float_3_3
Parameters: 0.999999 0.00177469 -0.000279644 -0.00177431 0.999996 0.0024555 0.000283356 -0.0024545 0.999997 0.00321597 0.102813 0.0615244
FixedParameters: 0 0 0

#Transform 6
Transform: AffineTransform_float_3_3
Parameters: 0.999998 0.00159575 -0.000293954 -0.00159525 0.999995 0.00253647 0.000297048 -0.00253653 0.999996 0.00141264 0.0872063 -0.0357403
FixedParameters: 0 0 0

#Transform 7
Transform: AffineTransform_float_3_3
Parameters: 0.999997 0.00215712 0.00104695 -0.00215988 0.999994 0.00275375 -0.00104105 -0.00275625 0.999995 -0.0337439 0.0922593 -0.0557727
FixedParameters: 0 0 0

#Transform 8
Transform: AffineTransform_float_3_3
Parameters: 0.999997 0.00216554 0.000708404 -0.00216646 0.999998 0.000647468 -0.000706595 -0.000649532 1 -0.0260456 0.114642 -0.0761125
FixedParameters: 0 0 0

#Transform 9
Transform: AffineTransform_float_3_3
Parameters: 0.999998 0.00168168 0.000423289 -0.00168232 0.999999 0.000766289 -0.00042171 -0.00076671 0.999999 -0.000894762 0.0781406 -0.0776955
FixedParameters: 0 0 0

#Transform 10
Transform: AffineTransform_float_3_3
Parameters: 0.999998 0.00172762 0.00119611 -0.00172738 0.999999 -0.000519068 -0.00119689 0.000516934 0.999999 -0.0232958 0.106822 -0.131309
FixedParameters: 0 0 0

#Transform 11
Transform: AffineTransform_float_3_3
Parameters: 0.999999 0.00166233 0.000624118 -0.00166267 0.999998 -0.000531038 -0.000624882 0.000529962 0.999999 -0.0192427 0.121458 -0.136513
FixedParameters: 0 0 0

#Transform 12
Transform: AffineTransform_float_3_3
Parameters: 0.999998 0.00137469 0.000820846 -0.00137331 0.999998 -0.000840128 -0.000822154 0.000839871 1 -0.0335525 0.107542 -0.161646
FixedParameters: 0 0 0

#Transform 13
Transform: AffineTransform_float_3_3
Parameters: 0.999998 0.00176729 0.00138208 -0.00176471 0.999997 -0.00165644 -0.00138492 0.00165356 0.999997 -0.0372676 0.133524 -0.242072
FixedParameters: 0 0 0

#Transform 14
Transform: AffineTransform_float_3_3
Parameters: 0.999998 0.00137789 0.00135707 -0.00137411 0.999995 -0.00285987 -0.00136093 0.00285813 0.999995 -0.0370481 0.164484 -0.114094
FixedParameters: 0 0 0

#Transform 15
Transform: AffineTransform_float_3_3
Parameters: 0.999997 0.0011202 0.00181719 -0.0011138 0.999993 -0.00340803 -0.0018208 0.00340597 0.999992 -0.0433675 0.204261 -0.145039
FixedParameters: 0 0 0

#Transform 16
Transform: AffineTransform_float_3_3
Parameters: 0.999998 0.000865928 0.00190442 -0.000858068 0.999991 -0.00416065 -0.00190859 0.00415836 0.99999 -0.0700757 0.190588 -0.149434
FixedParameters: 0 0 0

#Transform 17
Transform: AffineTransform_float_3_3
Parameters: 0.999998 0.000946977 0.00171061 -0.00093902 0.999988 -0.00465861 -0.00171539 0.00465638 0.999987 -0.0485968 0.194085 -0.122965
FixedParameters: 0 0 0

#Transform 18
Transform: AffineTransform_float_3_3
Parameters: 0.999997 0.000948187 0.00228821 -0.000938812 0.999991 -0.00401316 -0.00229179 0.00401084 0.99999 -0.0673927 0.168745 -0.163139
FixedParameters: 0 0 0

#Transform 19
Transform: AffineTransform_float_3_3
Parameters: 0.999997 0.00095049 0.00225018 -0.00093951 0.999986 -0.00510213 -0.00225482 0.00509987 0.999985 -0.0621832 0.208583 -0.185016
FixedParameters: 0 0 0

#Transform 20
Transform: AffineTransform_float_3_3
Parameters: 0.999997 0.000950382 0.00226726 -0.000939619 0.999987 -0.00501614 -0.00227174 0.00501386 0.999985 -0.0607429 0.196498 -0.180569
FixedParameters: 0 0 0

#Transform 21
Transform: AffineTransform_float_3_3
Parameters: 0.999997 0.00100554 0.00226034 -0.000995461 0.999988 -0.00465926 -0.00226466 0.00465773 0.999986 -0.046735 0.178812 -0.127294
FixedParameters: 0 0 0

#Transform 22
Transform: AffineTransform_float_3_3
Parameters: 0.999996 0.00114395 0.00256796 -0.00112805 0.99998 -0.00620392 -0.00257505 0.00620108 0.999978 -0.068369 0.216607 -0.143625
FixedParameters: 0 0 0

#Transform 23
Transform: AffineTransform_float_3_3
Parameters: 0.999996 0.00116724 0.00237506 -0.00115276 0.999982 -0.00598676 -0.00238194 0.00598424 0.99998 -0.0503876 0.238783 -0.147095
FixedParameters: 0 0 0

#Transform 24
Transform: AffineTransform_float_3_3
Parameters: 0.999994 0.00151314 0.003039 -0.00149886 0.999988 -0.00464958 -0.003046 0.00464542 0.999984 -0.079122 0.155785 -0.232206
FixedParameters: 0 0 0

#Transform 25
Transform: AffineTransform_float_3_3
Parameters: 0.999991 0.00244886 0.00346545 -0.00243114 0.999984 -0.00514847 -0.00347755 0.00513953 0.99998 -0.0756081 0.20181 -0.218402
FixedParameters: 0 0 0

#Transform 26
Transform: AffineTransform_float_3_3
Parameters: 0.999995 0.00201377 0.00251663 -0.00200223 0.999987 -0.00467106 -0.00252537 0.00466594 0.999986 -0.0390494 0.203075 -0.170889
FixedParameters: 0 0 0

#Transform 27
Transform: AffineTransform_float_3_3
Parameters: 0.999994 0.00191676 0.00286284 -0.00190324 0.999986 -0.00480048 -0.00287216 0.00479452 0.999985 -0.0632588 0.225313 -0.205173
FixedParameters: 0 0 0

#Transform 28
Transform: AffineTransform_float_3_3
Parameters: 0.999995 0.00156667 0.00279037 -0.00155334 0.999987 -0.00489236 -0.00279763 0.00488864 0.999984 -0.0627093 0.226802 -0.197737
FixedParameters: 0 0 0

#Transform 29
Transform: AffineTransform_float_3_3
Parameters: 0.999994 0.00196298 0.00286314 -0.00195002 0.999988 -0.00453061 -0.00287186 0.00452539 0.999985 -0.062366 0.215217 -0.236321
FixedParameters: 0 0 0

#Transform 30
Transform: AffineTransform_float_3_3
Parameters: 0.999995 0.00132219 0.00286458 -0.00130681 0.999983 -0.00564577 -0.00287242 0.00564223 0.99998 -0.0666575 0.265816 -0.222688
FixedParameters: 0 0 0

#Transform 31
Transform: AffineTransform_float_3_3
Parameters: 0.999996 0.00130803 0.00245548 -0.00128997 0.999973 -0.0073282 -0.00246552 0.00732481 0.99997 -0.044282 0.315918 -0.187815
FixedParameters: 0 0 0

#Transform 32
Transform: AffineTransform_float_3_3
Parameters: 0.999996 0.00136102 0.00250476 -0.00134198 0.999971 -0.0075784 -0.00251524 0.00757461 0.999968 -0.0450275 0.298619 -0.12019
FixedParameters: 0 0 0

#Transform 33
Transform: AffineTransform_float_3_3
Parameters: 0.999996 0.00116756 0.00264402 -0.00114644 0.999969 -0.00776407 -0.00265298 0.00776094 0.999967 -0.0548916 0.289657 -0.112592
FixedParameters: 0 0 0

#Transform 34
Transform: AffineTransform_float_3_3
Parameters: 0.999996 0.00136421 0.00250202 -0.00134179 0.99996 -0.00885539 -0.00251398 0.0088526 0.999957 -0.0432146 0.315673 -0.126697
FixedParameters: 0 0 0

#Transform 35
Transform: AffineTransform_float_3_3
Parameters: 0.999994 0.00149944 0.00289445 -0.00147355 0.999958 -0.00911632 -0.00290855 0.00911169 0.999955 -0.0738685 0.314396 -0.133538
FixedParameters: 0 0 0

#Transform 36
Transform: AffineTransform_float_3_3
Parameters: 0.999995 0.00136802 0.00293401 -0.00134198 0.99996 -0.00885099 -0.00294599 0.00884702 0.999957 -0.0585544 0.324913 -0.164115
FixedParameters: 0 0 0

#Transform 37
Transform: AffineTransform_float_3_3
Parameters: 0.999995 0.00136846 0.00293581 -0.00134154 0.999958 -0.00899498 -0.00294818 0.00899101 0.999955 -0.0485044 0.311892 -0.134231
FixedParameters: 0 0 0

#Transform 38
Transform: AffineTransform_float_3_3
Parameters: 0.999996 0.00136671 0.00248356 -0.00134129 0.99995 -0.00992437 -0.00249643 0.00992062 0.999947 -0.044397 0.317455 -0.150844
FixedParameters: 0 0 0

#Transform 39
Transform: AffineTransform_float_3_3
Parameters: 0.999995 0.00117028 0.00289473 -0.00114171 0.999952 -0.00975335 -0.00290627 0.00974965 0.999948 -0.0648592 0.329149 -0.144644
FixedParameters: 0 0 0

#Transform 40
Transform: AffineTransform_float_3_3
Parameters: 0.999995 0.00125074 0.00309615 -0.00122126 0.999954 -0.00958784 -0.00310885 0.00958417 0.999949 -0.0530782 0.322687 -0.12126
FixedParameters: 0 0 0

#Transform 41
Transform: AffineTransform_float_3_3
Parameters: 0.999994 0.00137329 0.00300389 -0.00134171 0.999945 -0.0103931 -0.0030181 0.0103889 0.999941 -0.0477556 0.333911 -0.121782
FixedParameters: 0 0 0

#Transform 42
Transform: AffineTransform_float_3_3
Parameters: 0.999995 0.000698221 0.00311273 -0.000664786 0.999943 -0.0106611 -0.00311926 0.0106589 0.999939 -0.06084 0.336469 -0.109041
FixedParameters: 0 0 0

#Transform 43
Transform: AffineTransform_float_3_3
Parameters: 0.999995 0.000759002 0.00299808 -0.000726998 0.999943 -0.0106612 -0.00300592 0.0106588 0.999938 -0.0488028 0.352505 -0.113407
FixedParameters: 0 0 0

#Transform 44
Transform: AffineTransform_float_3_3
Parameters: 0.999995 0.000761503 0.00306263 -0.000726493 0.999937 -0.0112513 -0.00307137 0.0112487 0.999932 -0.0474673 0.341404 -0.0955367
FixedParameters: 0 0 0

#Transform 45
Transform: AffineTransform_float_3_3
Parameters: 0.999996 0.000756411 0.00277615 -0.00072659 0.999944 -0.0105801 -0.00278384 0.0105779 0.99994 -0.0356645 0.336964 -0.0358067
FixedParameters: 0 0 0

#Transform 46
Transform: AffineTransform_float_3_3
Parameters: 0.999995 0.000351002 0.00318944 -0.000316992 0.999943 -0.0106551 -0.00319356 0.0106539 0.999938 -0.0412321 0.333059 0.00414651
FixedParameters: 0 0 0

#Transform 47
Transform: AffineTransform_float_3_3
Parameters: 0.999993 0.000986392 0.0034074 -0.000949612 0.99994 -0.0109583 -0.00341761 0.0109547 0.999934 -0.0491922 0.323387 -0.0508017
FixedParameters: 0 0 0

#Transform 48
Transform: AffineTransform_float_3_3
Parameters: 0.999996 0.000345027 0.00258141 -0.000317977 0.999941 -0.0108499 -0.0025846 0.0108491 0.999938 -0.0507068 0.302315 -0.0986205
FixedParameters: 0 0 0

#Transform 49
Transform: AffineTransform_float_3_3
Parameters: 0.999997 0.000711032 0.00224021 -0.000685969 0.999937 -0.0111556 -0.00224779 0.0111534 0.999936 -0.0296353 0.313187 -0.0948447
FixedParameters: 0 0 0

#Transform 50
Transform: AffineTransform_float_3_3
Parameters: 0.999997 0.000615245 0.00226905 -0.000588755 0.999933 -0.0115494 -0.00227595 0.0115476 0.99993 -0.0331816 0.338613 -0.0985717
FixedParameters: 0 0 0

#Transform 51
Transform: AffineTransform_float_3_3
Parameters: 0.999998 0.000582583 0.00181251 -0.000562422 0.999935 -0.011336 -0.00181849 0.011335 0.999934 -0.0236944 0.338092 -0.0580773
FixedParameters: 0 0 0

#Transform 52
Transform: AffineTransform_float_3_3
Parameters: 0.999998 0.000853645 0.0020891 -0.000829358 0.999931 -0.0117688 -0.00209891 0.0117672 0.999929 -0.0197056 0.31514 -0.00888864
FixedParameters: 0 0 0

#Transform 53
Transform: AffineTransform_float_3_3
Parameters: 0.999997 0.000922605 0.00223118 -0.000896397 0.999929 -0.011896 -0.00224182 0.011894 0.999927 -0.0235106 0.314179 -0.00454478
FixedParameters: 0 0 0

#Transform 54
Transform: AffineTransform_float_3_3
Parameters: 0.999997 0.000345956 0.002396 -0.000317045 0.999927 -0.0120748 -0.0024 0.0120742 0.999924 -0.034814 0.324412 -0.0379228
FixedParameters: 0 0 0

#Transform 55
Transform: AffineTransform_float_3_3
Parameters: 0.999997 0.000799225 0.00206805 -0.000772776 0.999919 -0.0126506 -0.00207794 0.0126494 0.999918 -0.0290414 0.331644 -0.0311299
FixedParameters: 0 0 0

#Transform 56
Transform: AffineTransform_float_3_3
Parameters: 0.999998 0.000335764 0.00169138 -0.000317241 0.999938 -0.0110815 -0.00169462 0.0110814 0.999937 -0.0239518 0.299982 0.0598546
FixedParameters: 0 0 0

#Transform 57
Transform: AffineTransform_float_3_3
Parameters: 0.999998 0.000888391 0.00148557 -0.000868616 0.999915 -0.0130033 -0.00149642 0.0130017 0.999915 0.00495263 0.37791 0.133464
FixedParameters: 0 0 0

#Transform 58
Transform: AffineTransform_float_3_3
Parameters: 0.999998 0.00082473 0.00176365 -0.000800266 0.999902 -0.0139764 -0.00177536 0.0139756 0.999901 0.00167015 0.395561 0.121251
FixedParameters: 0 0 0

#Transform 59
Transform: AffineTransform_float_3_3
Parameters: 0.999997 0.000852919 0.00204357 -0.000825073 0.999907 -0.0136247 -0.00205543 0.0136223 0.999905 -0.00149164 0.376813 0.134498
FixedParameters: 0 0 0

#Transform 60
Transform: AffineTransform_float_3_3
Parameters: 0.999998 0.000927838 0.00209647 -0.000899154 0.999905 -0.0137149 -0.00210953 0.0137131 0.999903 0.000227164 0.361911 0.0867402
FixedParameters: 0 0 0

#Transform 61
Transform: AffineTransform_float_3_3
Parameters: 0.999997 0.000862773 0.00220483 -0.000831226 0.999897 -0.0143709 -0.00221717 0.0143691 0.999895 -0.00754664 0.405342 0.10162
FixedParameters: 0 0 0

#Transform 62
Transform: AffineTransform_float_3_3
Parameters: 0.999998 0.00088487 0.00208658 -0.000855125 0.999898 -0.0142728 -0.00209942 0.0142712 0.999896 -0.00400394 0.385634 0.0803679
FixedParameters: 0 0 0

#Transform 63
Transform: AffineTransform_float_3_3
Parameters: 0.999997 0.000899075 0.00236067 -0.000865933 0.999902 -0.0139751 -0.00237233 0.0139729 0.999899 -0.00821672 0.393699 0.0883605
FixedParameters: 0 0 0

#Transform 64
Transform: AffineTransform_float_3_3
Parameters: 0.999997 0.000781666 0.00200405 -0.000753334 0.999898 -0.0142655 -0.00201495 0.0142635 0.999896 -0.00118977 0.408204 0.0786971
FixedParameters: 0 0 0

#Transform 65
Transform: AffineTransform_float_3_3
Parameters: 0.999998 0.000732428 0.00213849 -0.000700579 0.999893 -0.0146605 -0.0021485 0.0146585 0.99989 -0.0154571 0.415517 0.0398622
FixedParameters: 0 0 0

#Transform 66
Transform: AffineTransform_float_3_3
Parameters: 0.999996 0.00082035 0.00261588 -0.000783647 0.999903 -0.0138671 -0.00262712 0.0138649 0.999901 -0.0324247 0.40569 0.0705015
FixedParameters: 0 0 0

#Transform 67
Transform: AffineTransform_float_3_3
Parameters: 0.999997 0.00131877 0.00204133 -0.00129124 0.999908 -0.0135457 -0.00205868 0.0135423 0.999906 0.0105402 0.418924 0.0545859
FixedParameters: 0 0 0

#Transform 68
Transform: AffineTransform_float_3_3
Parameters: 0.999998 0.00131568 0.00179618 -0.00129132 0.999905 -0.0136733 -0.00181383 0.0136706 0.999905 0.0030465 0.418407 0.00861358
FixedParameters: 0 0 0

#Transform 69
Transform: AffineTransform_float_3_3
Parameters: 0.999998 0.000932391 0.00202618 -0.000904612 0.999902 -0.0139679 -0.00203884 0.0139661 0.999901 -0.0138615 0.414207 0.00650175
FixedParameters: 0 0 0

#Transform 70
Transform: AffineTransform_float_3_3
Parameters: 0.999996 0.00107562 0.00232016 -0.00104339 0.999902 -0.0140135 -0.00233485 0.0140115 0.999899 -0.017434 0.413625 0.0283466
FixedParameters: 0 0 0

#Transform 71
Transform: AffineTransform_float_3_3
Parameters: 0.999998 0.000861337 0.00210685 -0.000830661 0.999896 -0.0143578 -0.00211914 0.0143562 0.999894 -0.0162657 0.428043 0.039587
FixedParameters: 0 0 0

#Transform 72
Transform: AffineTransform_float_3_3
Parameters: 0.999997 0.00131914 0.00196439 -0.00129087 0.999898 -0.0142586 -0.00198261 0.0142564 0.999897 -0.017412 0.431411 0.01716
FixedParameters: 0 0 0

#Transform 73
Transform: AffineTransform_float_3_3
Parameters: 0.999995 0.0013266 0.00264041 -0.0012914 0.999909 -0.0134415 -0.0026576 0.0134375 0.999906 -0.0652907 0.478784 -0.0128845
FixedParameters: 0 0 0

#Transform 74
Transform: AffineTransform_float_3_3
Parameters: 0.999995 -0.000144494 0.0029647 0.00019251 0.999872 -0.0160295 -0.00296229 0.0160305 0.999867 -0.0343515 0.583806 -0.0307545
FixedParameters: 0 0 0

#Transform 75
Transform: AffineTransform_float_3_3
Parameters: 0.999991 -0.000323546 0.00436861 0.000403464 0.999835 -0.0181994 -0.00436238 0.0182006 0.999825 -0.0414459 0.613857 0.0184591
FixedParameters: 0 0 0

#Transform 76
Transform: AffineTransform_float_3_3
Parameters: 0.999992 0.00133223 0.00362228 -0.00126275 0.999818 -0.0190487 -0.00364771 0.0190433 0.999812 -0.100646 0.625114 0.0185321
FixedParameters: 0 0 0

#Transform 77
Transform: AffineTransform_float_3_3
Parameters: 0.999991 0.000355707 0.00420463 -0.000269288 0.999792 -0.0203663 -0.00421136 0.0203657 0.999783 -0.0822726 0.580286 0.0827679
FixedParameters: 0 0 0

#Transform 78
Transform: AffineTransform_float_3_3
Parameters: 0.999989 -4.50401e-05 0.00466977 0.000135943 0.99981 -0.0194796 -0.00466724 0.0194804 0.9998 -0.0858992 0.576003 0.131801
FixedParameters: 0 0 0

#Transform 79
Transform: AffineTransform_float_3_3
Parameters: 0.999989 0.000364912 0.00466154 -0.000270102 0.999793 -0.0203445 -0.00466746 0.0203435 0.999782 -0.0735294 0.599862 0.0763992
FixedParameters: 0 0 0

#Transform 80
Transform: AffineTransform_float_3_3
Parameters: 0.999989 -0.000159664 0.00468355 0.000260324 0.999765 -0.021644 -0.00467846 0.021645 0.999755 -0.0787264 0.4825 0.0135476
FixedParameters: 0 0 0

#Transform 81
Transform: AffineTransform_float_3_3
Parameters: 0.999987 0.000969358 0.00500111 -0.000872645 0.999811 -0.0194326 -0.0050189 0.0194284 0.999798 -0.0714903 0.537246 -0.00730027
FixedParameters: 0 0 0

#Transform 82
Transform: AffineTransform_float_3_3
Parameters: 0.999984 0.00176158 0.00538126 -0.00166742 0.999848 -0.0173463 -0.00541073 0.0173368 0.999835 -0.111799 0.567966 0.0858521
FixedParameters: 0 0 0

#Transform 83
Transform: AffineTransform_float_3_3
Parameters: 0.999987 0.00116477 0.00483738 -0.00107124 0.999813 -0.0193414 -0.00485862 0.0193356 0.999801 -0.0927282 0.559693 0.0589697
FixedParameters: 0 0 0

#Transform 84
Transform: AffineTransform_float_3_3
Parameters: 0.999987 0.00141177 0.00488769 -0.00132123 0.999828 -0.0185247 -0.00491332 0.0185183 0.999817 -0.0666467 0.561188 0.0605163
FixedParameters: 0 0 0

#Transform 85
Transform: AffineTransform_float_3_3
Parameters: 0.999989 0.00100505 0.00473157 -0.000913935 0.999815 -0.0192076 -0.00475043 0.0192025 0.999805 -0.0553396 0.56915 -0.00712838
FixedParameters: 0 0 0

#Transform 86
Transform: AffineTransform_float_3_3
Parameters: 0.999989 0.00100162 0.0047323 -0.000913366 0.999829 -0.0184815 -0.00475069 0.0184765 0.999818 -0.0554316 0.550867 -0.0234042
FixedParameters: 0 0 0

#Transform 87
Transform: AffineTransform_float_3_3
Parameters: 0.999987 0.00112565 0.00484103 -0.00103635 0.999828 -0.0184822 -0.00486098 0.0184768 0.999818 -0.0569076 0.558831 0.00246695
FixedParameters: 0 0 0

#Transform 88
Transform: AffineTransform_float_3_3
Parameters: 0.999989 0.00126139 0.00451278 -0.0011796 0.999834 -0.0182145 -0.00453523 0.0182085 0.999824 -0.0656103 0.54838 0.056608
FixedParameters: 0 0 0

#Transform 89
Transform: AffineTransform_float_3_3
Parameters: 0.99999 0.00129992 0.0044285 -0.00121709 0.999825 -0.0186756 -0.0044515 0.0186704 0.999816 -0.0560991 0.554665 0.139268
FixedParameters: 0 0 0

#Transform 90
Transform: AffineTransform_float_3_3
Parameters: 0.999988 0.00134476 0.00470024 -0.00125524 0.999818 -0.0190491 -0.00472477 0.0190429 0.999808 -0.045628 0.570135 0.209165
FixedParameters: 0 0 0

#Transform 91
Transform: AffineTransform_float_3_3
Parameters: 0.999988 0.00146235 0.00462801 -0.00137365 0.999818 -0.0190366 -0.00465499 0.0190304 0.999808 -0.0348364 0.548759 0.174688
FixedParameters: 0 0 0

#Transform 92
Transform: AffineTransform_float_3_3
Parameters: 0.999989 0.000997674 0.004435 -0.000913325 0.999823 -0.0188292 -0.00445298 0.0188248 0.999813 -0.0429247 0.528574 0.181367
FixedParameters: 0 0 0

#Transform 93
Transform: AffineTransform_float_3_3
Parameters: 0.999989 0.000999605 0.00455505 -0.000913394 0.999823 -0.0187574 -0.00457293 0.0187526 0.999813 -0.0476561 0.526019 0.163043
FixedParameters: 0 0 0

#Transform 94
Transform: AffineTransform_float_3_3
Parameters: 0.99999 0.00124564 0.00427003 -0.00116336 0.999818 -0.0190682 -0.00429296 0.0190629 0.999809 -0.030915 0.532745 0.199846
FixedParameters: 0 0 0

#Transform 95
Transform: AffineTransform_float_3_3
Parameters: 0.999989 0.000999322 0.00456415 -0.000913678 0.999825 -0.0186584 -0.00458184 0.0186536 0.999815 -0.0411612 0.527829 0.178858
FixedParameters: 0 0 0

#Transform 96
Transform: AffineTransform_float_3_3
Parameters: 0.999991 0.000992984 0.00413382 -0.000914013 0.999818 -0.0190649 -0.00415218 0.019061 0.999809 -0.0312848 0.544698 0.161993
FixedParameters: 0 0 0

#Transform 97
Transform: AffineTransform_float_3_3
Parameters: 0.999991 0.00107558 0.00413258 -0.000998412 0.999824 -0.0187293 -0.00415243 0.0187247 0.999816 -0.0295559 0.545676 0.116573
FixedParameters: 0 0 0

#Transform 98
Transform: AffineTransform_float_3_3
Parameters: 0.999991 0.000989841 0.00413457 -0.000914151 0.999832 -0.0183049 -0.00415243 0.0183011 0.999824 -0.0444731 0.574309 0.127971
FixedParameters: 0 0 0

#Transform 99
Transform: AffineTransform_float_3_3
Parameters: 0.999993 0.000986899 0.0037988 -0.000914115 0.999817 -0.0191446 -0.0038162 0.0191404 0.999809 -0.0402537 0.586932 0.114593
FixedParameters: 0 0 0

#Transform 100
Transform: AffineTransform_float_3_3
Parameters: 0.999991 0.000991437 0.00413419 -0.000913548 0.999825 -0.0186909 -0.0041528 0.018687 0.999817 -0.0397167 0.571037 0.0912199
FixedParameters: 0 0 0

#Transform 101
Transform: AffineTransform_float_3_3
Parameters: 0.999991 0.00120023 0.00412979 -0.00112077 0.999817 -0.0191338 -0.0041522 0.0191292 0.999809 -0.0268439 0.590613 0.10108
FixedParameters: 0 0 0

#Transform 102
Transform: AffineTransform_float_3_3
Parameters: 0.999991 0.000992004 0.00413406 -0.000913998 0.999823 -0.018828 -0.00415194 0.0188241 0.999814 -0.0316483 0.570317 0.067608
FixedParameters: 0 0 0

#Transform 103
Transform: AffineTransform_float_3_3
Parameters: 0.999991 0.000992529 0.00413393 -0.00091347 0.99982 -0.0189549 -0.00415206 0.018951 0.999812 -0.0315314 0.55592 0.0987002
FixedParameters: 0 0 0

#Transform 104
Transform: AffineTransform_float_3_3
Parameters: 0.99999 0.000994329 0.00418673 -0.000913666 0.999817 -0.019145 -0.00420526 0.019141 0.999808 -0.0334403 0.562724 0.129415
FixedParameters: 0 0 0

#Transform 105
Transform: AffineTransform_float_3_3
Parameters: 0.999991 0.000995365 0.00413325 -0.00091362 0.999806 -0.0196409 -0.00415274 0.019637 0.999798 -0.0316132 0.572698 0.0726566
FixedParameters: 0 0 0

#Transform 106
Transform: AffineTransform_float_3_3
Parameters: 0.999991 0.000590305 0.0041411 -0.000507677 0.999803 -0.0198483 -0.0041529 0.0198457 0.999795 -0.050127 0.567077 0.0923133
FixedParameters: 0 0 0

#Transform 107
Transform: AffineTransform_float_3_3
Parameters: 0.99999 0.000999438 0.00437937 -0.000913568 0.99981 -0.0194682 -0.00439762 0.0194638 0.999801 -0.0498222 0.565105 0.0945506
FixedParameters: 0 0 0

#Transform 108
Transform: AffineTransform_float_3_3
Parameters: 0.999991 0.000997853 0.00413265 -0.000914139 0.999794 -0.0202429 -0.00415235 0.020239 0.999786 -0.0409115 0.561062 0.0681657
FixedParameters: 0 0 0

#Transform 109
Transform: AffineTransform_float_3_3
Parameters: 0.999991 0.000998089 0.00413259 -0.000913902 0.999793 -0.0203 -0.00415241 0.020296 0.999786 -0.031729 0.563757 0.0472072
FixedParameters: 0 0 0

#Transform 110
Transform: AffineTransform_float_3_3
Parameters: 0.99999 0.00100021 0.00435811 -0.00091379 0.999804 -0.0197392 -0.00437689 0.0197348 0.999795 -0.0403095 0.558769 0.0893388
FixedParameters: 0 0 0

#Transform 111
Transform: AffineTransform_float_3_3
Parameters: 0.99999 0.00100317 0.00441368 -0.000913827 0.999797 -0.0201582 -0.00443332 0.0201548 0.999787 -0.0427317 0.577234 0.0433345
FixedParameters: 0 0 0

#Transform 112
Transform: AffineTransform_float_3_3
Parameters: 0.999992 0.000476729 0.00394689 -0.000394269 0.999781 -0.0209347 -0.00395612 0.0209333 0.999773 -0.0522236 0.576837 0.0855673
FixedParameters: 0 0 0

#Transform 113
Transform: AffineTransform_float_3_3
Parameters: 0.999989 0.000553461 0.00460964 -0.000458535 0.999791 -0.0204673 -0.00462035 0.0204657 0.99978 -0.0599252 0.601443 0.114916
FixedParameters: 0 0 0

#Transform 114
Transform: AffineTransform_float_3_3
Parameters: 0.999992 0.000543255 0.0039413 -0.000458751 0.999772 -0.021347 -0.00395169 0.021345 0.999765 -0.0339591 0.612461 0.0830754
FixedParameters: 0 0 0

#Transform 115
Transform: AffineTransform_float_3_3
Parameters: 0.999992 0.000542834 0.00398448 -0.000459176 0.999779 -0.021011 -0.00399453 0.021009 0.999772 -0.0355136 0.590475 0.121775
FixedParameters: 0 0 0

#Transform 116
Transform: AffineTransform_float_3_3
Parameters: 0.999991 0.000615167 0.00416493 -0.000527834 0.999777 -0.0211364 -0.00417709 0.0211346 0.999768 -0.0341482 0.580467 0.142515
FixedParameters: 0 0 0

#Transform 117
Transform: AffineTransform_float_3_3
Parameters: 0.99999 0.00087819 0.00442351 -0.000784796 0.999778 -0.0210257 -0.00444148 0.0210213 0.999769 -0.0283682 0.593283 0.167818
FixedParameters: 0 0 0

#Transform 118
Transform: AffineTransform_float_3_3
Parameters: 0.999991 0.000993018 0.00427308 -0.000902983 0.999778 -0.0210171 -0.00429293 0.0210129 0.99977 -0.0277682 0.58296 0.14405
FixedParameters: 0 0 0

#Transform 119
Transform: AffineTransform_float_3_3
Parameters: 0.999991 0.00123595 0.0041179 -0.00114905 0.999778 -0.0210499 -0.0041431 0.0210451 0.99977 -0.027816 0.576677 0.137491
FixedParameters: 0 0 0

#Transform 120
Transform: AffineTransform_float_3_3
Parameters: 0.99999 0.0011782 0.00428772 -0.00108581 0.99977 -0.0214429 -0.00431127 0.0214381 0.999761 -0.0382958 0.585738 0.165652
FixedParameters: 0 0 0

#Transform 121
Transform: AffineTransform_float_3_3
Parameters: 0.99999 0.00116828 0.00428867 -0.00107874 0.999784 -0.0207608 -0.00431132 0.0207562 0.999776 -0.0166054 0.578317 0.171724
FixedParameters: 0 0 0

#Transform 122
Transform: AffineTransform_float_3_3
Parameters: 0.999991 0.00126565 0.00422663 -0.00117436 0.999765 -0.0216172 -0.00425238 0.0216118 0.999758 -0.0289742 0.591122 0.158419
FixedParameters: 0 0 0

#Transform 123
Transform: AffineTransform_float_3_3
Parameters: 0.999991 0.00142896 0.00414104 -0.00133904 0.999765 -0.0216468 -0.00417096 0.0216412 0.999757 -0.0188697 0.591461 0.169406
FixedParameters: 0 0 0

#Transform 124
Transform: AffineTransform_float_3_3
Parameters: 0.999991 0.00118151 0.00422622 -0.00108949 0.999761 -0.0218258 -0.00425079 0.0218212 0.999753 -0.0359587 0.602269 0.167065
FixedParameters: 0 0 0

#Transform 125
Transform: AffineTransform_float_3_3
Parameters: 0.999989 0.00118868 0.00453303 -0.00108932 0.999759 -0.0219292 -0.00455798 0.0219238 0.99975 -0.0496487 0.594657 0.149161
FixedParameters: 0 0 0

#Transform 126
Transform: AffineTransform_float_3_3
Parameters: 0.99999 0.00144715 0.0040882 -0.00135685 0.999757 -0.0219688 -0.0041188 0.0219632 0.999751 -0.0327325 0.591168 0.177901
FixedParameters: 0 0 0

#Transform 127
Transform: AffineTransform_float_3_3
Parameters: 0.999992 0.00117403 0.00385814 -0.00108897 0.999758 -0.0219684 -0.00388286 0.0219646 0.999751 -0.041189 0.590123 0.234012
FixedParameters: 0 0 0

#Transform 128
Transform: AffineTransform_float_3_3
Parameters: 0.999991 0.00133496 0.00398832 -0.00124602 0.999752 -0.0222262 -0.00401768 0.0222208 0.999745 -0.0437 0.606953 0.24894
FixedParameters: 0 0 0

#Transform 129
Transform: AffineTransform_float_3_3
Parameters: 0.999992 0.00117889 0.00385666 -0.0010891 0.999729 -0.0232274 -0.00388334 0.0232226 0.999723 -0.0398383 0.61655 0.234249
FixedParameters: 0 0 0

#Transform 130
Transform: AffineTransform_float_3_3
Parameters: 0.999989 0.00119311 0.00453689 -0.00108889 0.999737 -0.0228812 -0.00456311 0.0228758 0.999728 -0.0662944 0.616156 0.236231
FixedParameters: 0 0 0

#Transform 131
Transform: AffineTransform_float_3_3
Parameters: 0.999992 0.00117872 0.00385671 -0.00108927 0.99973 -0.0231834 -0.00388329 0.0231786 0.999724 -0.0398275 0.622978 0.233415
FixedParameters: 0 0 0

#Transform 132
Transform: AffineTransform_float_3_3
Parameters: 0.999992 0.00123464 0.00385573 -0.00114635 0.999737 -0.0229086 -0.00388328 0.0229034 0.99973 -0.038666 0.626616 0.202581
FixedParameters: 0 0 0

#Transform 133
Transform: AffineTransform_float_3_3
Parameters: 0.999992 0.00118171 0.00400179 -0.00108929 0.999733 -0.0230896 -0.00402823 0.0230854 0.999726 -0.0456391 0.622646 0.177064
FixedParameters: 0 0 0

#Transform 134
Transform: AffineTransform_float_3_3
Parameters: 0.99999 0.00153914 0.0043354 -0.00144087 0.999744 -0.0225485 -0.0043686 0.0225425 0.999737 -0.0472998 0.601179 0.173902
FixedParameters: 0 0 0

#Transform 135
Transform: AffineTransform_float_3_3
Parameters: 0.99999 0.0014061 0.00438717 -0.0013059 0.99974 -0.022737 -0.00441783 0.022731 0.999732 -0.0373853 0.6151 0.216779
FixedParameters: 0 0 0

#Transform 136
Transform: AffineTransform_float_3_3
Parameters: 0.999991 0.00118527 0.00420807 -0.00108973 0.99974 -0.0228068 -0.00423395 0.0228022 0.999731 -0.0352619 0.608414 0.201683
FixedParameters: 0 0 0

#Transform 137
Transform: AffineTransform_float_3_3
Parameters: 0.99999 0.00160376 0.00417878 -0.00150625 0.999728 -0.0232945 -0.00421422 0.0232875 0.99972 -0.0244152 0.615372 0.211881
FixedParameters: 0 0 0

#Transform 138
Transform: AffineTransform_float_3_3
Parameters: 0.999991 0.00153606 0.00396326 -0.00144595 0.999743 -0.0226269 -0.00399674 0.0226211 0.999736 -0.0118491 0.613633 0.220609
FixedParameters: 0 0 0

#Transform 139
Transform: AffineTransform_float_3_3
Parameters: 0.99999 0.00161299 0.00415472 -0.001519 0.999745 -0.0225285 -0.00419028 0.0225215 0.999737 -0.0104362 0.605924 0.209773
FixedParameters: 0 0 0

#Transform 140
Transform: AffineTransform_float_3_3
Parameters: 0.99999 0.00184349 0.00424823 -0.00174851 0.999754 -0.0221407 -0.00428776 0.0221323 0.999746 -0.00899789 0.600669 0.213275
FixedParameters: 0 0 0

#Transform 141
Transform: AffineTransform_float_3_3
Parameters: 0.999991 0.0014919 0.00410542 -0.00139911 0.999745 -0.02254 -0.00413759 0.0225341 0.999738 -0.0111398 0.598444 0.186022
FixedParameters: 0 0 0

#Transform 142
Transform: AffineTransform_float_3_3
Parameters: 0.999991 0.00150484 0.00400841 -0.00141515 0.99975 -0.0223219 -0.00404159 0.0223161 0.999743 -0.00707792 0.589877 0.186383
FixedParameters: 0 0 0

#Transform 143
Transform: AffineTransform_float_3_3
Parameters: 0.99999 0.00158907 0.0042308 -0.00149195 0.999738 -0.0228475 -0.0042652 0.0228415 0.99973 0.0024407 0.585377 0.215662
FixedParameters: 0 0 0

#Transform 144
Transform: AffineTransform_float_3_3
Parameters: 0.999988 0.00168189 0.00458487 -0.00157711 0.999739 -0.0227855 -0.00462213 0.0227785 0.99973 -0.0137321 0.603138 0.232032
FixedParameters: 0 0 0

#Transform 145
Transform: AffineTransform_float_3_3
Parameters: 0.999989 0.00156308 0.0044434 -0.00146091 0.999737 -0.0228848 -0.0044786 0.0228773 0.999728 -0.0201111 0.605022 0.22242
FixedParameters: 0 0 0

#Transform 146
Transform: AffineTransform_float_3_3
Parameters: 0.999989 0.00139094 0.0043368 -0.00129305 0.999746 -0.0225058 -0.0043672 0.0225002 0.999738 -0.00592876 0.582602 0.259702
FixedParameters: 0 0 0

#Transform 147
Transform: AffineTransform_float_3_3
Parameters: 0.999989 0.0011893 0.00450672 -0.00108972 0.999753 -0.0221921 -0.00453129 0.0221868 0.999743 -0.0170562 0.58003 0.214417
FixedParameters: 0 0 0

#Transform 148
Transform: AffineTransform_float_3_3
Parameters: 0.999989 0.00118958 0.00450665 -0.00108943 0.999751 -0.0222551 -0.00453137 0.0222498 0.999742 -0.0168828 0.578309 0.254647
FixedParameters: 0 0 0

#Transform 149
Transform: AffineTransform_float_3_3
Parameters: 0.99999 0.00118741 0.00428997 -0.00108959 0.999738 -0.0228699 -0.00431605 0.0228641 0.99973 -0.00770525 0.604661 0.264527
FixedParameters: 0 0 0

#Transform 150
Transform: AffineTransform_float_3_3
Parameters: 0.99999 0.00119185 0.00446582 -0.00108915 0.999735 -0.0229621 -0.00449219 0.0229569 0.999727 -0.0110204 0.602987 0.249003
FixedParameters: 0 0 0

#Transform 151
Transform: AffineTransform_float_3_3
Parameters: 0.999989 0.00119164 0.00448398 -0.00108936 0.999739 -0.0228231 -0.00451004 0.0228179 0.99973 -0.00880171 0.582075 0.298569
FixedParameters: 0 0 0

#Transform 152
Transform: AffineTransform_float_3_3
Parameters: 0.99999 0.00118838 0.00447981 -0.00108962 0.999754 -0.0221211 -0.00450521 0.0221159 0.999746 -0.0152762 0.588604 0.295904
FixedParameters: 0 0 0

#Transform 153
Transform: AffineTransform_float_3_3
Parameters: 0.99999 0.00118313 0.0041493 -0.00108887 0.999743 -0.0226157 -0.00417469 0.0226113 0.999735 -0.00340332 0.600936 0.198921
FixedParameters: 0 0 0

#Transform 154
Transform: AffineTransform_float_3_3
Parameters: 0.99999 0.00117977 0.00415026 -0.00108924 0.999761 -0.0218047 -0.00417474 0.0218003 0.999753 -0.00361342 0.569644 0.159873
FixedParameters: 0 0 0

#Transform 155
Transform: AffineTransform_float_3_3
Parameters: 0.999991 0.00118282 0.00423088 -0.00108917 0.999755 -0.0221098 -0.00425612 0.0221052 0.999746 -0.00659727 0.580541 0.189377
FixedParameters: 0 0 0

#Transform 156
Transform: AffineTransform_float_3_3
Parameters: 0.999991 0.00111994 0.00415054 -0.00102508 0.99974 -0.0228045 -0.00417446 0.0228006 0.999732 0.00206172 0.583086 0.146757
FixedParameters: 0 0 0

#Transform 157
Transform: AffineTransform_float_3_3
Parameters: 0.999988 0.00119113 0.00463293 -0.00108887 0.999757 -0.0219843 -0.00465806 0.0219797 0.999747 -0.0144986 0.561593 0.154885
FixedParameters: 0 0 0

#Transform 158
Transform: AffineTransform_float_3_3
Parameters: 0.99999 0.00118306 0.00431129 -0.00108894 0.999762 -0.0217549 -0.00433571 0.0217501 0.999754 0.00635874 0.55951 0.148684
FixedParameters: 0 0 0

#Transform 159
Transform: AffineTransform_float_3_3
Parameters: 0.999991 0.00140195 0.004184 -0.00130805 0.999754 -0.0221367 -0.00421399 0.0221303 0.999746 -0.00334213 0.57773 0.13211
FixedParameters: 0 0 0
