# transform file /out/sourcedata/freesurfer/sub-v2s1x29905_ses-1/mri/transforms/cc_up.lta
# created by oesteban on Thu Mar 12 21:04:27 2026

type      = 0 # LINEAR_VOX_TO_VOX
nxforms   = 1
mean      = 130.0000 131.0000 127.0000
sigma     = 10000.0000
1 4 4
9.997042417526245e-01 -1.298396196216345e-02 2.056442759931087e-02 -1.013574600219727e+00 
1.298121549189091e-02 9.999157786369324e-01 2.670302346814424e-04 7.301734447479248e+00 
-2.056616172194481e-02 2.910383045673370e-11 9.997885227203369e-01 6.680229663848877e+00 
0.000000000000000e+00 0.000000000000000e+00 0.000000000000000e+00 1.000000000000000e+00 
src volume info
valid = 1  # volume info valid
filename = /out/sourcedata/freesurfer/sub-v2s1x29905_ses-1/mri/norm.mgz
volume = 256 256 256
voxelsize = 8.999999165534973e-01 8.999999165534973e-01 8.999999165534973e-01
xras   = -9.999999403953552e-01 0.000000000000000e+00 0.000000000000000e+00
yras   = 0.000000000000000e+00 0.000000000000000e+00 -9.999999403953552e-01
zras   = 0.000000000000000e+00 9.999999403953552e-01 0.000000000000000e+00
cras   = 4.959785461425781e+00 2.742173767089844e+01 1.264260101318359e+01
dst volume info
valid = 1  # volume info valid
filename = /out/sourcedata/freesurfer/sub-v2s1x29905_ses-1/mri/norm.mgz
volume = 256 256 256
voxelsize = 8.999999165534973e-01 8.999999165534973e-01 8.999999165534973e-01
xras   = -9.999999403953552e-01 0.000000000000000e+00 0.000000000000000e+00
yras   = 0.000000000000000e+00 0.000000000000000e+00 -9.999999403953552e-01
zras   = 0.000000000000000e+00 9.999999403953552e-01 0.000000000000000e+00
cras   = 4.959785461425781e+00 2.742173767089844e+01 1.264260101318359e+01
