# transform file /out/sourcedata/freesurfer/sub-v2s1x29887_ses-1/mri/transforms/cc_up.lta
# created by oesteban on Wed Mar 11 22:09:47 2026

type      = 0 # LINEAR_VOX_TO_VOX
nxforms   = 1
mean      = 130.0000 135.0000 123.0000
sigma     = 10000.0000
1 4 4
9.994162321090698e-01 1.658558472990990e-02 -2.987163141369820e-02 6.985284090042114e-01 
-1.657818071544170e-02 9.998625516891479e-01 4.955065669491887e-04 1.207883930206299e+01 
2.987574040889740e-02 -5.820766785236131e-11 9.995536804199219e-01 -4.774662494659424e+00 
0.000000000000000e+00 0.000000000000000e+00 0.000000000000000e+00 1.000000000000000e+00 
src volume info
valid = 1  # volume info valid
filename = /out/sourcedata/freesurfer/sub-v2s1x29887_ses-1/mri/norm.mgz
volume = 256 256 256
voxelsize = 8.999999761581421e-01 8.999999761581421e-01 8.999999761581421e-01
xras   = -9.999999403953552e-01 0.000000000000000e+00 0.000000000000000e+00
yras   = 0.000000000000000e+00 0.000000000000000e+00 -1.000000000000000e+00
zras   = 0.000000000000000e+00 1.000000000000000e+00 0.000000000000000e+00
cras   = -9.120101928710938e-01 3.538996887207031e+01 3.587188720703125e+01
dst volume info
valid = 1  # volume info valid
filename = /out/sourcedata/freesurfer/sub-v2s1x29887_ses-1/mri/norm.mgz
volume = 256 256 256
voxelsize = 8.999999761581421e-01 8.999999761581421e-01 8.999999761581421e-01
xras   = -9.999999403953552e-01 0.000000000000000e+00 0.000000000000000e+00
yras   = 0.000000000000000e+00 0.000000000000000e+00 -1.000000000000000e+00
zras   = 0.000000000000000e+00 1.000000000000000e+00 0.000000000000000e+00
cras   = -9.120101928710938e-01 3.538996887207031e+01 3.587188720703125e+01
