# transform file /out/sourcedata/freesurfer/sub-v2s1x29873_ses-1/mri/transforms/cc_up.lta
# created by oesteban on Wed Mar 11 21:43:51 2026

type      = 0 # LINEAR_VOX_TO_VOX
nxforms   = 1
mean      = 128.0000 132.0000 131.0000
sigma     = 10000.0000
1 4 4
9.995789527893066e-01 -2.867798134684563e-02 4.396735690534115e-03 4.871963977813721e+00 
2.867770381271839e-02 9.995886087417603e-01 1.261413999600336e-04 7.419342517852783e+00 
-4.398544784635305e-03 0.000000000000000e+00 9.999902844429016e-01 6.555404663085938e+00 
0.000000000000000e+00 0.000000000000000e+00 0.000000000000000e+00 1.000000000000000e+00 
src volume info
valid = 1  # volume info valid
filename = /out/sourcedata/freesurfer/sub-v2s1x29873_ses-1/mri/norm.mgz
volume = 256 256 256
voxelsize = 8.999998569488525e-01 8.999998569488525e-01 8.999998569488525e-01
xras   = -9.999999403953552e-01 0.000000000000000e+00 0.000000000000000e+00
yras   = 0.000000000000000e+00 0.000000000000000e+00 -9.999999403953552e-01
zras   = 0.000000000000000e+00 1.000000000000000e+00 0.000000000000000e+00
cras   = -1.828791809082031e+01 -4.754257202148438e-01 3.455352020263672e+01
dst volume info
valid = 1  # volume info valid
filename = /out/sourcedata/freesurfer/sub-v2s1x29873_ses-1/mri/norm.mgz
volume = 256 256 256
voxelsize = 8.999998569488525e-01 8.999998569488525e-01 8.999998569488525e-01
xras   = -9.999999403953552e-01 0.000000000000000e+00 0.000000000000000e+00
yras   = 0.000000000000000e+00 0.000000000000000e+00 -9.999999403953552e-01
zras   = 0.000000000000000e+00 1.000000000000000e+00 0.000000000000000e+00
cras   = -1.828791809082031e+01 -4.754257202148438e-01 3.455352020263672e+01
