#Insight Transform File V1.0
#Transform 0
Transform: AffineTransform_float_3_3
Parameters: 1 -3.83756e-06 0.000268973 1.62038e-07 0.999898 0.014266 -0.00026903 -0.014266 0.999898 -0.0831766 -0.374725 -0.0451177
FixedParameters: 0 0 0

#Transform 1
Transform: AffineTransform_float_3_3
Parameters: 1 0.000573992 2.98825e-06 -0.000574008 0.999987 0.005206 -1.1714e-08 -0.005206 0.999987 -0.0999873 -0.0759878 -0.0474692
FixedParameters: 0 0 0

#Transform 2
Transform: AffineTransform_float_3_3
Parameters: 0.999999 0.000583365 -0.000508298 -0.000580636 0.999989 0.0046403 0.000510699 -0.0046397 0.999989 -0.0858537 -0.0622044 -0.112556
FixedParameters: 0 0 0

#Transform 3
Transform: AffineTransform_float_3_3
Parameters: 0.999999 0.000640137 -0.000668008 -0.000636863 0.999989 0.00468543 0.000670991 -0.00468557 0.999989 -0.0733896 -0.0539965 -0.114004
FixedParameters: 0 0 0

#Transform 4
Transform: AffineTransform_float_3_3
Parameters: 0.999999 0.000622646 -0.000576154 -0.00062035 0.99999 0.00458136 0.000579848 -0.00458064 0.99999 -0.0697455 -0.0582044 -0.0906883
FixedParameters: 0 0 0

#Transform 5
Transform: AffineTransform_float_3_3
Parameters: 0.999999 0.000463339 -0.000552045 -0.000460661 0.999991 0.00423025 0.000553953 -0.00422974 0.999991 -0.0641194 -0.0607438 -0.122551
FixedParameters: 0 0 0

#Transform 6
Transform: AffineTransform_float_3_3
Parameters: 1 0.00039735 -0.000577389 -0.000394651 0.999991 0.00406523 0.000578609 -0.00406477 0.999991 -0.0574733 -0.0803088 -0.142283
FixedParameters: 0 0 0

#Transform 7
Transform: AffineTransform_float_3_3
Parameters: 1 0.000291306 -0.000538759 -0.000288697 0.999991 0.00427515 0.000539239 -0.00427584 0.99999 -0.0604924 -0.0967368 -0.144919
FixedParameters: 0 0 0

#Transform 8
Transform: AffineTransform_float_3_3
Parameters: 1 0.000226841 -0.000432038 -0.000225159 0.999991 0.0042561 0.000432962 -0.0042559 0.999991 -0.0642538 -0.0909967 -0.144221
FixedParameters: 0 0 0

#Transform 9
Transform: AffineTransform_float_3_3
Parameters: 1 6.05756e-05 -0.000656767 -5.74234e-05 0.999993 0.00392104 0.00065723 -0.00392096 0.999992 -0.0434127 -0.0824605 -0.118374
FixedParameters: 0 0 0

#Transform 10
Transform: AffineTransform_float_3_3
Parameters: 0.999997 -0.00244361 -0.00107574 0.00244639 0.999992 0.00316238 0.00106827 -0.00316462 0.999995 0.125819 -0.105834 -0.177329
FixedParameters: 0 0 0

#Transform 11
Transform: AffineTransform_float_3_3
Parameters: 1 -0.000204047 8.28839e-05 0.000203953 1 0.000569017 -8.3116e-05 -0.000568983 1 0.0175184 0.0107566 -0.0942307
FixedParameters: 0 0 0

#Transform 12
Transform: AffineTransform_float_3_3
Parameters: 1 -0.000286968 -0.000194047 0.000287032 1 0.000162944 0.000193953 -0.000163056 1 0.0205141 -0.00382855 -0.0898126
FixedParameters: 0 0 0

#Transform 13
Transform: AffineTransform_float_3_3
Parameters: 1 -0.000188014 6.79616e-05 0.000187986 1 0.000204013 -6.80383e-05 -0.000203987 1 0.0181124 -0.0191469 -0.138983
FixedParameters: 0 0 0

#Transform 14
Transform: AffineTransform_float_3_3
Parameters: 1 -6.50669e-05 0.000388989 6.49331e-05 1 0.000172025 -0.000389011 -0.000171975 1 0.0110858 0.0072874 -0.142805
FixedParameters: 0 0 0

#Transform 15
Transform: AffineTransform_float_3_3
Parameters: 1 0.000224994 -2.70481e-05 -0.000225006 1 -0.000213994 2.69518e-05 0.000214006 1 0.0210176 0.00114823 -0.139476
FixedParameters: 0 0 0

#Transform 16
Transform: AffineTransform_float_3_3
Parameters: 1 -7.425e-09 -2.7e-05 -7.425e-09 1 -0.000275 2.7e-05 0.000275 1 0.0109849 0.00599974 -0.0882258
FixedParameters: 0 0 0

#Transform 17
Transform: AffineTransform_float_3_3
Parameters: 1 0.000225001 -2.69939e-05 -0.000224999 1 2.70061e-05 2.70061e-05 -2.69939e-05 1 0.0265753 -0.00121053 -0.108476
FixedParameters: 0 0 0

#Transform 18
Transform: AffineTransform_float_3_3
Parameters: 1 6.90026e-05 -2.69932e-05 -6.89974e-05 1 9.80019e-05 2.70068e-05 -9.79981e-05 1 0.0192722 -0.00389902 -0.06123
FixedParameters: 0 0 0

#Transform 19
Transform: AffineTransform_float_3_3
Parameters: 1 0.000224998 -2.70157e-05 -0.000225002 1 -6.99939e-05 2.69842e-05 7.00061e-05 1 0.0116168 0.00147547 -0.0330123
FixedParameters: 0 0 0

#Transform 20
Transform: AffineTransform_float_3_3
Parameters: 1 -0.000103022 -2.69158e-05 0.000102978 0.999999 -0.000817002 2.70841e-05 0.000816997 0.999999 0.000499202 0.00279856 0.0130344
FixedParameters: 0 0 0

#Transform 21
Transform: AffineTransform_float_3_3
Parameters: 1 0.000225004 -2.69669e-05 -0.000224996 1 0.000147006 2.70331e-05 -0.000146994 1 -0.00779368 -0.0251536 -0.0503587
FixedParameters: 0 0 0

#Transform 22
Transform: AffineTransform_float_3_3
Parameters: 1 0.000224998 -2.70178e-05 -0.000225002 1 -7.89939e-05 2.69822e-05 7.90061e-05 1 -0.00779062 -0.0148818 -0.078173
FixedParameters: 0 0 0

#Transform 23
Transform: AffineTransform_float_3_3
Parameters: 1 0.000224995 -2.70423e-05 -0.000225005 1 -0.000187994 2.69577e-05 0.000188006 1 -0.00778381 0.0133952 -0.0943919
FixedParameters: 0 0 0

#Transform 24
Transform: AffineTransform_float_3_3
Parameters: 1 -6.99816e-06 -2.70005e-05 7.00184e-06 1 6.79998e-05 2.69995e-05 -6.80002e-05 1 -0.0110536 -0.00157258 -0.0359415
FixedParameters: 0 0 0

#Transform 25
Transform: AffineTransform_float_3_3
Parameters: 1 -6.30048e-05 -2.69888e-05 6.29952e-05 1 -0.000177002 2.70112e-05 0.000176998 1 -0.0117874 0.0117282 -0.0857034
FixedParameters: 0 0 0

#Transform 26
Transform: AffineTransform_float_3_3
Parameters: 1 -8.68946e-05 0.000128072 8.71053e-05 0.999999 -0.000822988 -0.000127928 0.000823011 0.999999 -0.0164237 0.00538683 -0.102502
FixedParameters: 0 0 0

#Transform 27
Transform: AffineTransform_float_3_3
Parameters: 1 -0.000338001 -2.69851e-05 0.000337999 1 -4.40091e-05 2.70149e-05 4.39909e-05 1 0.00731556 -0.012771 -0.110886
FixedParameters: 0 0 0

#Transform 28
Transform: AffineTransform_float_3_3
Parameters: 1 -0.00014597 0.000117037 0.00014603 1 -0.000252983 -0.000116963 0.000253017 1 0.00606151 0.0297411 -0.120965
FixedParameters: 0 0 0

#Transform 29
Transform: AffineTransform_float_3_3
Parameters: 1 -9.79795e-05 5.80346e-05 9.80205e-05 1 -0.000352994 -5.79654e-05 0.000353006 1 0.00836707 0.0482638 -0.119777
FixedParameters: 0 0 0

#Transform 30
Transform: AffineTransform_float_3_3
Parameters: 0.999997 -0.00129935 0.00235902 0.00130265 0.999998 -0.00154693 -0.00235699 0.00155007 0.999996 0.0406707 0.065085 -0.0233962
FixedParameters: 0 0 0

#Transform 31
Transform: AffineTransform_float_3_3
Parameters: 0.999998 -0.000922668 0.00178573 0.000925333 0.999998 -0.00186635 -0.00178428 0.00186765 0.999996 0.0314355 0.0269877 -0.0692277
FixedParameters: 0 0 0

#Transform 32
Transform: AffineTransform_float_3_3
Parameters: 0.999999 -0.000138714 0.000844211 0.000140285 0.999999 -0.00152288 -0.000843787 0.00152312 0.999998 0.0178026 0.0328085 -0.0516932
FixedParameters: 0 0 0

#Transform 33
Transform: AffineTransform_float_3_3
Parameters: 0.999999 -0.000400531 0.000947622 0.000401468 0.999998 -0.00154962 -0.000947379 0.00155038 0.999999 0.0112997 0.0518785 -0.0507327
FixedParameters: 0 0 0

#Transform 34
Transform: AffineTransform_float_3_3
Parameters: 1 -0.000139123 0.000460266 0.000139877 0.999998 -0.00190794 -0.000459734 0.00190706 0.999998 0.0591358 0.0218563 -0.0367871
FixedParameters: 0 0 0

#Transform 35
Transform: AffineTransform_float_3_3
Parameters: 1 -0.000426323 0.000460627 0.000427677 0.999999 -0.0014698 -0.000460372 0.0014702 0.999999 0.0550753 -0.00358912 -0.0735185
FixedParameters: 0 0 0

#Transform 36
Transform: AffineTransform_float_3_3
Parameters: 0.999998 -0.00170711 0.00108714 0.00171089 0.999992 -0.00359115 -0.00108086 0.00359285 0.999993 0.164145 0.0207365 -0.203696
FixedParameters: 0 0 0

#Transform 37
Transform: AffineTransform_float_3_3
Parameters: 0.999999 0.00108709 -0.00103008 -0.00108991 0.999996 -0.00282988 0.00102692 0.00283112 0.999996 0.0170669 0.0516622 -0.139651
FixedParameters: 0 0 0

#Transform 38
Transform: AffineTransform_float_3_3
Parameters: 0.999782 0.0179792 0.0106138 -0.0180228 0.99983 0.00394657 -0.0105412 -0.00413642 0.999936 -0.178512 -0.0933181 -0.552647
FixedParameters: 0 0 0

#Transform 39
Transform: AffineTransform_float_3_3
Parameters: 0.999952 0.00423658 0.00883997 -0.00424943 0.99999 0.0013875 -0.00883403 -0.00142449 0.99996 0.087309 -0.150933 -0.580607
FixedParameters: 0 0 0

#Transform 40
Transform: AffineTransform_float_3_3
Parameters: 0.99999 0.00176375 0.00396279 -0.00175225 0.999994 -0.00296597 -0.00396821 0.00295903 0.999987 0.0983664 0.0550342 -0.200316
FixedParameters: 0 0 0

#Transform 41
Transform: AffineTransform_float_3_3
Parameters: 0.999987 0.00176701 0.00462829 -0.00175299 0.999993 -0.00324615 -0.00463371 0.00323785 0.999984 0.0725779 0.045304 -0.181141
FixedParameters: 0 0 0

#Transform 42
Transform: AffineTransform_float_3_3
Parameters: 0.99999 0.00176431 0.00396254 -0.00175268 0.999993 -0.00310997 -0.00396846 0.00310203 0.999988 0.0859728 0.00819445 -0.164139
FixedParameters: 0 0 0

#Transform 43
Transform: AffineTransform_float_3_3
Parameters: 0.999988 0.00176558 0.00460481 -0.00175242 0.999994 -0.00295211 -0.00460919 0.0029439 0.999985 0.0673306 0.0125595 -0.179879
FixedParameters: 0 0 0

#Transform 44
Transform: AffineTransform_float_3_3
Parameters: 0.999989 0.00176411 0.00433709 -0.00175289 0.999994 -0.00279463 -0.00434191 0.00278637 0.999986 0.0689094 0.0124137 -0.16588
FixedParameters: 0 0 0

#Transform 45
Transform: AffineTransform_float_3_3
Parameters: 0.999987 0.00176623 0.00482381 -0.00175276 0.999994 -0.00295349 -0.00482919 0.00294451 0.999984 0.0557761 0.0321436 -0.119953
FixedParameters: 0 0 0

#Transform 46
Transform: AffineTransform_float_3_3
Parameters: 0.999987 0.0017662 0.00464462 -0.0017528 0.999994 -0.00306018 -0.00465037 0.00305182 0.999984 0.0606224 0.0242322 -0.126263
FixedParameters: 0 0 0

#Transform 47
Transform: AffineTransform_float_3_3
Parameters: 0.999988 0.00176635 0.0044233 -0.00175265 0.999993 -0.00324579 -0.0044287 0.00323721 0.999985 0.0667764 0.0391921 -0.11278
FixedParameters: 0 0 0

#Transform 48
Transform: AffineTransform_float_3_3
Parameters: 0.99999 0.00176485 0.0039623 -0.00175215 0.999993 -0.00324497 -0.0039677 0.00323803 0.999987 0.0793389 0.064543 -0.119676
FixedParameters: 0 0 0

#Transform 49
Transform: AffineTransform_float_3_3
Parameters: 0.99999 0.00176731 0.0039612 -0.00175269 0.999991 -0.00386598 -0.0039678 0.00385902 0.999984 0.0518627 0.0660695 -0.0109569
FixedParameters: 0 0 0

#Transform 50
Transform: AffineTransform_float_3_3
Parameters: 0.99999 0.00176716 0.00396127 -0.00175284 0.999991 -0.00382698 -0.00396773 0.00382002 0.999985 0.0394222 0.084771 -0.0505749
FixedParameters: 0 0 0

#Transform 51
Transform: AffineTransform_float_3_3
Parameters: 0.999991 0.0017679 0.0038317 -0.0017521 0.99999 -0.00414875 -0.0038383 0.00414225 0.999984 0.0617389 0.0611313 -0.0683829
FixedParameters: 0 0 0

#Transform 52
Transform: AffineTransform_float_3_3
Parameters: 0.999992 0.00078269 0.00396436 -0.000763306 0.999988 -0.00471406 -0.00396864 0.00471093 0.999981 0.0622508 0.0859044 -0.0473584
FixedParameters: 0 0 0

#Transform 53
Transform: AffineTransform_float_3_3
Parameters: 0.999956 -0.0062818 0.00694485 0.0063432 0.999941 -0.00882533 -0.00688915 0.00886966 0.999937 0.17166 0.131896 -0.124038
FixedParameters: 0 0 0

#Transform 54
Transform: AffineTransform_float_3_3
Parameters: 0.999984 -0.00269195 0.00498335 0.00275104 0.999925 -0.0118805 -0.00495065 0.0118945 0.999917 0.102219 0.175706 -0.292144
FixedParameters: 0 0 0

#Transform 55
Transform: AffineTransform_float_3_3
Parameters: 0.99999 -0.00222568 0.00386663 0.00227332 0.999922 -0.0122763 -0.00383937 0.0122847 0.999917 0.140018 0.150383 -0.320709
FixedParameters: 0 0 0

#Transform 56
Transform: AffineTransform_float_3_3
Parameters: 0.999993 -0.00122284 0.00372416 0.00127116 0.999915 -0.0129584 -0.00370784 0.0129626 0.999909 0.116288 0.148671 -0.370265
FixedParameters: 0 0 0

#Transform 57
Transform: AffineTransform_float_3_3
Parameters: 0.999989 -0.00135129 0.00449801 0.00141271 0.999904 -0.0137458 -0.004479 0.0137512 0.999896 0.0998699 0.171401 -0.399943
FixedParameters: 0 0 0

#Transform 58
Transform: AffineTransform_float_3_3
Parameters: 0.999992 -0.000877408 0.00392964 0.000928597 0.999916 -0.0128915 -0.00391835 0.0128945 0.999909 0.121916 0.175481 -0.422662
FixedParameters: 0 0 0

#Transform 59
Transform: AffineTransform_float_3_3
Parameters: 0.999991 -0.00122 0.00407456 0.00127399 0.999911 -0.0132769 -0.00405744 0.0132821 0.999903 0.113343 0.1649 -0.402797
FixedParameters: 0 0 0

#Transform 60
Transform: AffineTransform_float_3_3
Parameters: 0.99999 -0.00135905 0.00409829 0.00141295 0.999912 -0.0131913 -0.00407971 0.0131967 0.999904 0.0972393 0.16098 -0.339591
FixedParameters: 0 0 0

#Transform 61
Transform: AffineTransform_float_3_3
Parameters: 0.999992 -0.00118125 0.00387551 0.00123175 0.999916 -0.0128593 -0.00386048 0.0128637 0.99991 0.10829 0.17528 -0.35656
FixedParameters: 0 0 0

#Transform 62
Transform: AffineTransform_float_3_3
Parameters: 0.99999 -0.00135778 0.00429086 0.00141322 0.999916 -0.0128921 -0.00427313 0.0128979 0.999907 0.0975217 0.172205 -0.344233
FixedParameters: 0 0 0

#Transform 63
Transform: AffineTransform_float_3_3
Parameters: 0.999991 -0.00149066 0.0039479 0.00155535 0.999865 -0.016346 -0.00392309 0.016352 0.999858 0.112342 0.196713 -0.548206
FixedParameters: 0 0 0

#Transform 64
Transform: AffineTransform_float_3_3
Parameters: 0.999992 -0.00184687 0.00367004 0.00191313 0.999835 -0.0180981 -0.00363597 0.0181049 0.99983 0.114418 0.210312 -0.724023
FixedParameters: 0 0 0

#Transform 65
Transform: AffineTransform_float_3_3
Parameters: 0.999989 -0.00184761 0.00415569 0.00191339 0.999873 -0.0157862 -0.0041263 0.0157938 0.999867 0.0877961 0.199928 -0.487476
FixedParameters: 0 0 0

#Transform 66
Transform: AffineTransform_float_3_3
Parameters: 0.99999 -0.00184816 0.00403632 0.00191283 0.999869 -0.0161184 -0.00400568 0.0161266 0.999862 0.092503 0.19609 -0.5225
FixedParameters: 0 0 0

#Transform 67
Transform: AffineTransform_float_3_3
Parameters: 0.99999 -0.00184759 0.00410805 0.00191341 0.99987 -0.0159753 -0.00407795 0.0159827 0.999864 0.0820554 0.18543 -0.53209
FixedParameters: 0 0 0

#Transform 68
Transform: AffineTransform_float_3_3
Parameters: 0.99999 -0.00171665 0.00428742 0.00178536 0.999867 -0.0162235 -0.00425959 0.0162305 0.999859 0.0736774 0.189594 -0.539593
FixedParameters: 0 0 0

#Transform 69
Transform: AffineTransform_float_3_3
Parameters: 0.999989 -0.00184213 0.00445894 0.00191287 0.999871 -0.0159427 -0.00442906 0.0159513 0.999863 0.073887 0.1918 -0.508729
FixedParameters: 0 0 0

#Transform 70
Transform: AffineTransform_float_3_3
Parameters: 0.999988 -0.00184314 0.0044019 0.00191286 0.999871 -0.0159187 -0.00437209 0.0159272 0.999863 0.0755608 0.217686 -0.50531
FixedParameters: 0 0 0

#Transform 71
Transform: AffineTransform_float_3_3
Parameters: 0.99999 -0.00169126 0.00418956 0.00175873 0.999871 -0.0159788 -0.00416142 0.0159852 0.999863 0.0864304 0.214706 -0.528662
FixedParameters: 0 0 0

#Transform 72
Transform: AffineTransform_float_3_3
Parameters: 0.99999 -0.00184541 0.00423808 0.00191359 0.99987 -0.0160001 -0.00420792 0.0160079 0.999863 0.0727407 0.209356 -0.511629
FixedParameters: 0 0 0

#Transform 73
Transform: AffineTransform_float_3_3
Parameters: 0.99999 -0.00179457 0.00409729 0.00185943 0.99987 -0.0160215 -0.00406772 0.0160295 0.999863 0.091162 0.217261 -0.504598
FixedParameters: 0 0 0

#Transform 74
Transform: AffineTransform_float_3_3
Parameters: 0.999991 -0.00171684 0.00400015 0.00178016 0.999869 -0.016092 -0.00397186 0.016099 0.999862 0.0912159 0.202054 -0.525689
FixedParameters: 0 0 0

#Transform 75
Transform: AffineTransform_float_3_3
Parameters: 0.999992 -0.0013765 0.00394809 0.0014415 0.999865 -0.0163824 -0.00392491 0.0163875 0.999858 0.0984901 0.195578 -0.526593
FixedParameters: 0 0 0

#Transform 76
Transform: AffineTransform_float_3_3
Parameters: 0.999992 -0.0014596 0.00374113 0.0015194 0.999867 -0.0161934 -0.00371688 0.0161985 0.999862 0.104239 0.200726 -0.532488
FixedParameters: 0 0 0

#Transform 77
Transform: AffineTransform_float_3_3
Parameters: 0.99999 -0.00184802 0.0041148 0.00191298 0.999872 -0.0158433 -0.0040852 0.0158507 0.999866 0.0849189 0.233869 -0.535013
FixedParameters: 0 0 0

#Transform 78
Transform: AffineTransform_float_3_3
Parameters: 0.999989 -0.00184644 0.00431013 0.00191356 0.999878 -0.0154909 -0.00428086 0.0154991 0.99987 0.0810025 0.210633 -0.49205
FixedParameters: 0 0 0

#Transform 79
Transform: AffineTransform_float_3_3
Parameters: 0.999982 -0.0018529 0.00569192 0.00191311 0.999943 -0.0105723 -0.00567208 0.0105827 0.999928 -0.0137899 0.243616 0.0807459
FixedParameters: 0 0 0

#Transform 80
Transform: AffineTransform_float_3_3
Parameters: 0.999984 -0.00180759 0.00549282 0.00191342 0.999813 -0.0192468 -0.00545717 0.0192572 0.999799 0.07371 0.230321 -0.673669
FixedParameters: 0 0 0

#Transform 81
Transform: AffineTransform_float_3_3
Parameters: 0.999989 -0.00180759 0.00428204 0.00191341 0.999692 -0.0247431 -0.00423595 0.0247509 0.999684 0.120443 0.234746 -1.05424
FixedParameters: 0 0 0

#Transform 82
Transform: AffineTransform_float_3_3
Parameters: 0.99999 -0.00229871 0.00377667 0.00239328 0.999674 -0.0254242 -0.00371634 0.0254328 0.999669 0.127312 0.226023 -1.13456
FixedParameters: 0 0 0

#Transform 83
Transform: AffineTransform_float_3_3
Parameters: 0.999979 -0.00251773 0.00606372 0.00267526 0.999656 -0.0260703 -0.00599527 0.0260856 0.999641 0.0895234 0.2328 -1.10518
FixedParameters: 0 0 0

#Transform 84
Transform: AffineTransform_float_3_3
Parameters: 0.999981 -0.00233354 0.00573634 0.00247845 0.999672 -0.0254823 -0.00567467 0.0254957 0.999659 0.106363 0.236893 -1.08536
FixedParameters: 0 0 0

#Transform 85
Transform: AffineTransform_float_3_3
Parameters: 0.999987 -0.00187006 0.00485903 0.00199994 0.999637 -0.0268766 -0.00480698 0.0268863 0.999627 0.135331 0.236258 -1.17768
FixedParameters: 0 0 0

#Transform 86
Transform: AffineTransform_float_3_3
Parameters: 0.999983 -0.0023353 0.00522561 0.00247868 0.999614 -0.0276625 -0.00515839 0.0276755 0.999603 0.123372 0.244452 -1.23093
FixedParameters: 0 0 0

#Transform 87
Transform: AffineTransform_float_3_3
Parameters: 0.999981 -0.00232463 0.00557787 0.00247837 0.999609 -0.0278297 -0.00551115 0.0278423 0.999597 0.119773 0.248408 -1.27132
FixedParameters: 0 0 0

#Transform 88
Transform: AffineTransform_float_3_3
Parameters: 0.999987 -0.00192897 0.00486276 0.00206401 0.999608 -0.0279184 -0.00480624 0.0279277 0.999599 0.134665 0.255459 -1.30409
FixedParameters: 0 0 0

#Transform 89
Transform: AffineTransform_float_3_3
Parameters: 0.999986 -0.00234261 0.00487493 0.00247839 0.999601 -0.0281624 -0.0048071 0.0281737 0.999592 0.122981 0.251788 -1.30647
FixedParameters: 0 0 0

#Transform 90
Transform: AffineTransform_float_3_3
Parameters: 0.999988 -0.00187801 0.00457158 0.00200797 0.999589 -0.0285982 -0.00451541 0.0286068 0.99958 0.138354 0.263131 -1.35475
FixedParameters: 0 0 0

#Transform 91
Transform: AffineTransform_float_3_3
Parameters: 0.999984 -0.00233656 0.00515793 0.00247845 0.999611 -0.0277856 -0.00509108 0.0277973 0.9996 0.104834 0.263947 -1.24373
FixedParameters: 0 0 0

#Transform 92
Transform: AffineTransform_float_3_3
Parameters: 0.999976 -0.00256227 0.0063334 0.00273874 0.999602 -0.0280543 -0.00625961 0.0280717 0.999587 0.0919932 0.284474 -1.1809
FixedParameters: 0 0 0

#Transform 93
Transform: AffineTransform_float_3_3
Parameters: 0.999978 -0.00229834 0.00632757 0.00247867 0.999585 -0.028693 -0.00625944 0.028708 0.999568 0.102043 0.301345 -1.17172
FixedParameters: 0 0 0

#Transform 94
Transform: AffineTransform_float_3_3
Parameters: 0.999976 -0.0027109 0.00633954 0.00289111 0.999583 -0.0287344 -0.00625949 0.0287516 0.999567 0.105752 0.30321 -1.18988
FixedParameters: 0 0 0

#Transform 95
Transform: AffineTransform_float_3_3
Parameters: 0.999979 -0.0023024 0.00615795 0.0024786 0.999582 -0.0288254 -0.00608907 0.0288407 0.999566 0.116347 0.306636 -1.18943
FixedParameters: 0 0 0

#Transform 96
Transform: AffineTransform_float_3_3
Parameters: 0.999976 -0.0025497 0.00633588 0.0027333 0.999573 -0.0290924 -0.00625911 0.0291086 0.999556 0.10798 0.297455 -1.18509
FixedParameters: 0 0 0

#Transform 97
Transform: AffineTransform_float_3_3
Parameters: 0.999977 -0.00273609 0.00609706 0.00290991 0.999584 -0.0286999 -0.00601594 0.0287171 0.99957 0.107 0.303776 -1.1801
FixedParameters: 0 0 0

#Transform 98
Transform: AffineTransform_float_3_3
Parameters: 0.999979 -0.00230593 0.00607751 0.00247908 0.999587 -0.0286245 -0.00600948 0.0286395 0.999572 0.103015 0.303374 -1.16827
FixedParameters: 0 0 0

#Transform 99
Transform: AffineTransform_float_3_3
Parameters: 0.999976 -0.00260328 0.0063363 0.00278374 0.999584 -0.028682 -0.00625971 0.028699 0.999569 0.093335 0.317958 -1.19013
FixedParameters: 0 0 0

#Transform 100
Transform: AffineTransform_float_3_3
Parameters: 0.999979 -0.00342841 0.0054916 0.0036016 0.99949 -0.0317329 -0.00538039 0.0317511 0.999482 0.141055 0.0672339 -1.3486
FixedParameters: 0 0 0

#Transform 101
Transform: AffineTransform_float_3_3
Parameters: 0.99999 -0.0036432 0.00266528 0.00372081 0.999561 -0.0293994 -0.0025577 0.0294086 0.999564 0.191489 -0.13956 -1.61925
FixedParameters: 0 0 0

#Transform 102
Transform: AffineTransform_float_3_3
Parameters: 0.999983 -0.00311125 0.0048215 0.00323676 0.999649 -0.0262968 -0.00473849 0.0263122 0.999642 0.234645 -0.3332 -2.19085
FixedParameters: 0 0 0

#Transform 103
Transform: AffineTransform_float_3_3
Parameters: 0.999991 -0.00243059 0.0036546 0.0025424 0.999523 -0.030797 -0.00357739 0.030806 0.999519 0.236528 0.299166 -2.07496
FixedParameters: 0 0 0

#Transform 104
Transform: AffineTransform_float_3_3
Parameters: 0.999987 -0.0037009 0.00333765 0.0038131 0.999407 -0.0342287 -0.00320934 0.0342403 0.999408 0.222779 0.498786 -1.67133
FixedParameters: 0 0 0

#Transform 105
Transform: AffineTransform_float_3_3
Parameters: 0.999977 -0.00676984 0.000758434 0.00679114 0.999444 -0.0326466 -0.000536558 0.0326514 0.999466 0.358401 0.390516 -1.75459
FixedParameters: 0 0 0

#Transform 106
Transform: AffineTransform_float_3_3
Parameters: 0.999981 -0.0061962 0.00021702 0.0061998 0.999373 -0.0348413 -9.89321e-07 0.0348417 0.999393 0.371213 0.410482 -1.83511
FixedParameters: 0 0 0

#Transform 107
Transform: AffineTransform_float_3_3
Parameters: 0.99999 -0.00415254 0.00174755 0.00421548 0.999292 -0.037401 -0.00159143 0.037408 0.999299 0.246274 0.459527 -1.90814
FixedParameters: 0 0 0

#Transform 108
Transform: AffineTransform_float_3_3
Parameters: 0.99999 -0.00370412 0.00255058 0.00379285 0.999367 -0.0353567 -0.00241739 0.0353653 0.999371 0.225235 0.392376 -1.86482
FixedParameters: 0 0 0

#Transform 109
Transform: AffineTransform_float_3_3
Parameters: 0.99999 -0.00371418 0.00223851 0.0037928 0.999351 -0.0358238 -0.00210346 0.0358321 0.999355 0.241067 0.38195 -1.75959
FixedParameters: 0 0 0

#Transform 110
Transform: AffineTransform_float_3_3
Parameters: 0.999992 -0.00372859 0.00182566 0.0037924 0.999343 -0.0360624 -0.00168932 0.0360686 0.999348 0.248558 0.420741 -1.74064
FixedParameters: 0 0 0

#Transform 111
Transform: AffineTransform_float_3_3
Parameters: 0.999991 -0.00371888 0.00212632 0.00379211 0.999363 -0.0354863 -0.00199267 0.0354947 0.999368 0.244078 0.378816 -1.70585
FixedParameters: 0 0 0

#Transform 112
Transform: AffineTransform_float_3_3
Parameters: 0.999984 -0.00560686 0.000964764 0.00563811 0.999334 -0.0360491 -0.000761231 0.0360538 0.999349 0.311491 0.397164 -1.7032
FixedParameters: 0 0 0

#Transform 113
Transform: AffineTransform_float_3_3
Parameters: 0.999981 -0.00606517 -6.8161e-05 0.00605883 0.999359 -0.0352641 0.000281832 0.0352629 0.999378 0.35154 0.33253 -1.73701
FixedParameters: 0 0 0

#Transform 114
Transform: AffineTransform_float_3_3
Parameters: 0.999974 -0.00712281 -0.00126941 0.0070742 0.999362 -0.0350149 0.0015176 0.0350051 0.999386 0.417808 0.30123 -1.77446
FixedParameters: 0 0 0

#Transform 115
Transform: AffineTransform_float_3_3
Parameters: 0.999983 -0.00587224 -0.000850079 0.00583777 0.999341 -0.0358436 0.00105991 0.0358374 0.999357 0.357623 0.33953 -1.7367
FixedParameters: 0 0 0

#Transform 116
Transform: AffineTransform_float_3_3
Parameters: 0.999981 -0.0061309 -0.0013229 0.0060801 0.99935 -0.0355508 0.0015401 0.0355423 0.999367 0.357776 0.3129 -1.69996
FixedParameters: 0 0 0

#Transform 117
Transform: AffineTransform_float_3_3
Parameters: 0.999978 -0.0065165 -0.00130996 0.0064655 0.999351 -0.0354323 0.00154003 0.0354228 0.999371 0.368901 0.312688 -1.71419
FixedParameters: 0 0 0

#Transform 118
Transform: AffineTransform_float_3_3
Parameters: 0.99999 -0.00442116 0.000267418 0.00442886 0.999316 -0.0366952 -0.000105552 0.0366958 0.999327 0.299426 0.364143 -1.67595
FixedParameters: 0 0 0

#Transform 119
Transform: AffineTransform_float_3_3
Parameters: 0.999993 -0.00364864 0.000594343 0.00366735 0.99932 -0.0367091 -0.000459681 0.0367109 0.999326 0.263195 0.378247 -1.66515
FixedParameters: 0 0 0

#Transform 120
Transform: AffineTransform_float_3_3
Parameters: 0.999953 -0.00909828 0.00336277 0.00922072 0.999216 -0.0384838 -0.00301024 0.0385132 0.999253 0.439355 0.370671 -1.73767
FixedParameters: 0 0 0

#Transform 121
Transform: AffineTransform_float_3_3
Parameters: 0.998279 -0.0583191 0.00604165 0.0585839 0.996301 -0.0628662 -0.00235337 0.0631118 0.998003 0.796374 0.311646 -2.38445
FixedParameters: 0 0 0

#Transform 122
Transform: AffineTransform_float_3_3
Parameters: 0.999716 -0.0238219 0.00119849 0.0238521 0.998455 -0.0501907 -4.99088e-07 0.0502053 0.998739 0.471203 0.440761 -2.33448
FixedParameters: 0 0 0

#Transform 123
Transform: AffineTransform_float_3_3
Parameters: 0.99976 -0.0218258 0.00157562 0.0218772 0.998543 -0.0493143 -0.000497356 0.0493377 0.998782 0.324319 0.382491 -2.05646
FixedParameters: 0 0 0

#Transform 124
Transform: AffineTransform_float_3_3
Parameters: 0.999816 -0.0191504 0.00027268 0.0191386 0.99849 -0.0515012 0.000713657 0.0514968 0.998673 0.266578 0.526441 -1.81747
FixedParameters: 0 0 0

#Transform 125
Transform: AffineTransform_float_3_3
Parameters: 0.999841 -0.0178696 -0.000110132 0.0178404 0.998551 -0.050758 0.00101684 0.0507479 0.998711 0.223261 0.545735 -1.69046
FixedParameters: 0 0 0

#Transform 126
Transform: AffineTransform_float_3_3
Parameters: 0.999842 -0.0178044 -0.000394128 0.0177606 0.998536 -0.0510801 0.00130285 0.0510649 0.998695 0.230843 0.549584 -1.69978
FixedParameters: 0 0 0

#Transform 127
Transform: AffineTransform_float_3_3
Parameters: 0.999849 -0.017346 -1.35259e-06 0.017323 0.998527 -0.0514037 0.00089365 0.0513962 0.998678 0.221471 0.568833 -1.68955
FixedParameters: 0 0 0

#Transform 128
Transform: AffineTransform_float_3_3
Parameters: 0.999843 -0.0177567 0.000398636 0.0177544 0.998554 -0.0507449 0.000502656 0.050744 0.998711 0.199658 0.52884 -1.68075
FixedParameters: 0 0 0

#Transform 129
Transform: AffineTransform_float_3_3
Parameters: 0.999814 -0.019313 0.000682598 0.019323 0.998563 -0.0499982 0.000283594 0.0500019 0.998749 0.201407 0.494502 -1.71728
FixedParameters: 0 0 0

#Transform 130
Transform: AffineTransform_float_3_3
Parameters: 0.99975 -0.0223724 0.000798243 0.0223846 0.99845 -0.0509559 0.000343275 0.0509611 0.9987 0.289279 0.39272 -1.72523
FixedParameters: 0 0 0

#Transform 131
Transform: AffineTransform_float_3_3
Parameters: 0.999658 -0.0242469 0.00981247 0.0246411 0.998802 -0.0422617 -0.00877553 0.0424893 0.999059 0.0806174 -0.338077 -3.79199
FixedParameters: 0 0 0

#Transform 132
Transform: AffineTransform_float_3_3
Parameters: 0.999644 -0.0260073 0.00596981 0.0261027 0.999525 -0.016379 -0.00554118 0.016529 0.999848 -0.361074 -0.75316 -5.39061
FixedParameters: 0 0 0

#Transform 133
Transform: AffineTransform_float_3_3
Parameters: 0.999748 -0.0223541 0.00202145 0.0223729 0.999701 -0.00987926 -0.00180056 0.00992175 0.999949 -0.422418 -0.788439 -4.98622
FixedParameters: 0 0 0

#Transform 134
Transform: AffineTransform_float_3_3
Parameters: 0.999744 -0.0210347 0.00824593 0.0212172 0.999517 -0.0226748 -0.00776405 0.0228441 0.999709 -0.425202 -0.431154 -4.31054
FixedParameters: 0 0 0

#Transform 135
Transform: AffineTransform_float_3_3
Parameters: 0.999693 -0.0228908 0.00943258 0.0231962 0.999166 -0.0336255 -0.00865539 0.0338345 0.99939 -0.44361 0.0723534 -3.47556
FixedParameters: 0 0 0

#Transform 136
Transform: AffineTransform_float_3_3
Parameters: 0.999643 -0.0258541 0.00676284 0.0260849 0.998989 -0.0366287 -0.00580915 0.0367923 0.999306 -0.335983 0.0540004 -3.45135
FixedParameters: 0 0 0

#Transform 137
Transform: AffineTransform_float_3_3
Parameters: 0.999593 -0.0283052 0.00359362 0.0284208 0.99888 -0.0378233 -0.0025184 0.0379097 0.999278 -0.26501 0.164685 -3.11578
FixedParameters: 0 0 0

#Transform 138
Transform: AffineTransform_float_3_3
Parameters: 0.999645 -0.0263249 0.00414524 0.0264651 0.99891 -0.03847 -0.00312778 0.0385651 0.999251 -0.284298 0.159255 -2.98516
FixedParameters: 0 0 0

#Transform 139
Transform: AffineTransform_float_3_3
Parameters: 0.999714 -0.0233465 0.00513976 0.0235305 0.998948 -0.0393783 -0.00421427 0.0394877 0.999211 -0.354212 0.231847 -2.94353
FixedParameters: 0 0 0

#Transform 140
Transform: AffineTransform_float_3_3
Parameters: 0.999717 -0.0232204 0.00512366 0.0234056 0.998935 -0.0397583 -0.00419536 0.0398667 0.999196 -0.351376 0.241319 -2.88362
FixedParameters: 0 0 0

#Transform 141
Transform: AffineTransform_float_3_3
Parameters: 0.999737 -0.0222787 0.00546578 0.0224803 0.998945 -0.0400387 -0.00456821 0.0401514 0.999183 -0.320492 0.271791 -2.88649
FixedParameters: 0 0 0

#Transform 142
Transform: AffineTransform_float_3_3
Parameters: 0.999838 -0.0179891 0.000214644 0.0178248 0.988961 -0.147104 0.00243462 0.147084 0.989121 0.203885 1.99834 -2.78268
FixedParameters: 0 0 0

#Transform 143
Transform: AffineTransform_float_3_3
Parameters: 0.999615 -0.0277259 0.000861878 0.0275891 0.990487 -0.134808 0.00288389 0.13478 0.990872 0.208715 2.00825 -3.27244
FixedParameters: 0 0 0

#Transform 144
Transform: AffineTransform_float_3_3
Parameters: 0.999585 -0.0288159 0.000892402 0.028705 0.991906 -0.123688 0.00267941 0.123662 0.992321 0.0940565 1.86922 -2.82568
FixedParameters: 0 0 0

#Transform 145
Transform: AffineTransform_float_3_3
Parameters: 0.999597 -0.0282757 -0.00223193 0.0278653 0.99369 -0.10865 0.00529 0.108544 0.994078 -0.068963 1.27673 -1.67347
FixedParameters: 0 0 0

#Transform 146
Transform: AffineTransform_float_3_3
Parameters: 0.99979 -0.0203579 -0.00201696 0.019924 0.991339 -0.129802 0.00464204 0.129735 0.991538 -0.009004 1.87005 -1.66911
FixedParameters: 0 0 0

#Transform 147
Transform: AffineTransform_float_3_3
Parameters: 0.999755 -0.0217626 -0.00398752 0.0210863 0.991805 -0.126003 0.0066974 0.125888 0.992022 0.0300329 1.74893 -1.66183
FixedParameters: 0 0 0

#Transform 148
Transform: AffineTransform_float_3_3
Parameters: 0.999757 -0.0214061 -0.00527326 0.0206367 0.992817 -0.117845 0.00775883 0.117707 0.993018 -0.0140338 1.64453 -1.53787
FixedParameters: 0 0 0

#Transform 149
Transform: AffineTransform_float_3_3
Parameters: 0.99966 -0.0245058 -0.00891242 0.0233032 0.992929 -0.116405 0.0117016 0.116158 0.993162 -0.0908139 1.29653 -0.866087
FixedParameters: 0 0 0

#Transform 150
Transform: AffineTransform_float_3_3
Parameters: 0.999643 -0.0238821 -0.0119349 0.0220348 0.990427 -0.136269 0.0150751 0.135957 0.9906 -0.0282617 2.04703 -1.31589
FixedParameters: 0 0 0

#Transform 151
Transform: AffineTransform_float_3_3
Parameters: 0.999642 -0.0238143 -0.0121462 0.0220767 0.991624 -0.127259 0.0150748 0.126944 0.991795 -0.0789835 1.73491 -1.07168
FixedParameters: 0 0 0

#Transform 152
Transform: AffineTransform_float_3_3
Parameters: 0.99962 -0.0252044 -0.011173 0.0235606 0.991425 -0.12854 0.0143169 0.128228 0.991642 -0.0767741 1.73393 -1.24831
FixedParameters: 0 0 0

#Transform 153
Transform: AffineTransform_float_3_3
Parameters: 0.999634 -0.024853 -0.0107367 0.0232521 0.991278 -0.129719 0.0138663 0.129423 0.991492 -0.0836807 1.7442 -1.35607
FixedParameters: 0 0 0

#Transform 154
Transform: AffineTransform_float_3_3
Parameters: 0.999638 -0.0246321 -0.0108141 0.0231319 0.992274 -0.12189 0.0137328 0.121596 0.992484 -0.0829473 1.59225 -1.13699
FixedParameters: 0 0 0

#Transform 155
Transform: AffineTransform_float_3_3
Parameters: 0.999644 -0.0239312 -0.0117611 0.0222138 0.991379 -0.129133 0.0147499 0.128826 0.991557 -0.0661276 1.73992 -1.31683
FixedParameters: 0 0 0

#Transform 156
Transform: AffineTransform_float_3_3
Parameters: 0.999664 -0.0239672 -0.00991847 0.0223087 0.989525 -0.142629 0.0132335 0.14236 0.989726 0.0689399 1.85417 -2.10189
FixedParameters: 0 0 0

#Transform 157
Transform: AffineTransform_float_3_3
Parameters: 0.999635 -0.0257166 -0.00835032 0.0243575 0.99058 -0.134752 0.0117366 0.134498 0.990845 0.0458289 1.64449 -2.32435
FixedParameters: 0 0 0

#Transform 158
Transform: AffineTransform_float_3_3
Parameters: 0.999626 -0.0261328 -0.00806282 0.0248702 0.99127 -0.129476 0.0113762 0.129227 0.99155 0.0244447 1.56119 -1.86377
FixedParameters: 0 0 0

#Transform 159
Transform: AffineTransform_float_3_3
Parameters: 0.999656 -0.0247367 -0.00863168 0.0234932 0.992188 -0.12252 0.0115952 0.122275 0.992428 -0.0254712 1.44642 -1.47433
FixedParameters: 0 0 0
