#Insight Transform File V1.0
#Transform 0
Transform: AffineTransform_float_3_3
Parameters: 1 -5.35401e-05 0.000420059 5.34599e-05 1 -0.00109498 -0.000419942 0.00109502 1 0.00334171 -0.0130461 -0.135784
FixedParameters: 0 0 0

#Transform 1
Transform: AffineTransform_float_3_3
Parameters: 0.999999 0.000911007 0.000105929 -0.000910991 0.999999 -7.80965e-05 -0.000106071 7.79034e-05 1 -0.0306052 0.239451 0.023644
FixedParameters: 0 0 0

#Transform 2
Transform: AffineTransform_float_3_3
Parameters: 1 0.000691023 -7.17733e-05 -0.000690976 0.999999 0.00032805 7.22266e-05 -0.00032795 1 -0.0341639 0.175556 -0.0654937
FixedParameters: 0 0 0

#Transform 3
Transform: AffineTransform_float_3_3
Parameters: 0.999999 0.000944893 -0.000184546 -0.000945106 1 -0.000577826 0.000183454 0.000578174 1 -0.0308453 0.241443 -0.0913676
FixedParameters: 0 0 0

#Transform 4
Transform: AffineTransform_float_3_3
Parameters: 0.999999 0.000699021 0.000153904 -0.000698979 0.999999 -0.000137108 -0.000154096 0.000136892 1 -0.0484854 0.201107 -0.147576
FixedParameters: 0 0 0

#Transform 5
Transform: AffineTransform_float_3_3
Parameters: 1 0.000562908 0.000212244 -0.000563092 0.999999 0.00043388 -0.000212756 -0.00043412 1 -0.0446774 0.19593 -0.111976
FixedParameters: 0 0 0

#Transform 6
Transform: AffineTransform_float_3_3
Parameters: 0.999999 0.000709088 0.000252753 -0.000709912 0.999999 -0.000348179 -0.000252247 0.000347821 1 -0.0423444 0.240201 -0.0722308
FixedParameters: 0 0 0

#Transform 7
Transform: AffineTransform_float_3_3
Parameters: 0.999999 0.000750971 -0.000184116 -0.000751028 0.999999 -0.000154862 0.000183883 0.000155138 1 -0.02978 0.183285 -0.106641
FixedParameters: 0 0 0

#Transform 8
Transform: AffineTransform_float_3_3
Parameters: 1 0.00111593 -0.000184447 -0.00111607 1 -0.000400794 0.000183554 0.000400205 1 -0.0212511 0.197793 -0.11853
FixedParameters: 0 0 0

#Transform 9
Transform: AffineTransform_float_3_3
Parameters: 1 0.00111586 -0.000184863 -0.00111614 0.999999 -0.000772794 0.000183137 0.000773205 0.999999 -0.021303 0.152277 -0.16117
FixedParameters: 0 0 0

#Transform 10
Transform: AffineTransform_float_3_3
Parameters: 1 0.00111597 -2.2366e-05 -0.00111603 0.999998 -0.00122398 2.0634e-05 0.00122402 1 -0.0255716 0.216196 -0.151828
FixedParameters: 0 0 0

#Transform 11
Transform: AffineTransform_float_3_3
Parameters: 1 0.00111581 -0.000185124 -0.00111619 0.999999 -0.00100679 0.000183876 0.00100721 1 -0.0212909 0.15039 -0.189454
FixedParameters: 0 0 0

#Transform 12
Transform: AffineTransform_float_3_3
Parameters: 1 0.00111589 -0.000184651 -0.00111611 0.999999 -0.000582794 0.000183349 0.000583205 1 -0.0212167 0.213516 -0.182443
FixedParameters: 0 0 0

#Transform 13
Transform: AffineTransform_float_3_3
Parameters: 0.999999 0.00140384 -0.000185202 -0.00140416 0.999998 -0.00085574 0.000183799 0.000855258 0.999999 -0.0237119 0.191792 -0.192981
FixedParameters: 0 0 0

#Transform 14
Transform: AffineTransform_float_3_3
Parameters: 1 0.00118787 -0.000184821 -0.00118813 0.999999 -0.000690781 0.00018318 0.000690218 0.999999 -0.0356461 0.167775 -0.196877
FixedParameters: 0 0 0

#Transform 15
Transform: AffineTransform_float_3_3
Parameters: 0.999999 0.000903132 0.000165277 -0.000902867 1 -0.00080015 -0.000166722 0.00079985 0.999999 -0.0575737 0.224467 -0.234792
FixedParameters: 0 0 0

#Transform 16
Transform: AffineTransform_float_3_3
Parameters: 0.999999 0.000924863 -0.000184688 -0.000925136 1 -0.000743829 0.000183312 0.00074317 0.999999 -0.0448875 0.216917 -0.255875
FixedParameters: 0 0 0

#Transform 17
Transform: AffineTransform_float_3_3
Parameters: 0.999999 0.00134302 2.20008e-05 -0.00134298 0.999999 -0.00074403 -2.29992e-05 0.000743969 0.999999 -0.0421102 0.202358 -0.285699
FixedParameters: 0 0 0

#Transform 18
Transform: AffineTransform_float_3_3
Parameters: 0.999999 0.00134286 -0.000184999 -0.00134214 0.999999 -0.000743752 0.000184001 0.000744247 0.999999 -0.0343602 0.199877 -0.236519
FixedParameters: 0 0 0

#Transform 19
Transform: AffineTransform_float_3_3
Parameters: 0.999999 0.000932019 2.1163e-05 -0.000931981 0.999999 -0.00089802 -2.18369e-05 0.00089798 0.999999 -0.0534319 0.213016 -0.220433
FixedParameters: 0 0 0

#Transform 20
Transform: AffineTransform_float_3_3
Parameters: 0.999999 0.000937123 0.000124075 -0.000936877 0.999999 -0.000987116 -0.000124925 0.000986883 0.999999 -0.0573422 0.218758 -0.217609
FixedParameters: 0 0 0

#Transform 21
Transform: AffineTransform_float_3_3
Parameters: 0.999999 0.000930848 -0.000184768 -0.000931151 0.999999 -0.000824828 0.000183232 0.000825171 0.999999 -0.049378 0.185197 -0.216773
FixedParameters: 0 0 0

#Transform 22
Transform: AffineTransform_float_3_3
Parameters: 1 0.00104181 -0.000185085 -0.00104219 0.999999 -0.00104081 0.000183916 0.00104019 1 -0.0475116 0.189247 -0.243552
FixedParameters: 0 0 0

#Transform 23
Transform: AffineTransform_float_3_3
Parameters: 0.999999 0.000888067 5.38988e-05 -0.000888932 0.999999 -0.00124005 -5.51032e-05 0.00124095 0.999999 -0.0534261 0.215178 -0.211077
FixedParameters: 0 0 0

#Transform 24
Transform: AffineTransform_float_3_3
Parameters: 0.999999 0.00134318 0.000261081 -0.00134282 0.999999 -0.000684351 -0.000261918 0.000683649 0.999999 -0.049177 0.165859 -0.15453
FixedParameters: 0 0 0

#Transform 25
Transform: AffineTransform_float_3_3
Parameters: 0.999999 0.00134316 0.000640659 -0.00134284 0.999999 -0.000253861 -0.00064034 0.00025314 1 -0.0467281 0.16851 -0.231933
FixedParameters: 0 0 0

#Transform 26
Transform: AffineTransform_float_3_3
Parameters: 0.999999 0.00134328 0.000533296 -0.00134272 0.999999 -0.000524716 -0.000533703 0.000523283 0.999999 -0.0354384 0.123494 -0.232446
FixedParameters: 0 0 0

#Transform 27
Transform: AffineTransform_float_3_3
Parameters: 0.999999 0.00153904 0.000208686 -0.00153896 0.999999 -0.000204321 -0.000208315 0.00020468 1 -0.0219951 0.20295 -0.199814
FixedParameters: 0 0 0

#Transform 28
Transform: AffineTransform_float_3_3
Parameters: 0.999999 0.00171729 0.000577142 -0.00171671 0.999999 -0.000499992 -0.000577858 0.000499009 0.999999 -0.0278577 0.161378 -0.268217
FixedParameters: 0 0 0

#Transform 29
Transform: AffineTransform_float_3_3
Parameters: 0.999998 0.00165194 -0.000101999 -0.00165206 0.999999 -0.000604832 0.000101 0.000605168 1 -0.013527 0.205879 -0.207024
FixedParameters: 0 0 0

#Transform 30
Transform: AffineTransform_float_3_3
Parameters: 0.999999 0.0013433 0.000678409 -0.0013427 0.999999 -0.000439911 -0.00067859 0.000439089 0.999999 -0.0392617 0.209515 -0.238856
FixedParameters: 0 0 0

#Transform 31
Transform: AffineTransform_float_3_3
Parameters: 0.999999 0.000804301 0.000577579 -0.000803697 0.999999 -0.000523464 -0.00057742 0.000522535 0.999999 0.000327446 0.175248 -0.0795695
FixedParameters: 0 0 0

#Transform 32
Transform: AffineTransform_float_3_3
Parameters: 1 0.0011931 0.000119985 -0.0011929 0.999999 -0.000851143 -0.000121016 0.000851856 0.999999 0.00550979 0.142182 -0.113811
FixedParameters: 0 0 0

#Transform 33
Transform: AffineTransform_float_3_3
Parameters: 0.999999 0.00140416 0.000119111 -0.00140484 0.999998 -0.00134517 -0.00012089 0.00134483 0.999999 -0.00521143 0.144662 -0.090273
FixedParameters: 0 0 0

#Transform 34
Transform: AffineTransform_float_3_3
Parameters: 0.999999 0.00171976 -0.000492348 -0.00172024 0.999996 -0.00252716 0.000488652 0.00252884 0.999996 -0.0138964 0.19488 -0.198152
FixedParameters: 0 0 0

#Transform 35
Transform: AffineTransform_float_3_3
Parameters: 1 0.00117367 -0.000225722 -0.00117433 0.999998 -0.00146674 0.000224279 0.00146626 0.999999 -0.0180895 0.167285 -0.33778
FixedParameters: 0 0 0

#Transform 36
Transform: AffineTransform_float_3_3
Parameters: 0.999999 -0.000208997 0.000907 0.000209003 1 -2.81043e-06 -0.000906999 3.18956e-06 0.999999 -0.0290845 0.11816 -0.172928
FixedParameters: 0 0 0

#Transform 37
Transform: AffineTransform_float_3_3
Parameters: 0.999999 0.000330943 0.000691027 -0.000331056 1 8.17712e-05 -0.000690972 -8.22287e-05 1 -0.0401653 0.175467 -0.15247
FixedParameters: 0 0 0

#Transform 38
Transform: AffineTransform_float_3_3
Parameters: 0.999999 0.000507864 0.000738093 -0.000508136 1 0.000184625 -0.000737906 -0.000184375 0.999999 -0.0373042 0.188971 -0.132242
FixedParameters: 0 0 0

#Transform 39
Transform: AffineTransform_float_3_3
Parameters: 1 -0.000169638 -0.000129475 0.000170361 0.999996 0.00279998 0.000128523 -0.00280002 0.999996 -0.0339746 0.116679 -0.141307
FixedParameters: 0 0 0

#Transform 40
Transform: AffineTransform_float_3_3
Parameters: 1 -0.000545342 -0.000284265 0.000546657 0.999997 0.00231885 0.000282733 -0.00231916 0.999998 -0.0550669 0.0906972 -0.0278972
FixedParameters: 0 0 0

#Transform 41
Transform: AffineTransform_float_3_3
Parameters: 1 -0.000200532 -0.000513183 0.000200469 0.999999 0.000911897 0.000513818 -0.000912103 1 -0.024293 0.0133413 -0.0497708
FixedParameters: 0 0 0

#Transform 42
Transform: AffineTransform_float_3_3
Parameters: 1 0.000196057 0.000168934 -0.000195943 1 -0.000337033 -0.000169066 0.000336967 1 -0.0500055 0.138943 -0.0455545
FixedParameters: 0 0 0

#Transform 43
Transform: AffineTransform_float_3_3
Parameters: 1 0.00029705 0.000168912 -0.00029695 1 -0.00029605 -0.000169088 0.00029595 1 -0.0475882 0.140865 -0.138738
FixedParameters: 0 0 0

#Transform 44
Transform: AffineTransform_float_3_3
Parameters: 0.999999 0.000763958 0.000191167 -0.000764041 0.999999 0.000218854 -0.000190833 -0.000219146 1 -0.0374742 0.178071 -0.176682
FixedParameters: 0 0 0

#Transform 45
Transform: AffineTransform_float_3_3
Parameters: 0.999999 0.000934045 0.000122651 -0.000933953 0.999999 -0.000374114 -0.000123349 0.000373885 1 -0.0316576 0.17804 -0.189327
FixedParameters: 0 0 0

#Transform 46
Transform: AffineTransform_float_3_3
Parameters: 1 0.000493026 6.88156e-05 -0.000492974 1 -0.000374034 -6.91844e-05 0.000373966 1 -0.0309611 0.201408 -0.194832
FixedParameters: 0 0 0

#Transform 47
Transform: AffineTransform_float_3_3
Parameters: 0.999999 0.000748019 5.17202e-05 -0.00074798 0.999999 -0.000374039 -5.22797e-05 0.000373961 1 -0.0340197 0.169523 -0.293126
FixedParameters: 0 0 0

#Transform 48
Transform: AffineTransform_float_3_3
Parameters: 0.999999 0.000742003 3.41382e-06 -0.000741998 1 -0.000790003 -3.58618e-06 0.000789998 0.999999 -0.0152902 0.221742 -0.219457
FixedParameters: 0 0 0

#Transform 49
Transform: AffineTransform_float_3_3
Parameters: 0.999999 0.000934014 2.54797e-05 -0.000933986 1 -0.000557024 -2.55202e-05 0.000556977 1 -0.0290104 0.207389 -0.185861
FixedParameters: 0 0 0

#Transform 50
Transform: AffineTransform_float_3_3
Parameters: 0.999999 0.000933936 -0.00013245 -0.000934064 1 -0.000481877 0.000131551 0.000481123 1 -0.0148573 0.223404 -0.181826
FixedParameters: 0 0 0

#Transform 51
Transform: AffineTransform_float_3_3
Parameters: 1 0.000934102 0.000189503 -0.0009349 1 -0.000532178 -0.000190497 0.000531822 1 -0.0333585 0.205619 -0.213828
FixedParameters: 0 0 0

#Transform 52
Transform: AffineTransform_float_3_3
Parameters: 0.999999 0.000933757 -0.000462492 -0.000934244 1 -0.000526568 0.000462508 0.000526432 1 -0.0158644 0.208041 -0.217646
FixedParameters: 0 0 0

#Transform 53
Transform: AffineTransform_float_3_3
Parameters: 0.999999 0.000933966 -6.64837e-05 -0.000934034 1 -0.000517938 6.55161e-05 0.000518062 1 -0.0265775 0.201907 -0.211927
FixedParameters: 0 0 0

#Transform 54
Transform: AffineTransform_float_3_3
Parameters: 0.999999 0.00103089 -0.000197554 -0.00103111 1 -0.000537797 0.000196446 0.000537203 1 -0.0208856 0.185829 -0.206034
FixedParameters: 0 0 0

#Transform 55
Transform: AffineTransform_float_3_3
Parameters: 0.999999 0.00093398 -5.53268e-05 -0.000934019 0.999999 -0.000349948 5.5673e-05 0.000350052 1 -0.0139378 0.191159 -0.189098
FixedParameters: 0 0 0

#Transform 56
Transform: AffineTransform_float_3_3
Parameters: 0.999999 0.000933901 -0.000147627 -0.000934098 1 -0.000671862 0.000146372 0.000672137 1 -0.0244087 0.180172 -0.207596
FixedParameters: 0 0 0

#Transform 57
Transform: AffineTransform_float_3_3
Parameters: 0.999999 0.000826887 -0.000245378 -0.000827111 0.999999 -0.000456797 0.000244622 0.000457202 1 -0.0242612 0.192701 -0.169986
FixedParameters: 0 0 0

#Transform 58
Transform: AffineTransform_float_3_3
Parameters: 0.999999 0.000933998 -2.77615e-06 -0.000934002 0.999999 -0.000830998 2.22384e-06 0.000831002 0.999999 -0.0232444 0.207137 -0.20935
FixedParameters: 0 0 0

#Transform 59
Transform: AffineTransform_float_3_3
Parameters: 0.999999 0.00121277 -0.000226215 -0.00121223 0.999999 -0.00100173 0.000225786 0.00100127 0.999999 -0.0157971 0.190483 -0.206787
FixedParameters: 0 0 0

#Transform 60
Transform: AffineTransform_float_3_3
Parameters: 0.999999 0.000899724 -0.000421588 -0.000900275 1 -0.000653621 0.000420411 0.000654379 0.999999 -0.0178636 0.176525 -0.209625
FixedParameters: 0 0 0

#Transform 61
Transform: AffineTransform_float_3_3
Parameters: 0.999999 0.0009297 -0.000360772 -0.000930299 0.999999 -0.000830665 0.000360227 0.000831335 0.999999 -0.0187596 0.212551 -0.181896
FixedParameters: 0 0 0

#Transform 62
Transform: AffineTransform_float_3_3
Parameters: 0.999999 0.000964998 -2.7141e-06 -0.000965002 1 -0.000739998 2.2859e-06 0.000740003 0.999999 -0.0274658 0.20472 -0.229666
FixedParameters: 0 0 0

#Transform 63
Transform: AffineTransform_float_3_3
Parameters: 0.999999 0.00139076 -0.000275236 -0.00139124 0.999998 -0.000888617 0.000274763 0.000889382 0.999999 -0.0102505 0.227647 -0.235708
FixedParameters: 0 0 0

#Transform 64
Transform: AffineTransform_float_3_3
Parameters: 1 0.000981153 0.000142958 -0.000980848 0.999999 -0.00106214 -0.000144042 0.00106186 1 -0.0310402 0.218349 -0.184578
FixedParameters: 0 0 0

#Transform 65
Transform: AffineTransform_float_3_3
Parameters: 1 0.00106901 6.85937e-06 -0.00106899 0.999999 -0.00106701 -8.14062e-06 0.00106699 1 -0.0177025 0.222665 -0.209198
FixedParameters: 0 0 0

#Transform 66
Transform: AffineTransform_float_3_3
Parameters: 0.999999 0.00131411 0.000133955 -0.00131389 0.999999 -0.000795176 -0.000135044 0.000794823 0.999999 -0.00887787 0.220027 -0.232797
FixedParameters: 0 0 0

#Transform 67
Transform: AffineTransform_float_3_3
Parameters: 0.999999 0.000967916 -0.000107754 -0.000968084 0.999999 -0.000778896 0.000107246 0.000779104 0.999999 -0.0179111 0.210507 -0.212202
FixedParameters: 0 0 0

#Transform 68
Transform: AffineTransform_float_3_3
Parameters: 0.999999 0.000958999 -2.57156e-06 -0.000959001 1 -0.000595998 1.42843e-06 0.000596002 1 -0.0132318 0.178933 -0.200873
FixedParameters: 0 0 0

#Transform 69
Transform: AffineTransform_float_3_3
Parameters: 0.999999 0.000858945 -6.17739e-05 -0.000859054 0.999999 -0.000900947 6.02259e-05 0.000901052 0.999999 -0.0150968 0.223269 -0.165735
FixedParameters: 0 0 0

#Transform 70
Transform: AffineTransform_float_3_3
Parameters: 1 0.00094333 0.00024272 -0.00094267 0.999998 -0.00135723 -0.000244279 0.00135677 0.999999 -0.0346125 0.224689 -0.180007
FixedParameters: 0 0 0

#Transform 71
Transform: AffineTransform_float_3_3
Parameters: 1 0.000927413 -0.00051406 -0.000927587 0.999999 -0.00114252 0.00051294 0.00114348 0.999999 -0.0145638 0.2087 -0.188882
FixedParameters: 0 0 0

#Transform 72
Transform: AffineTransform_float_3_3
Parameters: 0.999999 0.00139071 -0.000224807 -0.00139129 0.999998 -0.00129869 0.000223193 0.00129931 0.999999 -0.00939882 0.204625 -0.237957
FixedParameters: 0 0 0

#Transform 73
Transform: AffineTransform_float_3_3
Parameters: 1 0.00110041 -0.000514258 -0.00110059 0.999998 -0.00114243 0.000513742 0.00114357 0.999999 -0.0105668 0.20348 -0.206779
FixedParameters: 0 0 0

#Transform 74
Transform: AffineTransform_float_3_3
Parameters: 1 0.000971801 -0.000129507 -0.0009722 0.999999 -0.00155088 0.000127492 0.00155112 0.999999 -0.0239071 0.227007 -0.177218
FixedParameters: 0 0 0

#Transform 75
Transform: AffineTransform_float_3_3
Parameters: 0.999999 0.00132049 -0.00032609 -0.00132151 0.999998 -0.00158257 0.000323908 0.00158343 0.999998 -0.0106122 0.216264 -0.245744
FixedParameters: 0 0 0

#Transform 76
Transform: AffineTransform_float_3_3
Parameters: 0.999999 0.00139028 -0.000368735 -0.00139172 0.999997 -0.00196649 0.000365264 0.00196651 0.999998 -0.00786078 0.234185 -0.194118
FixedParameters: 0 0 0

#Transform 77
Transform: AffineTransform_float_3_3
Parameters: 0.999999 0.00139049 -0.000234019 -0.0013915 0.999996 -0.00217067 0.000230979 0.00217132 0.999997 -0.0113935 0.244611 -0.213713
FixedParameters: 0 0 0

#Transform 78
Transform: AffineTransform_float_3_3
Parameters: 1 0.00105989 -6.29598e-05 -0.00106011 0.999997 -0.00184893 6.104e-05 0.00184907 0.999999 -0.018623 0.228831 -0.170884
FixedParameters: 0 0 0

#Transform 79
Transform: AffineTransform_float_3_3
Parameters: 0.999999 0.00139136 0.000176184 -0.00139164 0.999997 -0.00202425 -0.000178818 0.00202475 0.999998 -0.00636031 0.203884 -0.196022
FixedParameters: 0 0 0

#Transform 80
Transform: AffineTransform_float_3_3
Parameters: 0.999999 0.000989791 -0.000141471 -0.000989208 0.999999 -0.00148586 0.00013953 0.00148614 0.999999 -0.0110391 0.215882 -0.190819
FixedParameters: 0 0 0

#Transform 81
Transform: AffineTransform_float_3_3
Parameters: 1 0.000956261 -0.000514376 -0.00095674 0.999998 -0.00143851 0.000513624 0.00143949 0.999999 0.00213441 0.237579 -0.173287
FixedParameters: 0 0 0

#Transform 82
Transform: AffineTransform_float_3_3
Parameters: 0.999999 0.00129124 -0.00034884 -0.00129276 0.999996 -0.00219855 0.000346158 0.00219945 0.999998 -0.01062 0.225265 -0.244205
FixedParameters: 0 0 0

#Transform 83
Transform: AffineTransform_float_3_3
Parameters: 0.999999 0.000967786 -0.000118756 -0.000968214 0.999998 -0.00181389 0.000117244 0.00181411 0.999999 -0.0269447 0.243463 -0.179351
FixedParameters: 0 0 0

#Transform 84
Transform: AffineTransform_float_3_3
Parameters: 1 0.00120327 9.3571e-05 -0.00120273 0.999995 -0.00285012 -9.74281e-05 0.00284989 0.999996 -0.0280388 0.242654 -0.215416
FixedParameters: 0 0 0

#Transform 85
Transform: AffineTransform_float_3_3
Parameters: 0.999999 0.00139184 0.000233039 -0.00139116 0.999992 -0.00356533 -0.000237962 0.00356567 0.999993 -0.0240711 0.223862 -0.233353
FixedParameters: 0 0 0

#Transform 86
Transform: AffineTransform_float_3_3
Parameters: 0.999999 0.00139191 0.000297795 -0.00139109 0.999995 -0.00302242 -0.000302206 0.00302258 0.999996 -0.0257569 0.196409 -0.247953
FixedParameters: 0 0 0

#Transform 87
Transform: AffineTransform_float_3_3
Parameters: 0.999999 0.00129611 0.000424612 -0.00129489 0.999995 -0.00261555 -0.000427389 0.00261545 0.999997 -0.0312468 0.261532 -0.223334
FixedParameters: 0 0 0

#Transform 88
Transform: AffineTransform_float_3_3
Parameters: 0.999999 0.000958459 0.000196776 -0.00095854 0.999997 -0.00232119 -0.000199226 0.00232181 0.999998 -0.0244603 0.243818 -0.195523
FixedParameters: 0 0 0

#Transform 89
Transform: AffineTransform_float_3_3
Parameters: 1 0.000982308 0.000128671 -0.000981692 0.999996 -0.00237113 -0.000131328 0.00237087 0.999997 -0.0305879 0.228291 -0.231216
FixedParameters: 0 0 0

#Transform 90
Transform: AffineTransform_float_3_3
Parameters: 0.999999 0.00139134 0.000127309 -0.00139165 0.999995 -0.00265318 -0.000131692 0.00265282 0.999997 -0.0210912 0.287019 -0.229664
FixedParameters: 0 0 0

#Transform 91
Transform: AffineTransform_float_3_3
Parameters: 0.999999 0.00139162 0.000257675 -0.00139138 0.999996 -0.00239036 -0.000261326 0.00238964 0.999997 -0.0195615 0.274531 -0.339579
FixedParameters: 0 0 0

#Transform 92
Transform: AffineTransform_float_3_3
Parameters: 0.999999 0.0013912 6.59017e-05 -0.0013918 0.999994 -0.00294609 -7.01019e-05 0.0029469 0.999995 -0.019462 0.288576 -0.386377
FixedParameters: 0 0 0

#Transform 93
Transform: AffineTransform_float_3_3
Parameters: 0.999998 0.00164437 0.000126245 -0.00164463 0.999995 -0.00289221 -0.000131757 0.00289179 0.999996 0.00169766 0.260881 -0.345941
FixedParameters: 0 0 0

#Transform 94
Transform: AffineTransform_float_3_3
Parameters: 0.999999 0.00139117 6.55806e-05 -0.00139084 0.999996 -0.00245809 -6.84188e-05 0.00245791 0.999997 -0.00122362 0.248876 -0.331335
FixedParameters: 0 0 0

#Transform 95
Transform: AffineTransform_float_3_3
Parameters: 0.999999 0.00144304 1.35209e-05 -0.00144296 0.999996 -0.00241102 -1.7479e-05 0.00241098 0.999997 -0.0169294 0.251886 -0.298536
FixedParameters: 0 0 0

#Transform 96
Transform: AffineTransform_float_3_3
Parameters: 0.999999 0.00139133 0.00012747 -0.00139167 0.999996 -0.00253718 -0.000131532 0.00253782 0.999997 -0.0211217 0.27672 -0.360777
FixedParameters: 0 0 0

#Transform 97
Transform: AffineTransform_float_3_3
Parameters: 0.999999 0.00139133 0.000127388 -0.00139166 0.999995 -0.00259618 -0.000131613 0.00259582 0.999996 -0.0211312 0.268965 -0.380969
FixedParameters: 0 0 0

#Transform 98
Transform: AffineTransform_float_3_3
Parameters: 0.999999 0.00139235 0.000127268 -0.00139165 0.999996 -0.00268118 -0.000131731 0.00268082 0.999997 -0.0113989 0.258234 -0.308699
FixedParameters: 0 0 0

#Transform 99
Transform: AffineTransform_float_3_3
Parameters: 0.999999 0.00133233 0.000127564 -0.00133167 0.999996 -0.00257917 -0.000131435 0.00257883 0.999996 -0.0156338 0.271162 -0.313707
FixedParameters: 0 0 0

#Transform 100
Transform: AffineTransform_float_3_3
Parameters: 1 0.00115528 0.0001285 -0.00115572 0.999997 -0.00216415 -0.000131501 0.00216385 0.999997 -0.0265233 0.28993 -0.303801
FixedParameters: 0 0 0

#Transform 101
Transform: AffineTransform_float_3_3
Parameters: 0.999999 0.000961257 0.000129096 -0.000961742 0.999997 -0.00198112 -0.000130906 0.00198187 0.999998 -0.0203771 0.28287 -0.270626
FixedParameters: 0 0 0

#Transform 102
Transform: AffineTransform_float_3_3
Parameters: 0.999999 0.0013743 0.000127797 -0.0013737 0.999997 -0.00233118 -0.000131202 0.00233082 0.999998 -0.00763668 0.281183 -0.32182
FixedParameters: 0 0 0

#Transform 103
Transform: AffineTransform_float_3_3
Parameters: 0.999999 0.00137431 0.000127707 -0.00137369 0.999996 -0.00239618 -0.000131292 0.00239582 0.999997 -0.0215975 0.248783 -0.301255
FixedParameters: 0 0 0

#Transform 104
Transform: AffineTransform_float_3_3
Parameters: 0.999999 0.00137429 0.00012789 -0.00137371 0.999997 -0.00226318 -0.00013111 0.00226382 0.999998 -0.021592 0.250028 -0.317942
FixedParameters: 0 0 0

#Transform 105
Transform: AffineTransform_float_3_3
Parameters: 0.999999 0.00147931 0.000127456 -0.00147869 0.999996 -0.00239619 -0.000131543 0.00239581 0.999997 -0.000715153 0.272335 -0.301953
FixedParameters: 0 0 0

#Transform 106
Transform: AffineTransform_float_3_3
Parameters: 0.999999 0.00137431 0.000127707 -0.00137369 0.999996 -0.00239618 -0.000131292 0.00239582 0.999997 -0.0045251 0.290107 -0.281223
FixedParameters: 0 0 0

#Transform 107
Transform: AffineTransform_float_3_3
Parameters: 0.999999 0.00137431 0.000127707 -0.00137369 0.999996 -0.00239618 -0.000131292 0.00239582 0.999997 -0.0115197 0.248734 -0.317388
FixedParameters: 0 0 0

#Transform 108
Transform: AffineTransform_float_3_3
Parameters: 0.999999 0.00137431 0.000127707 -0.00137369 0.999996 -0.00239618 -0.000131292 0.00239582 0.999997 -0.00920793 0.274594 -0.330945
FixedParameters: 0 0 0

#Transform 109
Transform: AffineTransform_float_3_3
Parameters: 0.999999 0.00137431 0.000127707 -0.00137369 0.999996 -0.00239618 -0.000131292 0.00239582 0.999997 -0.0215467 0.285855 -0.302125
FixedParameters: 0 0 0

#Transform 110
Transform: AffineTransform_float_3_3
Parameters: 0.999999 0.00137432 0.000127588 -0.00137368 0.999996 -0.00248318 -0.000131411 0.00248282 0.999997 -0.0215666 0.267755 -0.309875
FixedParameters: 0 0 0

#Transform 111
Transform: AffineTransform_float_3_3
Parameters: 1 0.001163 1.36682e-07 -0.001163 0.999997 -0.002462 -2.86331e-06 0.002462 0.999997 -0.00799426 0.272046 -0.288043
FixedParameters: 0 0 0

#Transform 112
Transform: AffineTransform_float_3_3
Parameters: 0.999999 0.00128032 0.000127888 -0.00127969 0.999996 -0.00243117 -0.000131111 0.00243083 0.999997 -0.00615968 0.297497 -0.294863
FixedParameters: 0 0 0

#Transform 113
Transform: AffineTransform_float_3_3
Parameters: 0.999999 0.00137432 0.000127589 -0.00137368 0.999996 -0.00248218 -0.000131411 0.00248282 0.999997 -0.0215495 0.286041 -0.371654
FixedParameters: 0 0 0

#Transform 114
Transform: AffineTransform_float_3_3
Parameters: 0.999999 0.00146615 -0.000373352 -0.00146685 0.999997 -0.00228546 0.000369649 0.00228555 0.999998 -0.0058989 0.290523 -0.358891
FixedParameters: 0 0 0

#Transform 115
Transform: AffineTransform_float_3_3
Parameters: 0.999999 0.00137432 0.000127636 -0.00137368 0.999996 -0.00244818 -0.000131363 0.00244782 0.999997 -0.0155927 0.304423 -0.351548
FixedParameters: 0 0 0

#Transform 116
Transform: AffineTransform_float_3_3
Parameters: 0.999999 0.00137413 5.89386e-05 -0.00137386 0.999996 -0.00222808 -6.20611e-05 0.00222792 0.999998 -0.0196801 0.294045 -0.332615
FixedParameters: 0 0 0

#Transform 117
Transform: AffineTransform_float_3_3
Parameters: 0.999999 0.00137438 0.000127 -0.00137362 0.999995 -0.00291118 -0.000130999 0.00291082 0.999996 -0.0139669 0.305156 -0.338264
FixedParameters: 0 0 0

#Transform 118
Transform: AffineTransform_float_3_3
Parameters: 0.999999 0.001371 -0.000782285 -0.001374 0.999991 -0.00384993 0.000776715 0.00385107 0.999993 0.00257246 0.094726 -0.340061
FixedParameters: 0 0 0

#Transform 119
Transform: AffineTransform_float_3_3
Parameters: 0.999998 0.00156299 -0.000282635 -0.00156401 0.999993 -0.00360357 0.000277366 0.00360344 0.999994 -0.00638611 0.153906 -0.325714
FixedParameters: 0 0 0

#Transform 120
Transform: AffineTransform_float_3_3
Parameters: 0.999999 0.00127267 -0.000385409 -0.00127333 0.999993 -0.00346251 0.000381592 0.00346349 0.999994 -0.0101877 0.183265 -0.33195
FixedParameters: 0 0 0

#Transform 121
Transform: AffineTransform_float_3_3
Parameters: 0.999999 0.00137436 0.000127187 -0.00137364 0.999995 -0.00277518 -0.000130812 0.00277482 0.999996 -0.0215766 0.262165 -0.327456
FixedParameters: 0 0 0

#Transform 122
Transform: AffineTransform_float_3_3
Parameters: 0.999999 0.00137328 -0.000272672 -0.00137372 0.999996 -0.00267263 0.000268329 0.00267337 0.999997 -0.0108794 0.262178 -0.352283
FixedParameters: 0 0 0

#Transform 123
Transform: AffineTransform_float_3_3
Parameters: 0.999999 0.00137322 -0.00042057 -0.00137379 0.999998 -0.00187043 0.00041843 0.00187158 0.999998 0.0117923 0.277222 -0.330901
FixedParameters: 0 0 0

#Transform 124
Transform: AffineTransform_float_3_3
Parameters: 0.999998 0.00172832 -0.00104744 -0.00173068 0.999995 -0.00256819 0.00104256 0.00256981 0.999996 0.0328155 0.273361 -0.39899
FixedParameters: 0 0 0

#Transform 125
Transform: AffineTransform_float_3_3
Parameters: 0.999998 0.00137303 -0.000856559 -0.00137397 0.999999 -0.00113483 0.00085444 0.00113618 0.999999 0.0167375 0.241495 -0.366446
FixedParameters: 0 0 0

#Transform 126
Transform: AffineTransform_float_3_3
Parameters: 0.999999 0.00137378 -0.000103908 -0.00137322 0.999997 -0.00211686 0.000101093 0.00211714 0.999998 -0.00971968 0.260731 -0.42652
FixedParameters: 0 0 0

#Transform 127
Transform: AffineTransform_float_3_3
Parameters: 0.999999 0.0015055 -0.000223391 -0.0015055 0.999997 -0.00225167 0.00021961 0.00225233 0.999998 -0.00911523 0.24471 -0.397974
FixedParameters: 0 0 0

#Transform 128
Transform: AffineTransform_float_3_3
Parameters: 0.999998 0.00161926 8.31651e-05 -0.00161974 0.999994 -0.00298614 -8.78368e-05 0.00298586 0.999995 -0.0146755 0.240833 -0.355754
FixedParameters: 0 0 0

#Transform 129
Transform: AffineTransform_float_3_3
Parameters: 0.999999 0.00173875 0.000301716 -0.00173825 0.999996 -0.00246453 -0.000305284 0.00246347 0.999997 -0.00159387 0.28526 -0.403175
FixedParameters: 0 0 0

#Transform 130
Transform: AffineTransform_float_3_3
Parameters: 0.999998 -0.000566778 0.00185507 0.000566222 1 -0.00011895 -0.00185493 0.000120052 0.999999 -0.0453962 0.263224 -0.182975
FixedParameters: 0 0 0

#Transform 131
Transform: AffineTransform_float_3_3
Parameters: 0.999984 -0.00537222 0.00190685 0.00532479 0.999698 0.0239615 -0.00203414 -0.0239505 0.999711 -0.117125 -0.322358 0.0966864
FixedParameters: 0 0 0

#Transform 132
Transform: AffineTransform_float_3_3
Parameters: 0.999946 -0.00751913 0.00724194 0.00749188 0.999965 0.00376546 -0.00727006 -0.00371154 0.999966 -0.290437 0.135335 0.125048
FixedParameters: 0 0 0

#Transform 133
Transform: AffineTransform_float_3_3
Parameters: 0.999989 -0.00183892 0.00417059 0.00186508 0.999978 -0.00625728 -0.0041594 0.00626471 0.999971 -0.110377 0.330851 -0.0239204
FixedParameters: 0 0 0

#Transform 134
Transform: AffineTransform_float_3_3
Parameters: 0.999986 -0.0012042 0.00503329 0.0012218 0.999993 -0.0035349 -0.00502971 0.0035411 0.999981 -0.0677904 0.325292 -0.00778193
FixedParameters: 0 0 0

#Transform 135
Transform: AffineTransform_float_3_3
Parameters: 0.999976 -0.00556905 0.00406305 0.00557995 0.999981 -0.00268839 -0.00404795 0.00271061 0.999988 -0.157393 0.159852 0.274795
FixedParameters: 0 0 0

#Transform 136
Transform: AffineTransform_float_3_3
Parameters: 0.999991 -0.00329209 0.00286941 0.00330191 0.999988 -0.00345656 -0.00285759 0.00346544 0.99999 -0.0721657 0.185175 0.219216
FixedParameters: 0 0 0

#Transform 137
Transform: AffineTransform_float_3_3
Parameters: 0.999993 -0.00270057 0.00240211 0.00270642 0.999994 -0.00225851 -0.00239588 0.00226448 0.999994 -0.0624924 0.137648 0.162211
FixedParameters: 0 0 0

#Transform 138
Transform: AffineTransform_float_3_3
Parameters: 0.999994 -0.00253457 0.00245857 0.00253843 0.999995 -0.00179877 -0.00245443 0.00180523 0.999996 -0.0475694 0.107671 0.170615
FixedParameters: 0 0 0

#Transform 139
Transform: AffineTransform_float_3_3
Parameters: 0.999995 -0.00253364 0.00196692 0.00253835 0.999993 -0.00272502 -0.00195908 0.00272998 0.999995 -0.0469235 0.134406 0.138847
FixedParameters: 0 0 0

#Transform 140
Transform: AffineTransform_float_3_3
Parameters: 0.999992 -0.00253771 0.00284415 0.00253929 0.999996 -0.000449781 -0.00284285 0.000457217 0.999996 -0.0740082 0.0956529 0.0774373
FixedParameters: 0 0 0

#Transform 141
Transform: AffineTransform_float_3_3
Parameters: 0.999995 -0.00155329 0.00299041 0.00155571 0.999999 -0.000904353 -0.00298959 0.000908649 0.999995 -0.0845259 0.120179 -0.0268859
FixedParameters: 0 0 0

#Transform 142
Transform: AffineTransform_float_3_3
Parameters: 0.999991 -0.00207081 0.00375631 0.00207519 0.999997 -0.00111222 -0.00375369 0.00111978 0.999993 -0.0566615 0.196768 0.0548956
FixedParameters: 0 0 0

#Transform 143
Transform: AffineTransform_float_3_3
Parameters: 0.999989 -0.00232995 0.00408819 0.00234605 0.999989 -0.00392545 -0.00407881 0.00393554 0.999984 -0.0750023 0.164016 0.213181
FixedParameters: 0 0 0

#Transform 144
Transform: AffineTransform_float_3_3
Parameters: 0.99999 -0.00162891 0.00418984 0.00165409 0.99998 -0.00599213 -0.00417916 0.00599887 0.999974 -0.0836361 0.179144 0.14564
FixedParameters: 0 0 0

#Transform 145
Transform: AffineTransform_float_3_3
Parameters: 0.999993 -0.00140469 0.00365006 0.00142832 0.999978 -0.00639183 -0.00364194 0.00639716 0.999973 -0.0610012 0.221929 0.0993491
FixedParameters: 0 0 0

#Transform 146
Transform: AffineTransform_float_3_3
Parameters: 0.999993 -0.00140632 0.00350677 0.00142767 0.99998 -0.00618703 -0.00349723 0.00619196 0.999974 -0.0548376 0.198228 0.134826
FixedParameters: 0 0 0

#Transform 147
Transform: AffineTransform_float_3_3
Parameters: 0.999994 -0.00127863 0.00344026 0.00129836 0.999984 -0.00563257 -0.00343274 0.00563743 0.999978 -0.0613568 0.143276 0.0229233
FixedParameters: 0 0 0

#Transform 148
Transform: AffineTransform_float_3_3
Parameters: 0.999995 -0.00121471 0.0029777 0.00123129 0.999985 -0.00547536 -0.0029703 0.00547864 0.99998 -0.040473 0.173153 0.0328447
FixedParameters: 0 0 0

#Transform 149
Transform: AffineTransform_float_3_3
Parameters: 0.999996 -0.000991528 0.0027137 0.00100647 0.999983 -0.00570629 -0.0027083 0.00570871 0.99998 -0.0423282 0.176357 -0.0742273
FixedParameters: 0 0 0

#Transform 150
Transform: AffineTransform_float_3_3
Parameters: 0.999996 -0.000935258 0.00264191 0.000948744 0.999986 -0.00520551 -0.0026371 0.00520749 0.999983 -0.0383941 0.193874 0.0129789
FixedParameters: 0 0 0

#Transform 151
Transform: AffineTransform_float_3_3
Parameters: 0.999995 -0.000980125 0.00307573 0.00100187 0.999977 -0.00679296 -0.00306826 0.00679605 0.999972 -0.0515048 0.257535 -0.0432631
FixedParameters: 0 0 0

#Transform 152
Transform: AffineTransform_float_3_3
Parameters: 0.999997 -0.000441802 0.00234591 0.000456199 0.999979 -0.00648195 -0.00234309 0.00648305 0.999976 -0.0360179 0.206277 -0.110283
FixedParameters: 0 0 0

#Transform 153
Transform: AffineTransform_float_3_3
Parameters: 0.999996 -0.00140328 0.00235642 0.00141372 0.999988 -0.00455368 -0.00235058 0.00455731 0.999987 -0.0415062 0.151079 -0.0281556
FixedParameters: 0 0 0

#Transform 154
Transform: AffineTransform_float_3_3
Parameters: 0.999999 -0.000407097 0.00182378 0.000414904 0.99999 -0.00433525 -0.00182222 0.00433575 0.999989 -0.00931774 0.149797 -0.0352143
FixedParameters: 0 0 0

#Transform 155
Transform: AffineTransform_float_3_3
Parameters: 0.999998 -0.000839542 0.0019063 0.000847456 0.999992 -0.00391439 -0.00190269 0.0039166 0.99999 -0.0160685 0.248319 -0.0769077
FixedParameters: 0 0 0

#Transform 156
Transform: AffineTransform_float_3_3
Parameters: 0.999998 -0.000793281 0.00146511 0.000799718 0.999992 -0.00390684 -0.00146189 0.00390817 0.999992 -0.00310832 0.27451 -0.0559806
FixedParameters: 0 0 0

#Transform 157
Transform: AffineTransform_float_3_3
Parameters: 1 -0.000261294 0.00112011 0.00026671 0.999991 -0.0042037 -0.00111989 0.00420329 0.99999 0.00147157 0.268134 -0.097883
FixedParameters: 0 0 0

#Transform 158
Transform: AffineTransform_float_3_3
Parameters: 1 0.000893274 0.000516085 -0.000891727 0.99999 -0.00438846 -0.000519919 0.00438854 0.99999 0.0613763 0.276303 -0.0921521
FixedParameters: 0 0 0

#Transform 159
Transform: AffineTransform_float_3_3
Parameters: 0.999999 -2.33801e-05 0.00146719 3.26186e-05 0.999978 -0.00655696 -0.00146682 0.00655704 0.999978 -0.00152993 0.288918 -0.0470185
FixedParameters: 0 0 0
