# transform file /out/sourcedata/freesurfer/sub-v2s1x29891_ses-1/mri/transforms/cc_up.lta
# created by oesteban on Thu Mar 12 21:06:35 2026

type      = 0 # LINEAR_VOX_TO_VOX
nxforms   = 1
mean      = 128.0000 126.0000 123.0000
sigma     = 10000.0000
1 4 4
9.889457225799561e-01 1.469946056604385e-01 -1.946687698364258e-02 -1.670911788940430e+01 
-1.469661295413971e-01 9.891373515129089e-01 2.892950782552361e-03 3.425311279296875e+01 
1.968066208064556e-02 2.328306436538696e-10 9.998063445091248e-01 -7.572081565856934e+00 
0.000000000000000e+00 0.000000000000000e+00 0.000000000000000e+00 1.000000000000000e+00 
src volume info
valid = 1  # volume info valid
filename = /out/sourcedata/freesurfer/sub-v2s1x29891_ses-1/mri/norm.mgz
volume = 256 256 256
voxelsize = 8.999999165534973e-01 8.999999165534973e-01 8.999999165534973e-01
xras   = -1.000000119209290e+00 0.000000000000000e+00 0.000000000000000e+00
yras   = 0.000000000000000e+00 0.000000000000000e+00 -1.000000000000000e+00
zras   = 0.000000000000000e+00 1.000000119209290e+00 0.000000000000000e+00
cras   = -1.575798034667969e+00 3.007238006591797e+01 2.188438415527344e+01
dst volume info
valid = 1  # volume info valid
filename = /out/sourcedata/freesurfer/sub-v2s1x29891_ses-1/mri/norm.mgz
volume = 256 256 256
voxelsize = 8.999999165534973e-01 8.999999165534973e-01 8.999999165534973e-01
xras   = -1.000000119209290e+00 0.000000000000000e+00 0.000000000000000e+00
yras   = 0.000000000000000e+00 0.000000000000000e+00 -1.000000000000000e+00
zras   = 0.000000000000000e+00 1.000000119209290e+00 0.000000000000000e+00
cras   = -1.575798034667969e+00 3.007238006591797e+01 2.188438415527344e+01
