#Insight Transform File V1.0
#Transform 0
Transform: AffineTransform_float_3_3
Parameters: 1 0 0 0 0.99999 -0.00434 0 0.00434 0.99999 -2e-06 0.0410232 0.0789349
FixedParameters: 0 0 0

#Transform 1
Transform: AffineTransform_float_3_3
Parameters: 1 0.000318913 0.000200139 -0.000319087 1 0.000434936 -0.000199861 -0.000435064 1 -0.0306579 0.110531 -0.0428785
FixedParameters: 0 0 0

#Transform 2
Transform: AffineTransform_float_3_3
Parameters: 1 3.96381e-05 0.00029005 -3.93619e-05 0.999999 0.00124799 -0.000289951 -0.00124801 0.999999 -0.0401596 0.0892184 -0.131438
FixedParameters: 0 0 0

#Transform 3
Transform: AffineTransform_float_3_3
Parameters: 1 0.000147 1.83456e-07 -0.000147 0.999999 0.001248 1.83456e-07 -0.001248 0.999999 -0.0353651 0.0838442 -0.165012
FixedParameters: 0 0 0

#Transform 4
Transform: AffineTransform_float_3_3
Parameters: 1 -8.66007e-05 0.000375862 8.54006e-05 0.999998 0.00159803 -0.000375137 -0.00159797 0.999998 -0.042868 0.0950677 -0.166674
FixedParameters: 0 0 0

#Transform 5
Transform: AffineTransform_float_3_3
Parameters: 1 0.000154568 0.000346193 -0.000154432 0.999999 0.00124795 -0.000345808 -0.00124805 0.999999 -0.0344411 0.0777777 -0.176371
FixedParameters: 0 0 0

#Transform 6
Transform: AffineTransform_float_3_3
Parameters: 1 0.000392 -8.7808e-08 -0.000392 1 -0.000224 -8.7808e-08 0.000224 1 -0.0412214 0.0956432 -0.142135
FixedParameters: 0 0 0

#Transform 7
Transform: AffineTransform_float_3_3
Parameters: 0.999999 0.000988999 -1.0968e-06 -0.000989 0.999999 -0.001109 -9.6802e-08 0.001109 1 -0.0464365 0.096705 -0.138132
FixedParameters: 0 0 0

#Transform 8
Transform: AffineTransform_float_3_3
Parameters: 1 0.001217 -7.19247e-07 -0.001217 0.999999 -0.000591 2.80752e-07 0.000591001 1 -0.0423511 0.0627863 -0.195014
FixedParameters: 0 0 0

#Transform 9
Transform: AffineTransform_float_3_3
Parameters: 0.999999 0.00145848 -0.000520457 -0.00145952 0.999999 -0.000998242 0.000518543 0.000998758 1 -0.0404142 0.0651724 -0.165943
FixedParameters: 0 0 0

#Transform 10
Transform: AffineTransform_float_3_3
Parameters: 0.999997 0.00145466 -0.00159297 -0.00145934 0.999995 -0.00272668 0.00158902 0.00272932 0.999995 -0.0361806 0.0729788 -0.269092
FixedParameters: 0 0 0

#Transform 11
Transform: AffineTransform_float_3_3
Parameters: 0.999998 0.00164841 -0.0015948 -0.00165359 0.999993 -0.00350837 0.00158921 0.00351063 0.999992 -0.0378256 0.0691566 -0.265839
FixedParameters: 0 0 0

#Transform 12
Transform: AffineTransform_float_3_3
Parameters: 0.999998 0.00135649 -0.00146797 -0.00136451 0.999986 -0.00512501 0.00146102 0.00512699 0.999986 -0.0555654 0.0799337 -0.27908
FixedParameters: 0 0 0

#Transform 13
Transform: AffineTransform_float_3_3
Parameters: 0.999998 0.00153961 -0.00110555 -0.0015454 0.999987 -0.0048943 0.00109845 0.0048957 0.999988 -0.0283408 0.0640569 -0.244093
FixedParameters: 0 0 0

#Transform 14
Transform: AffineTransform_float_3_3
Parameters: 0.999997 0.00144975 -0.0016661 -0.00145925 0.999984 -0.00556559 0.0016579 0.00556742 0.999983 -0.0412533 0.0679526 -0.201482
FixedParameters: 0 0 0

#Transform 15
Transform: AffineTransform_float_3_3
Parameters: 0.999998 0.00152631 -0.00133203 -0.00153469 0.999978 -0.00654997 0.00132197 0.00655203 0.999977 -0.0400103 0.0709077 -0.327035
FixedParameters: 0 0 0

#Transform 16
Transform: AffineTransform_float_3_3
Parameters: 0.999998 0.00145126 -0.00123615 -0.00145874 0.999979 -0.00628321 0.00122686 0.0062858 0.99998 -0.0293786 0.0492418 -0.299368
FixedParameters: 0 0 0

#Transform 17
Transform: AffineTransform_float_3_3
Parameters: 0.999997 0.00177875 -0.00123748 -0.00178624 0.999981 -0.0058798 0.00122652 0.0058822 0.999982 -0.0262634 0.0597341 -0.290358
FixedParameters: 0 0 0

#Transform 18
Transform: AffineTransform_float_3_3
Parameters: 0.999997 0.00227458 -0.00145978 -0.00228342 0.999977 -0.00648169 0.00144523 0.00648531 0.999978 -0.0205157 0.0564946 -0.280003
FixedParameters: 0 0 0

#Transform 19
Transform: AffineTransform_float_3_3
Parameters: 0.999998 0.00174418 -0.00114545 -0.00175181 0.99998 -0.00597601 0.00113455 0.00597799 0.999982 -0.0212437 0.0546237 -0.258599
FixedParameters: 0 0 0

#Transform 20
Transform: AffineTransform_float_3_3
Parameters: 0.999996 0.00233031 -0.00105712 -0.00233769 0.999971 -0.00733255 0.00103988 0.00733445 0.999972 -0.0135087 0.0513245 -0.30475
FixedParameters: 0 0 0

#Transform 21
Transform: AffineTransform_float_3_3
Parameters: 0.999997 0.0024713 -0.00106996 -0.0024787 0.99997 -0.00725537 0.00105204 0.00725762 0.999973 -0.0112542 0.0577412 -0.282829
FixedParameters: 0 0 0

#Transform 22
Transform: AffineTransform_float_3_3
Parameters: 0.999995 0.0029904 -0.00152988 -0.00300259 0.999961 -0.00829946 0.00150412 0.00830455 0.999965 -0.0133418 0.0658533 -0.345809
FixedParameters: 0 0 0

#Transform 23
Transform: AffineTransform_float_3_3
Parameters: 0.999994 0.00278003 -0.0019919 -0.00279697 0.99996 -0.00856648 0.0019681 0.00857253 0.999962 -0.0148505 0.0512049 -0.30721
FixedParameters: 0 0 0

#Transform 24
Transform: AffineTransform_float_3_3
Parameters: 0.999995 0.00257911 -0.00207669 -0.00259789 0.999955 -0.00914665 0.00205232 0.00915234 0.999956 -0.0174922 0.064813 -0.247718
FixedParameters: 0 0 0

#Transform 25
Transform: AffineTransform_float_3_3
Parameters: 0.999994 0.00257126 -0.00242565 -0.00259773 0.999935 -0.0110838 0.00239634 0.0110902 0.999935 0.000228076 0.0628282 -0.271689
FixedParameters: 0 0 0

#Transform 26
Transform: AffineTransform_float_3_3
Parameters: 0.999995 0.00210841 -0.00244507 -0.00213659 0.999934 -0.0113388 0.00242092 0.0113442 0.999932 -0.011899 0.0724471 -0.256953
FixedParameters: 0 0 0

#Transform 27
Transform: AffineTransform_float_3_3
Parameters: 0.999993 0.00209647 -0.00312291 -0.00213654 0.999917 -0.0127104 0.00309609 0.0127166 0.999915 -0.0144072 0.0717187 -0.344883
FixedParameters: 0 0 0

#Transform 28
Transform: AffineTransform_float_3_3
Parameters: 0.999994 0.00210604 -0.0025243 -0.00213595 0.999926 -0.0119237 0.0024987 0.0119283 0.999925 -0.014109 0.0718231 -0.310324
FixedParameters: 0 0 0

#Transform 29
Transform: AffineTransform_float_3_3
Parameters: 0.999996 0.00210891 -0.00224674 -0.00213608 0.999924 -0.0121243 0.00222026 0.0121297 0.999924 0.0031174 0.0767113 -0.329467
FixedParameters: 0 0 0

#Transform 30
Transform: AffineTransform_float_3_3
Parameters: 0.999999 0.00110387 -0.00144581 -0.00112314 0.999911 -0.0133004 0.00143119 0.0133016 0.999911 -0.00556268 0.0525898 -0.402752
FixedParameters: 0 0 0

#Transform 31
Transform: AffineTransform_float_3_3
Parameters: 0.999999 0.00125012 -0.000877175 -0.00126187 0.999905 -0.0136729 0.000859826 0.0136741 0.999906 -0.0089427 0.0660181 -0.431023
FixedParameters: 0 0 0

#Transform 32
Transform: AffineTransform_float_3_3
Parameters: 0.999998 0.00124597 -0.00109845 -0.00126202 0.999891 -0.0147136 0.00107955 0.0147154 0.999891 -0.00907463 0.0556291 -0.478971
FixedParameters: 0 0 0

#Transform 33
Transform: AffineTransform_float_3_3
Parameters: 0.999999 0.000864457 -0.00127309 -0.000881541 0.999904 -0.0138439 0.00126092 0.0138451 0.999904 -0.00463723 0.0695685 -0.47397
FixedParameters: 0 0 0

#Transform 34
Transform: AffineTransform_float_3_3
Parameters: 0.999998 0.00123935 -0.0015652 -0.00126164 0.999894 -0.0145511 0.0015468 0.0145529 0.999893 0.00887079 0.0674587 -0.464858
FixedParameters: 0 0 0

#Transform 35
Transform: AffineTransform_float_3_3
Parameters: 0.999998 0.00139335 -0.00184048 -0.00141966 0.999893 -0.0145584 0.00182052 0.0145606 0.999893 0.0115337 0.087782 -0.477166
FixedParameters: 0 0 0

#Transform 36
Transform: AffineTransform_float_3_3
Parameters: 0.999996 0.00201969 -0.00185136 -0.00204832 0.999879 -0.0154173 0.00182063 0.0154207 0.99988 0.00477766 0.0727486 -0.504814
FixedParameters: 0 0 0

#Transform 37
Transform: AffineTransform_float_3_3
Parameters: 0.999997 0.00166362 -0.00184506 -0.00169038 0.999887 -0.0149399 0.00181995 0.0149431 0.999886 -0.0113274 0.0458282 -0.458436
FixedParameters: 0 0 0

#Transform 38
Transform: AffineTransform_float_3_3
Parameters: 0.999998 0.00131293 -0.00162459 -0.00133806 0.999878 -0.0155299 0.00160341 0.0155321 0.999878 -0.0100678 0.0355374 -0.538339
FixedParameters: 0 0 0

#Transform 39
Transform: AffineTransform_float_3_3
Parameters: 0.999999 0.00124204 -0.00130431 -0.00126198 0.999881 -0.0154194 0.00128569 0.0154206 0.999881 -0.0144609 0.0385461 -0.510072
FixedParameters: 0 0 0

#Transform 40
Transform: AffineTransform_float_3_3
Parameters: 0.999997 0.00123393 -0.00183915 -0.00126207 0.999881 -0.0153407 0.00181985 0.0153433 0.99988 0.0089534 0.0585052 -0.467696
FixedParameters: 0 0 0

#Transform 41
Transform: AffineTransform_float_3_3
Parameters: 0.999998 0.000962627 -0.00183409 -0.000988372 0.999896 -0.0144332 0.00181992 0.0144348 0.999894 0.0366901 0.0383379 -0.438981
FixedParameters: 0 0 0

#Transform 42
Transform: AffineTransform_float_3_3
Parameters: 0.999996 0.00112662 -0.00229171 -0.00115938 0.999892 -0.0146154 0.0022753 0.0146176 0.99989 0.0111266 0.040084 -0.397178
FixedParameters: 0 0 0

#Transform 43
Transform: AffineTransform_float_3_3
Parameters: 0.999997 0.00142138 -0.0022602 -0.00145362 0.9999 -0.0140508 0.0022398 0.0140532 0.999898 0.0103479 0.0577804 -0.384301
FixedParameters: 0 0 0

#Transform 44
Transform: AffineTransform_float_3_3
Parameters: 0.999998 0.000811207 -0.0018321 -0.000837792 0.999892 -0.0146715 0.0018199 0.0146725 0.99989 -0.0116616 0.0531714 -0.413215
FixedParameters: 0 0 0

#Transform 45
Transform: AffineTransform_float_3_3
Parameters: 0.999996 0.00142051 -0.00245805 -0.00145848 0.999881 -0.0153165 0.00243594 0.0153195 0.999879 -0.00971466 0.0281537 -0.481664
FixedParameters: 0 0 0

#Transform 46
Transform: AffineTransform_float_3_3
Parameters: 0.999996 0.000753908 -0.00250279 -0.000792096 0.999884 -0.0152541 0.00249121 0.0152559 0.999881 -0.0261022 0.0406684 -0.446102
FixedParameters: 0 0 0

#Transform 47
Transform: AffineTransform_float_3_3
Parameters: 0.999997 0.00085588 -0.00232523 -0.000891116 0.999885 -0.015145 0.00231177 0.015147 0.999882 -0.022412 0.043166 -0.482782
FixedParameters: 0 0 0

#Transform 48
Transform: AffineTransform_float_3_3
Parameters: 0.999996 0.000875942 -0.0025039 -0.000912059 0.999896 -0.0144358 0.00249109 0.0144382 0.999892 -0.0157579 0.028458 -0.444332
FixedParameters: 0 0 0

#Transform 49
Transform: AffineTransform_float_3_3
Parameters: 0.999997 0.000880603 -0.00201204 -0.000911396 0.999877 -0.0156572 0.00199797 0.0156588 0.999876 -0.0347918 0.0313781 -0.49642
FixedParameters: 0 0 0

#Transform 50
Transform: AffineTransform_float_3_3
Parameters: 0.999997 0.000343435 -0.00249661 -0.000381556 0.999881 -0.0154631 0.0024904 0.0154639 0.999878 -0.0377323 0.0241039 -0.468613
FixedParameters: 0 0 0

#Transform 51
Transform: AffineTransform_float_3_3
Parameters: 0.999996 0.000596918 -0.00250065 -0.000635073 0.999877 -0.0156575 0.00249036 0.0156585 0.999875 -0.0272513 0.0212908 -0.531459
FixedParameters: 0 0 0

#Transform 52
Transform: AffineTransform_float_3_3
Parameters: 0.999998 0.000712398 -0.00217598 -0.000747605 0.999865 -0.0164054 0.00216403 0.0164066 0.999863 -0.00215977 0.0219423 -0.52706
FixedParameters: 0 0 0

#Transform 53
Transform: AffineTransform_float_3_3
Parameters: 0.999999 0.000244658 -0.00180169 -0.000277348 0.999839 -0.0179725 0.00179731 0.0179735 0.999837 -0.00272081 0.0528029 -0.535525
FixedParameters: 0 0 0

#Transform 54
Transform: AffineTransform_float_3_3
Parameters: 0.999996 0.000529491 -0.00250107 -0.000575508 0.999833 -0.0182306 0.00249092 0.0182314 0.99983 0.00481743 0.0472265 -0.552708
FixedParameters: 0 0 0

#Transform 55
Transform: AffineTransform_float_3_3
Parameters: 0.999998 0.000604723 -0.00226514 -0.000645274 0.999841 -0.0178226 0.00225386 0.0178244 0.999838 0.0093432 0.0569134 -0.566256
FixedParameters: 0 0 0

#Transform 56
Transform: AffineTransform_float_3_3
Parameters: 0.999997 0.000605152 -0.00241794 -0.00065085 0.999819 -0.0190065 0.00240606 0.0190075 0.999817 0.011899 0.0372219 -0.598582
FixedParameters: 0 0 0

#Transform 57
Transform: AffineTransform_float_3_3
Parameters: 0.999997 0.000592537 -0.00211883 -0.000630466 0.999842 -0.0177247 0.00210815 0.0177253 0.99984 0.00784378 0.0523085 -0.571618
FixedParameters: 0 0 0

#Transform 58
Transform: AffineTransform_float_3_3
Parameters: 0.999996 0.00127958 -0.00251463 -0.00132441 0.999835 -0.0181438 0.00249038 0.0181473 0.999832 0.00298199 0.0353804 -0.59995
FixedParameters: 0 0 0

#Transform 59
Transform: AffineTransform_float_3_3
Parameters: 0.999998 0.000734168 -0.00216818 -0.000771829 0.999847 -0.0174994 0.00215482 0.0175016 0.999845 -0.00259582 0.0459258 -0.495336
FixedParameters: 0 0 0

#Transform 60
Transform: AffineTransform_float_3_3
Parameters: 0.999993 0.00149845 -0.00320752 -0.00155656 0.999836 -0.0180161 0.00318047 0.0180209 0.999832 0.00560055 0.0599578 -0.487516
FixedParameters: 0 0 0

#Transform 61
Transform: AffineTransform_float_3_3
Parameters: 0.999991 0.00153045 -0.00380189 -0.00159755 0.99984 -0.0178271 0.00377411 0.0178329 0.999834 0.00341254 0.0536696 -0.383182
FixedParameters: 0 0 0

#Transform 62
Transform: AffineTransform_float_3_3
Parameters: 0.999991 0.00170666 -0.00384996 -0.00177734 0.99983 -0.0183423 0.00381804 0.0183487 0.999825 0.0138378 0.0495158 -0.4912
FixedParameters: 0 0 0

#Transform 63
Transform: AffineTransform_float_3_3
Parameters: 0.999991 0.00190923 -0.00385336 -0.00197878 0.999832 -0.0181845 0.00381864 0.0181915 0.999827 0.0130268 0.0399056 -0.443869
FixedParameters: 0 0 0

#Transform 64
Transform: AffineTransform_float_3_3
Parameters: 0.999993 0.00153484 -0.00338984 -0.00159616 0.999829 -0.0184107 0.00336118 0.0184163 0.999825 -0.0127526 0.0438089 -0.480191
FixedParameters: 0 0 0

#Transform 65
Transform: AffineTransform_float_3_3
Parameters: 0.999991 0.0021417 -0.0038596 -0.00221531 0.999816 -0.0190896 0.0038184 0.0190984 0.999811 -0.00538806 0.0501315 -0.526115
FixedParameters: 0 0 0

#Transform 66
Transform: AffineTransform_float_3_3
Parameters: 0.999991 0.00203246 -0.00385602 -0.00210354 0.999829 -0.0183791 0.00381798 0.0183869 0.999823 -0.0111663 0.0676302 -0.487326
FixedParameters: 0 0 0

#Transform 67
Transform: AffineTransform_float_3_3
Parameters: 0.999986 0.0023469 -0.00474072 -0.0024391 0.999806 -0.0195147 0.00469428 0.0195263 0.999799 0.00433857 0.0516603 -0.521258
FixedParameters: 0 0 0

#Transform 68
Transform: AffineTransform_float_3_3
Parameters: 0.999986 0.00247116 -0.00470123 -0.00255984 0.999821 -0.0187722 0.00465375 0.0187838 0.999812 0.010796 0.0557332 -0.479984
FixedParameters: 0 0 0

#Transform 69
Transform: AffineTransform_float_3_3
Parameters: 0.999986 0.00259843 -0.00461203 -0.00268657 0.99981 -0.0193029 0.00456097 0.0193151 0.999803 0.010042 0.0514417 -0.483524
FixedParameters: 0 0 0

#Transform 70
Transform: AffineTransform_float_3_3
Parameters: 0.999986 0.0025158 -0.00468334 -0.00260219 0.999825 -0.0184911 0.00463566 0.0185029 0.999818 0.0141129 0.0428524 -0.352569
FixedParameters: 0 0 0

#Transform 71
Transform: AffineTransform_float_3_3
Parameters: 0.999988 0.00244775 -0.00427476 -0.00253026 0.999805 -0.0195794 0.00422625 0.0195906 0.999799 0.00226511 0.05397 -0.397671
FixedParameters: 0 0 0

#Transform 72
Transform: AffineTransform_float_3_3
Parameters: 0.999988 0.00249374 -0.00427566 -0.00257627 0.999805 -0.0195792 0.00422635 0.0195908 0.999799 0.00451545 0.0435593 -0.356495
FixedParameters: 0 0 0

#Transform 73
Transform: AffineTransform_float_3_3
Parameters: 0.99999 0.00249991 -0.00384425 -0.00257708 0.999793 -0.0201803 0.00379276 0.0201897 0.999789 0.0213009 0.0580446 -0.443351
FixedParameters: 0 0 0

#Transform 74
Transform: AffineTransform_float_3_3
Parameters: 0.999987 0.00275958 -0.00430035 -0.00284341 0.999801 -0.019749 0.00424466 0.019761 0.999795 0.00920431 0.0492408 -0.425926
FixedParameters: 0 0 0

#Transform 75
Transform: AffineTransform_float_3_3
Parameters: 0.999985 0.00285909 -0.00481849 -0.0029489 0.999819 -0.0187561 0.00476351 0.0187699 0.999812 0.0220362 0.0546927 -0.287316
FixedParameters: 0 0 0

#Transform 76
Transform: AffineTransform_float_3_3
Parameters: 0.99998 0.00349663 -0.00529358 -0.00360738 0.999774 -0.0209863 0.00521941 0.0210047 0.999766 0.023346 0.0846511 -0.527166
FixedParameters: 0 0 0

#Transform 77
Transform: AffineTransform_float_3_3
Parameters: 0.999983 0.00320431 -0.00501413 -0.0033047 0.999795 -0.0200028 0.00494887 0.0200182 0.999788 0.00965165 0.0937146 -0.402679
FixedParameters: 0 0 0

#Transform 78
Transform: AffineTransform_float_3_3
Parameters: 0.99998 0.00319722 -0.00535521 -0.00330478 0.999794 -0.0200507 0.00528977 0.0200683 0.999784 0.024857 0.0954345 -0.433319
FixedParameters: 0 0 0

#Transform 79
Transform: AffineTransform_float_3_3
Parameters: 0.99998 0.00298337 -0.00568742 -0.00309362 0.999804 -0.0195428 0.00562759 0.0195602 0.999793 0.0432301 0.100336 -0.247692
FixedParameters: 0 0 0

#Transform 80
Transform: AffineTransform_float_3_3
Parameters: 0.999983 0.00320362 -0.004838 -0.00330439 0.999777 -0.0208864 0.00477 0.0209016 0.99977 0.0256944 0.120665 -0.329445
FixedParameters: 0 0 0

#Transform 81
Transform: AffineTransform_float_3_3
Parameters: 0.999981 0.00373524 -0.00478903 -0.00384275 0.999735 -0.022692 0.00470297 0.02271 0.999731 0.0440494 0.140322 -0.217998
FixedParameters: 0 0 0

#Transform 82
Transform: AffineTransform_float_3_3
Parameters: 0.99997 0.00423365 -0.00658478 -0.00438136 0.999733 -0.0226808 0.00648724 0.0227092 0.999721 0.041202 0.151213 -0.239218
FixedParameters: 0 0 0

#Transform 83
Transform: AffineTransform_float_3_3
Parameters: 0.999966 0.00511262 -0.00658286 -0.00526639 0.999707 -0.0236522 0.00646015 0.0236868 0.999698 0.0799816 0.147117 -0.219036
FixedParameters: 0 0 0

#Transform 84
Transform: AffineTransform_float_3_3
Parameters: 0.999974 0.0045314 -0.00573416 -0.0046656 0.999713 -0.0235039 0.00562584 0.0235301 0.999708 0.0549857 0.140954 -0.217017
FixedParameters: 0 0 0

#Transform 85
Transform: AffineTransform_float_3_3
Parameters: 0.999971 0.00446764 -0.00615887 -0.00461434 0.999703 -0.0239583 0.00604912 0.0239857 0.999694 0.0542933 0.114037 -0.253667
FixedParameters: 0 0 0

#Transform 86
Transform: AffineTransform_float_3_3
Parameters: 0.999971 0.00447135 -0.00615618 -0.00461464 0.999716 -0.0233553 0.00604981 0.0233837 0.999709 0.0605651 0.0980633 -0.264953
FixedParameters: 0 0 0

#Transform 87
Transform: AffineTransform_float_3_3
Parameters: 0.999971 0.00447168 -0.00615594 -0.0046143 0.999718 -0.0233023 0.00604906 0.0233307 0.99971 0.0601867 0.0762097 -0.313614
FixedParameters: 0 0 0

#Transform 88
Transform: AffineTransform_float_3_3
Parameters: 0.999974 0.00396428 -0.00614446 -0.0041067 0.999718 -0.0233904 0.00604954 0.0234156 0.999707 0.0683969 0.0759579 -0.205108
FixedParameters: 0 0 0

#Transform 89
Transform: AffineTransform_float_3_3
Parameters: 0.999973 0.00447325 -0.00593574 -0.00461474 0.999704 -0.0239153 0.00582625 0.0239417 0.999697 0.0576284 0.0967529 -0.252129
FixedParameters: 0 0 0

#Transform 90
Transform: AffineTransform_float_3_3
Parameters: 0.999971 0.00447027 -0.00615696 -0.00461471 0.999713 -0.0235313 0.00604902 0.0235587 0.999704 0.0714838 0.0990602 -0.20987
FixedParameters: 0 0 0

#Transform 91
Transform: AffineTransform_float_3_3
Parameters: 0.999975 0.00429427 -0.0055072 -0.00442072 0.999721 -0.0232092 0.0054058 0.0232328 0.999715 0.0660103 0.105771 -0.190373
FixedParameters: 0 0 0

#Transform 92
Transform: AffineTransform_float_3_3
Parameters: 0.999971 0.00486487 -0.00597054 -0.00500712 0.999694 -0.0241968 0.00585049 0.0242252 0.99969 0.077105 0.111702 -0.273668
FixedParameters: 0 0 0

#Transform 93
Transform: AffineTransform_float_3_3
Parameters: 0.999971 0.00444987 -0.00615903 -0.00459714 0.9997 -0.0240854 0.00604997 0.0241126 0.999691 0.0622316 0.108297 -0.248134
FixedParameters: 0 0 0

#Transform 94
Transform: AffineTransform_float_3_3
Parameters: 0.999968 0.00505045 -0.00617455 -0.00519954 0.999691 -0.0242847 0.00604944 0.0243153 0.999686 0.0812822 0.116313 -0.326114
FixedParameters: 0 0 0

#Transform 95
Transform: AffineTransform_float_3_3
Parameters: 0.999973 0.00498239 -0.00551585 -0.00511262 0.9997 -0.0239244 0.00539516 0.0239515 0.999698 0.115533 0.125422 -0.232368
FixedParameters: 0 0 0

#Transform 96
Transform: AffineTransform_float_3_3
Parameters: 0.999971 0.00506041 -0.00578816 -0.00519959 0.999694 -0.0241856 0.00566383 0.0242144 0.99969 0.115217 0.119473 -0.313767
FixedParameters: 0 0 0

#Transform 97
Transform: AffineTransform_float_3_3
Parameters: 0.999966 0.0050428 -0.0065434 -0.00519919 0.999696 -0.0240778 0.00641959 0.0241112 0.999688 0.117274 0.115876 -0.306559
FixedParameters: 0 0 0

#Transform 98
Transform: AffineTransform_float_3_3
Parameters: 0.999974 0.00399444 -0.00590793 -0.00413655 0.999695 -0.0243172 0.00580908 0.0243408 0.999687 0.0996767 0.113834 -0.219667
FixedParameters: 0 0 0

#Transform 99
Transform: AffineTransform_float_3_3
Parameters: 0.999966 0.00503181 -0.00655186 -0.00519919 0.999654 -0.0257558 0.00642013 0.0257892 0.999647 0.093119 0.136897 -0.207196
FixedParameters: 0 0 0

#Transform 100
Transform: AffineTransform_float_3_3
Parameters: 0.999974 0.00469453 -0.00544116 -0.00483847 0.999633 -0.0266623 0.00531382 0.0266876 0.999629 0.089636 0.166803 -0.0633656
FixedParameters: 0 0 0

#Transform 101
Transform: AffineTransform_float_3_3
Parameters: 0.999963 0.00564292 -0.00659784 -0.00580708 0.999663 -0.0252746 0.00645318 0.0253124 0.999659 0.113054 0.149175 -0.299404
FixedParameters: 0 0 0

#Transform 102
Transform: AffineTransform_float_3_3
Parameters: 0.999957 0.0052014 -0.00776004 -0.00539561 0.999666 -0.0252712 0.00762597 0.0253118 0.99965 0.0759527 0.17211 -0.0598435
FixedParameters: 0 0 0

#Transform 103
Transform: AffineTransform_float_3_3
Parameters: 0.999945 0.00672352 -0.00796151 -0.00692549 0.999646 -0.0256843 0.00778651 0.0257378 0.999639 0.112475 0.181981 -0.188003
FixedParameters: 0 0 0

#Transform 104
Transform: AffineTransform_float_3_3
Parameters: 0.999951 0.00622288 -0.00778594 -0.00642512 0.999636 -0.0262093 0.00762006 0.0262587 0.999626 0.0720079 0.184204 -0.142167
FixedParameters: 0 0 0

#Transform 105
Transform: AffineTransform_float_3_3
Parameters: 0.999914 0.00860322 -0.00997244 -0.00887076 0.999592 -0.0271259 0.00973458 0.0272121 0.999583 0.0847624 0.19609 -0.221774
FixedParameters: 0 0 0

#Transform 106
Transform: AffineTransform_float_3_3
Parameters: 0.99992 0.00793697 -0.00991788 -0.00820303 0.999599 -0.0270768 0.00969912 0.0271562 0.999584 0.0624203 0.187511 -0.283843
FixedParameters: 0 0 0

#Transform 107
Transform: AffineTransform_float_3_3
Parameters: 0.999922 0.00809311 -0.00945661 -0.00834387 0.999606 -0.0267992 0.00923539 0.0268758 0.999596 0.116164 0.185581 -0.183843
FixedParameters: 0 0 0

#Transform 108
Transform: AffineTransform_float_3_3
Parameters: 0.999919 0.00816108 -0.00978282 -0.00842092 0.999604 -0.0268288 0.00956018 0.0269092 0.999592 0.0692557 0.202104 -0.11975
FixedParameters: 0 0 0

#Transform 109
Transform: AffineTransform_float_3_3
Parameters: 0.999919 0.00807997 -0.00982632 -0.00834302 0.9996 -0.0270282 0.00960369 0.0271078 0.999587 0.112449 0.182792 -0.0381064
FixedParameters: 0 0 0

#Transform 110
Transform: AffineTransform_float_3_3
Parameters: 0.999909 0.00873093 -0.0103548 -0.00901109 0.999586 -0.0273172 0.0101122 0.0274078 0.999573 0.115653 0.18349 -0.197314
FixedParameters: 0 0 0

#Transform 111
Transform: AffineTransform_float_3_3
Parameters: 0.999917 0.00827159 -0.00993586 -0.00853942 0.999594 -0.0271804 0.00970714 0.0272626 0.999581 0.117449 0.169042 -0.0430155
FixedParameters: 0 0 0

#Transform 112
Transform: AffineTransform_float_3_3
Parameters: 0.999915 0.0082657 -0.0100081 -0.00853932 0.999583 -0.0275799 0.00977685 0.0276632 0.99957 0.112219 0.202037 -0.0404312
FixedParameters: 0 0 0

#Transform 113
Transform: AffineTransform_float_3_3
Parameters: 0.999918 0.00827884 -0.00976369 -0.00853917 0.999602 -0.0269118 0.0095373 0.0269932 0.99959 0.111115 0.186036 -0.0306416
FixedParameters: 0 0 0

#Transform 114
Transform: AffineTransform_float_3_3
Parameters: 0.999921 0.0081742 -0.00948045 -0.00843278 0.999584 -0.0275872 0.00925056 0.0276648 0.999575 0.107442 0.161591 -0.0911328
FixedParameters: 0 0 0

#Transform 115
Transform: AffineTransform_float_3_3
Parameters: 0.999924 0.00810386 -0.00936981 -0.00836015 0.999584 -0.0276288 0.0091422 0.0277052 0.999575 0.109789 0.155 -0.0341482
FixedParameters: 0 0 0

#Transform 116
Transform: AffineTransform_float_3_3
Parameters: 0.999931 0.00739693 -0.00911016 -0.00764508 0.999593 -0.0275043 0.00890284 0.0275718 0.99958 0.114611 0.178962 0.0129053
FixedParameters: 0 0 0

#Transform 117
Transform: AffineTransform_float_3_3
Parameters: 0.999923 0.00795162 -0.00959855 -0.00821336 0.999585 -0.0276123 0.00937446 0.0276897 0.999572 0.103728 0.185925 -0.0236226
FixedParameters: 0 0 0

#Transform 118
Transform: AffineTransform_float_3_3
Parameters: 0.999918 0.00833875 -0.00972096 -0.00860425 0.999583 -0.0275716 0.00948703 0.0276524 0.999572 0.110955 0.161582 -0.0965536
FixedParameters: 0 0 0

#Transform 119
Transform: AffineTransform_float_3_3
Parameters: 0.999916 0.00839347 -0.00987683 -0.00866053 0.999591 -0.0272587 0.00964414 0.0273422 0.999579 0.122054 0.158825 -0.0402102
FixedParameters: 0 0 0

#Transform 120
Transform: AffineTransform_float_3_3
Parameters: 0.999906 0.00921291 -0.0102061 -0.0094901 0.999579 -0.0274428 0.00994887 0.0275373 0.999572 0.128094 0.148809 -0.202038
FixedParameters: 0 0 0

#Transform 121
Transform: AffineTransform_float_3_3
Parameters: 0.999911 0.00909592 -0.00971122 -0.00936309 0.999569 -0.0278195 0.00945476 0.0279085 0.999566 0.119649 0.174161 -0.217747
FixedParameters: 0 0 0

#Transform 122
Transform: AffineTransform_float_3_3
Parameters: 0.999913 0.00900742 -0.00956136 -0.0092696 0.999574 -0.0276758 0.00930863 0.0277612 0.999571 0.108445 0.187467 -0.213062
FixedParameters: 0 0 0

#Transform 123
Transform: AffineTransform_float_3_3
Parameters: 0.999909 0.00922052 -0.00978512 -0.00949047 0.999567 -0.0278606 0.00952386 0.0279503 0.999564 0.11875 0.155552 -0.246705
FixedParameters: 0 0 0

#Transform 124
Transform: AffineTransform_float_3_3
Parameters: 0.99991 0.00922131 -0.00979997 -0.0094907 0.999571 -0.0277345 0.00954002 0.0278255 0.999568 0.123125 0.169509 -0.284363
FixedParameters: 0 0 0

#Transform 125
Transform: AffineTransform_float_3_3
Parameters: 0.999912 0.00903331 -0.00977051 -0.00929972 0.999575 -0.0276046 0.00951751 0.0276924 0.999571 0.126639 0.138698 -0.280438
FixedParameters: 0 0 0

#Transform 126
Transform: AffineTransform_float_3_3
Parameters: 0.999914 0.00843611 -0.0100604 -0.00870787 0.999589 -0.0272947 0.00982561 0.0273802 0.999577 0.133062 0.137863 -0.235241
FixedParameters: 0 0 0

#Transform 127
Transform: AffineTransform_float_3_3
Parameters: 0.999914 0.00842404 -0.010066 -0.00869595 0.99959 -0.0272858 0.00983201 0.0273712 0.999577 0.123928 0.159359 -0.216265
FixedParameters: 0 0 0

#Transform 128
Transform: AffineTransform_float_3_3
Parameters: 0.999907 0.00891612 -0.0103157 -0.00919589 0.999582 -0.0274097 0.0100673 0.0275023 0.999571 0.122533 0.1366 -0.287684
FixedParameters: 0 0 0

#Transform 129
Transform: AffineTransform_float_3_3
Parameters: 0.999932 0.00838558 -0.00803463 -0.0085874 0.999641 -0.0253717 0.00781835 0.0254383 0.999646 0.125005 0.131825 -0.286905
FixedParameters: 0 0 0

#Transform 130
Transform: AffineTransform_float_3_3
Parameters: 0.999931 0.00846083 -0.00808502 -0.00867316 0.999609 -0.0265767 0.00785697 0.0266453 0.999614 0.131701 0.117597 -0.307996
FixedParameters: 0 0 0

#Transform 131
Transform: AffineTransform_float_3_3
Parameters: 0.999929 0.00832466 -0.00853846 -0.00854335 0.999629 -0.0258619 0.00832053 0.0259331 0.999629 0.125344 0.124707 -0.26218
FixedParameters: 0 0 0

#Transform 132
Transform: AffineTransform_float_3_3
Parameters: 0.999931 0.00783465 -0.00872917 -0.00806835 0.999599 -0.0271434 0.00851287 0.0272116 0.999594 0.0991844 0.149262 -0.0857452
FixedParameters: 0 0 0

#Transform 133
Transform: AffineTransform_float_3_3
Parameters: 0.999921 0.00856784 -0.00921118 -0.00881817 0.999584 -0.0274689 0.00897281 0.0275481 0.99958 0.120869 0.160488 -0.151203
FixedParameters: 0 0 0

#Transform 134
Transform: AffineTransform_float_3_3
Parameters: 0.999928 0.00793862 -0.00898511 -0.00818137 0.999594 -0.0272674 0.00876488 0.0273395 0.999588 0.114993 0.155235 0.0392379
FixedParameters: 0 0 0

#Transform 135
Transform: AffineTransform_float_3_3
Parameters: 0.999926 0.00781581 -0.00924221 -0.00806922 0.999584 -0.0276835 0.00902278 0.0277556 0.999574 0.0981742 0.177283 -0.00400491
FixedParameters: 0 0 0

#Transform 136
Transform: AffineTransform_float_3_3
Parameters: 0.999922 0.00794979 -0.00957967 -0.00821319 0.999581 -0.0277575 0.00935431 0.0278335 0.999569 0.111081 0.17842 0.0321839
FixedParameters: 0 0 0

#Transform 137
Transform: AffineTransform_float_3_3
Parameters: 0.999927 0.0081124 -0.00894084 -0.00836661 0.999553 -0.0287023 0.00870415 0.0287747 0.999548 0.101854 0.176595 -0.0482168
FixedParameters: 0 0 0

#Transform 138
Transform: AffineTransform_float_3_3
Parameters: 0.999927 0.00801564 -0.00911457 -0.00826435 0.999587 -0.0275457 0.00888942 0.0276193 0.999579 0.113466 0.177845 0.0312662
FixedParameters: 0 0 0

#Transform 139
Transform: AffineTransform_float_3_3
Parameters: 0.999914 0.00872333 -0.00972794 -0.00898867 0.999579 -0.0276089 0.00948307 0.0276941 0.999572 0.132791 0.186258 -0.0301868
FixedParameters: 0 0 0

#Transform 140
Transform: AffineTransform_float_3_3
Parameters: 0.999898 0.00964446 -0.0105151 -0.00993354 0.999563 -0.0278404 0.0102419 0.0279416 0.999557 0.145087 0.217054 0.0312459
FixedParameters: 0 0 0

#Transform 141
Transform: AffineTransform_float_3_3
Parameters: 0.999908 0.00822014 -0.0107832 -0.00852585 0.999553 -0.0286317 0.0105428 0.0287213 0.999532 0.0920902 0.209646 -0.0865167
FixedParameters: 0 0 0

#Transform 142
Transform: AffineTransform_float_3_3
Parameters: 0.999902 0.00815802 -0.0113904 -0.00848498 0.999544 -0.0289582 0.0111496 0.0290528 0.999515 0.0948606 0.198239 -0.0377297
FixedParameters: 0 0 0

#Transform 143
Transform: AffineTransform_float_3_3
Parameters: 0.999916 0.0076056 -0.0104736 -0.00790741 0.999547 -0.0290426 0.0102484 0.0291234 0.999524 0.0869281 0.232045 -0.0185121
FixedParameters: 0 0 0

#Transform 144
Transform: AffineTransform_float_3_3
Parameters: 0.999912 0.00852488 -0.0102169 -0.00881813 0.99954 -0.0289975 0.00996511 0.0290845 0.999528 0.11807 0.232332 -0.0626341
FixedParameters: 0 0 0

#Transform 145
Transform: AffineTransform_float_3_3
Parameters: 0.999914 0.00826075 -0.0101728 -0.00856522 0.999506 -0.0302365 0.00991719 0.0303215 0.999491 0.105417 0.235107 0.137918
FixedParameters: 0 0 0

#Transform 146
Transform: AffineTransform_float_3_3
Parameters: 0.999913 0.00868065 -0.00991792 -0.00896937 0.999524 -0.0295136 0.00965711 0.0295994 0.999515 0.12426 0.218918 -0.129612
FixedParameters: 0 0 0

#Transform 147
Transform: AffineTransform_float_3_3
Parameters: 0.999916 0.0080554 -0.010083 -0.0083476 0.999538 -0.0292203 0.00984295 0.0293017 0.999522 0.108167 0.213611 0.122509
FixedParameters: 0 0 0

#Transform 148
Transform: AffineTransform_float_3_3
Parameters: 0.999913 0.00852713 -0.0101227 -0.00882387 0.999521 -0.0296553 0.00986429 0.0297417 0.999509 0.119154 0.207907 -0.0945868
FixedParameters: 0 0 0

#Transform 149
Transform: AffineTransform_float_3_3
Parameters: 0.999904 0.00897489 -0.0105497 -0.00928709 0.999509 -0.0299179 0.0102753 0.0300131 0.999496 0.123042 0.215034 0.160109
FixedParameters: 0 0 0

#Transform 150
Transform: AffineTransform_float_3_3
Parameters: 0.999916 0.00835448 -0.00985034 -0.00864049 0.99953 -0.0294113 0.00959966 0.0294947 0.999519 0.119105 0.19555 -0.119784
FixedParameters: 0 0 0

#Transform 151
Transform: AffineTransform_float_3_3
Parameters: 0.999907 0.0087154 -0.0104995 -0.00902762 0.999506 -0.030103 0.0102325 0.030195 0.999491 0.112008 0.222585 0.156916
FixedParameters: 0 0 0

#Transform 152
Transform: AffineTransform_float_3_3
Parameters: 0.999913 0.00872092 -0.00982311 -0.00901607 0.999497 -0.0304061 0.00955289 0.030492 0.99949 0.112614 0.212845 -0.0261722
FixedParameters: 0 0 0

#Transform 153
Transform: AffineTransform_float_3_3
Parameters: 0.999918 0.00808725 -0.0098698 -0.00838376 0.999503 -0.0304057 0.0096192 0.0304853 0.999489 0.090597 0.21673 0.123168
FixedParameters: 0 0 0

#Transform 154
Transform: AffineTransform_float_3_3
Parameters: 0.999908 0.00896195 -0.0101866 -0.00926805 0.999494 -0.0304044 0.00990936 0.0304966 0.999486 0.135555 0.215296 -0.0360553
FixedParameters: 0 0 0

#Transform 155
Transform: AffineTransform_float_3_3
Parameters: 0.999899 0.00917468 -0.0108744 -0.00949629 0.999508 -0.0298737 0.0105946 0.0299742 0.999494 0.139352 0.215315 0.137903
FixedParameters: 0 0 0

#Transform 156
Transform: AffineTransform_float_3_3
Parameters: 0.999904 0.00909503 -0.0104547 -0.00940798 0.999497 -0.0302875 0.0101743 0.0303824 0.999486 0.115207 0.223657 0.0454346
FixedParameters: 0 0 0

#Transform 157
Transform: AffineTransform_float_3_3
Parameters: 0.999899 0.00935863 -0.0107443 -0.00968438 0.999484 -0.0306421 0.0104517 0.0307429 0.999472 0.121603 0.213563 0.118122
FixedParameters: 0 0 0

#Transform 158
Transform: AffineTransform_float_3_3
Parameters: 0.999904 0.00906707 -0.0104643 -0.00938393 0.999486 -0.0306468 0.0101808 0.0307413 0.999476 0.13139 0.232399 0.0951788
FixedParameters: 0 0 0

#Transform 159
Transform: AffineTransform_float_3_3
Parameters: 0.9999 0.00922601 -0.0106629 -0.00955299 0.999472 -0.0310332 0.0103711 0.0311318 0.999461 0.130452 0.204453 0.0645692
FixedParameters: 0 0 0
