# transform file /out/sourcedata/freesurfer/sub-v2s1x29902_ses-1/mri/transforms/cc_up.lta
# created by oesteban on Thu Mar 12 21:27:49 2026

type      = 0 # LINEAR_VOX_TO_VOX
nxforms   = 1
mean      = 127.0000 124.0000 117.0000
sigma     = 10000.0000
1 4 4
9.863308668136597e-01 1.336130052804947e-01 -9.643176198005676e-02 -2.487930297851562e+00 
-1.329789608716965e-01 9.910336136817932e-01 1.300110947340727e-02 3.675032424926758e+01 
9.730423241853714e-02 0.000000000000000e+00 9.952547550201416e-01 4.922696113586426e+00 
0.000000000000000e+00 0.000000000000000e+00 0.000000000000000e+00 1.000000000000000e+00 
src volume info
valid = 1  # volume info valid
filename = /out/sourcedata/freesurfer/sub-v2s1x29902_ses-1/mri/norm.mgz
volume = 256 256 256
voxelsize = 8.999999761581421e-01 8.999999761581421e-01 8.999999761581421e-01
xras   = -9.999999403953552e-01 0.000000000000000e+00 0.000000000000000e+00
yras   = 0.000000000000000e+00 0.000000000000000e+00 -1.000000000000000e+00
zras   = 0.000000000000000e+00 1.000000000000000e+00 0.000000000000000e+00
cras   = -4.232498168945312e+00 2.476398468017578e+01 2.002861022949219e+00
dst volume info
valid = 1  # volume info valid
filename = /out/sourcedata/freesurfer/sub-v2s1x29902_ses-1/mri/norm.mgz
volume = 256 256 256
voxelsize = 8.999999761581421e-01 8.999999761581421e-01 8.999999761581421e-01
xras   = -9.999999403953552e-01 0.000000000000000e+00 0.000000000000000e+00
yras   = 0.000000000000000e+00 0.000000000000000e+00 -1.000000000000000e+00
zras   = 0.000000000000000e+00 1.000000000000000e+00 0.000000000000000e+00
cras   = -4.232498168945312e+00 2.476398468017578e+01 2.002861022949219e+00
