#Insight Transform File V1.0
#Transform 0
Transform: AffineTransform_float_3_3
Parameters: 0.999989 -0.00334283 0.00306672 0.00335917 0.999981 -0.00528376 -0.00304828 0.00529425 0.999982 -0.0400051 0.000300863 -0.545564
FixedParameters: 0 0 0

#Transform 1
Transform: AffineTransform_float_3_3
Parameters: 0.999994 -0.00230964 0.00259735 0.00232936 0.99997 -0.007477 -0.00257965 0.007483 0.999968 -0.0308964 0.173715 -0.183776
FixedParameters: 0 0 0

#Transform 2
Transform: AffineTransform_float_3_3
Parameters: 0.999994 -0.00230865 0.00259823 0.00232935 0.999967 -0.007858 -0.00257977 0.007864 0.999966 -0.0205116 0.19937 -0.277001
FixedParameters: 0 0 0

#Transform 3
Transform: AffineTransform_float_3_3
Parameters: 0.999992 -0.00230543 0.0030937 0.00232957 0.999968 -0.00763685 -0.00307629 0.00764415 0.999966 -0.0272693 0.211131 -0.289172
FixedParameters: 0 0 0

#Transform 4
Transform: AffineTransform_float_3_3
Parameters: 0.999992 -0.00230318 0.00322758 0.00232882 0.999965 -0.00801854 -0.00320942 0.00802645 0.999962 -0.0416274 0.18991 -0.26399
FixedParameters: 0 0 0

#Transform 5
Transform: AffineTransform_float_3_3
Parameters: 0.999993 -0.00207675 0.00291227 0.00209725 0.999971 -0.00731294 -0.00289673 0.00731806 0.999969 -0.0273611 0.161863 -0.265947
FixedParameters: 0 0 0

#Transform 6
Transform: AffineTransform_float_3_3
Parameters: 1 -0.000137571 0.000347569 0.000139431 0.999991 -0.00411495 -0.000347429 0.00411505 0.999992 0.0194481 0.13867 -0.804315
FixedParameters: 0 0 0

#Transform 7
Transform: AffineTransform_float_3_3
Parameters: 0.999999 -0.000840124 0.0010963 0.000847874 0.99998 -0.00628707 -0.00109069 0.00628792 0.999979 0.00164468 0.043287 -0.937523
FixedParameters: 0 0 0

#Transform 8
Transform: AffineTransform_float_3_3
Parameters: 0.999999 -0.000967256 0.00106417 0.000973743 0.99998 -0.00635497 -0.00105783 0.00635603 0.999979 0.00409826 0.184129 -0.21462
FixedParameters: 0 0 0

#Transform 9
Transform: AffineTransform_float_3_3
Parameters: 0.999999 -0.0011372 0.00136622 0.0011468 0.999974 -0.00719645 -0.00135778 0.00719756 0.999973 0.0182902 0.169465 -0.276681
FixedParameters: 0 0 0

#Transform 10
Transform: AffineTransform_float_3_3
Parameters: 0.999998 -0.00111141 0.00176101 0.00112359 0.999973 -0.00716303 -0.00175299 0.00716496 0.999973 0.0197611 0.172497 -0.387992
FixedParameters: 0 0 0

#Transform 11
Transform: AffineTransform_float_3_3
Parameters: 0.999997 -0.00106527 0.00184125 0.00107673 0.999983 -0.00583903 -0.00183474 0.00584097 0.999982 0.0310133 0.159806 -0.401471
FixedParameters: 0 0 0

#Transform 12
Transform: AffineTransform_float_3_3
Parameters: 0.999998 -0.00124091 0.00164613 0.00124909 0.999987 -0.00492195 -0.00163987 0.00492404 0.999986 0.0158447 0.136051 -0.395483
FixedParameters: 0 0 0

#Transform 13
Transform: AffineTransform_float_3_3
Parameters: 0.999998 -0.00121794 0.00164674 0.00122705 0.999984 -0.00550899 -0.00163926 0.00551101 0.999984 0.0214978 0.134597 -0.348071
FixedParameters: 0 0 0

#Transform 14
Transform: AffineTransform_float_3_3
Parameters: 0.999998 -0.0010449 0.00164709 0.0010561 0.999976 -0.00675027 -0.00163991 0.00675172 0.999976 0.0253707 0.137567 -0.384622
FixedParameters: 0 0 0

#Transform 15
Transform: AffineTransform_float_3_3
Parameters: 0.999999 -0.000831186 0.00164551 0.000841812 0.999978 -0.00658263 -0.00163949 0.00658337 0.999977 0.0143676 0.148831 -0.319217
FixedParameters: 0 0 0

#Transform 16
Transform: AffineTransform_float_3_3
Parameters: 0.999998 0.00058833 0.00201988 -0.000573668 0.999974 -0.00708817 -0.00202412 0.00708682 0.999973 -0.00439289 0.0213206 -0.359713
FixedParameters: 0 0 0

#Transform 17
Transform: AffineTransform_float_3_3
Parameters: 0.999999 0.00123087 -0.000581171 -0.00122914 0.999998 0.00148672 0.000582828 -0.00148628 0.999998 -0.0204435 -0.0818363 -0.417294
FixedParameters: 0 0 0

#Transform 18
Transform: AffineTransform_float_3_3
Parameters: 0.999995 0.00141371 -0.00305806 -0.00139229 0.999974 0.0070913 0.00306795 -0.0070867 0.99997 0.0746208 -0.173952 -0.144326
FixedParameters: 0 0 0

#Transform 19
Transform: AffineTransform_float_3_3
Parameters: 0.999998 0.00050334 -0.00161683 -0.000505658 0.999998 -0.00164518 0.00161517 0.00164582 0.999998 0.0366244 0.0500129 -0.0321005
FixedParameters: 0 0 0

#Transform 20
Transform: AffineTransform_float_3_3
Parameters: 1 -6.10763e-05 5.69182e-05 6.19236e-05 0.999999 0.00134 -5.7083e-05 -0.00134 0.999999 -0.0088383 -0.00690762 0.0495621
FixedParameters: 0 0 0

#Transform 21
Transform: AffineTransform_float_3_3
Parameters: 0.999999 0.000161598 -0.00089337 -0.000169398 0.999965 -0.00829085 0.000891626 0.00829115 0.999965 0.0323602 0.160838 -0.150271
FixedParameters: 0 0 0

#Transform 22
Transform: AffineTransform_float_3_3
Parameters: 1 0.000208624 -0.00117802 -0.000225375 0.999903 -0.0139178 0.00117498 0.0139183 0.999903 0.0417033 0.222521 -0.261929
FixedParameters: 0 0 0

#Transform 23
Transform: AffineTransform_float_3_3
Parameters: 1 -0.000227312 -2.08369e-05 0.000226686 0.999903 -0.013924 2.41587e-05 0.013924 0.999903 0.0279018 0.263272 -0.272739
FixedParameters: 0 0 0

#Transform 24
Transform: AffineTransform_float_3_3
Parameters: 1 8.6117e-05 -0.000470919 -9.08839e-05 0.999946 -0.010379 0.000470082 0.010379 0.999946 0.0353479 0.219844 -0.221045
FixedParameters: 0 0 0

#Transform 25
Transform: AffineTransform_float_3_3
Parameters: 1 0.000122168 -0.00021166 -0.000125837 0.99991 -0.013433 0.000210329 0.013433 0.99991 0.0302426 0.222626 -0.27885
FixedParameters: 0 0 0

#Transform 26
Transform: AffineTransform_float_3_3
Parameters: 1 8.25166e-05 -0.000352081 -8.64823e-05 0.999918 -0.012753 0.000350925 0.012753 0.999918 0.0452677 0.214525 -0.256047
FixedParameters: 0 0 0

#Transform 27
Transform: AffineTransform_float_3_3
Parameters: 1 0.000181228 -0.000579163 -0.00018877 0.999932 -0.0117139 0.000576828 0.0117141 0.999931 0.0499857 0.256155 -0.294992
FixedParameters: 0 0 0

#Transform 28
Transform: AffineTransform_float_3_3
Parameters: 1 -0.00033828 -0.000176702 0.000335716 0.999918 -0.0127471 0.000181294 0.0127479 0.999918 0.0309236 0.222561 -0.274525
FixedParameters: 0 0 0

#Transform 29
Transform: AffineTransform_float_3_3
Parameters: 0.999999 0.000192858 -0.00143186 -0.000213143 0.999901 -0.0140797 0.00142914 0.0140803 0.9999 0.0562357 0.248353 -0.236785
FixedParameters: 0 0 0

#Transform 30
Transform: AffineTransform_float_3_3
Parameters: 1 5.70677e-05 -0.000315931 -6.19334e-05 0.999878 -0.015634 0.00031507 0.015634 0.999877 0.0511185 0.218415 -0.191556
FixedParameters: 0 0 0

#Transform 31
Transform: AffineTransform_float_3_3
Parameters: 0.999999 0.000331611 -0.000876185 -0.000344385 0.999882 -0.0153247 0.000870824 0.0153253 0.999882 0.0555145 0.208645 -0.21417
FixedParameters: 0 0 0

#Transform 32
Transform: AffineTransform_float_3_3
Parameters: 1 0.000505951 -0.00101115 -0.000520061 0.999902 -0.0139425 0.00100485 0.0139425 0.999903 0.0608593 0.220725 -0.232101
FixedParameters: 0 0 0

#Transform 33
Transform: AffineTransform_float_3_3
Parameters: 0.999999 9.33295e-05 -0.00123855 -0.000112662 0.999886 -0.0150829 0.00123644 0.0150831 0.999886 0.0534321 0.24073 -0.233341
FixedParameters: 0 0 0

#Transform 34
Transform: AffineTransform_float_3_3
Parameters: 1 -2.10611e-05 -0.00113181 3.9361e-06 0.999887 -0.015072 0.00113219 0.015072 0.999886 0.0483397 0.242201 -0.273237
FixedParameters: 0 0 0

#Transform 35
Transform: AffineTransform_float_3_3
Parameters: 1 0.00057903 -0.000961553 -0.000592978 0.999894 -0.0145934 0.000953448 0.0145936 0.999893 0.0729841 0.245108 -0.256344
FixedParameters: 0 0 0

#Transform 36
Transform: AffineTransform_float_3_3
Parameters: 0.999999 0.000395775 -0.000957008 -0.000409225 0.999889 -0.0149106 0.000951004 0.0149104 0.999889 0.0666563 0.262002 -0.24559
FixedParameters: 0 0 0

#Transform 37
Transform: AffineTransform_float_3_3
Parameters: 0.999999 6.23195e-05 -0.000796999 -7.46804e-05 0.999893 -0.014664 0.00079599 0.0146641 0.999892 0.0516361 0.270187 -0.287656
FixedParameters: 0 0 0

#Transform 38
Transform: AffineTransform_float_3_3
Parameters: 0.999999 0.000406938 -0.00131637 -0.000427072 0.999883 -0.0152765 0.00131063 0.0152766 0.999883 0.076451 0.23118 -0.310356
FixedParameters: 0 0 0

#Transform 39
Transform: AffineTransform_float_3_3
Parameters: 1 -9.64588e-06 -0.000376898 3.35266e-06 0.999888 -0.014977 0.000377092 0.014977 0.999888 0.0385293 0.253837 -0.354029
FixedParameters: 0 0 0

#Transform 40
Transform: AffineTransform_float_3_3
Parameters: 1 -8.17451e-06 -0.000329923 3.83718e-06 0.99992 -0.012651 0.000329075 0.012651 0.99992 0.0446867 0.227667 -0.216408
FixedParameters: 0 0 0

#Transform 41
Transform: AffineTransform_float_3_3
Parameters: 0.999999 -1.53487e-05 -0.000935882 3.64989e-06 0.999926 -0.012125 0.000936113 0.012125 0.999926 0.0524489 0.245392 -0.233455
FixedParameters: 0 0 0

#Transform 42
Transform: AffineTransform_float_3_3
Parameters: 0.999999 0.000192767 -0.000920646 -0.000205238 0.999912 -0.0133058 0.00091835 0.0133062 0.999911 0.0590051 0.24383 -0.262208
FixedParameters: 0 0 0

#Transform 43
Transform: AffineTransform_float_3_3
Parameters: 0.999999 0.000182371 -0.000889463 -0.000194623 0.999915 -0.0130918 0.000886528 0.0130922 0.999914 0.0578874 0.227699 -0.280782
FixedParameters: 0 0 0

#Transform 44
Transform: AffineTransform_float_3_3
Parameters: 0.999999 -1.78182e-05 -0.000883829 4.1791e-06 0.999878 -0.015632 0.000884173 0.015632 0.999878 0.0513605 0.283602 -0.357869
FixedParameters: 0 0 0

#Transform 45
Transform: AffineTransform_float_3_3
Parameters: 1 -0.000423178 4.4637e-05 0.00042383 0.999792 -0.020388 -3.63665e-05 0.020388 0.999792 0.0429657 0.337831 -0.444581
FixedParameters: 0 0 0

#Transform 46
Transform: AffineTransform_float_3_3
Parameters: 1 -0.000592694 -3.72446e-05 0.00059231 0.999864 -0.016468 4.67605e-05 0.016468 0.999865 0.0559044 0.314312 -0.357207
FixedParameters: 0 0 0

#Transform 47
Transform: AffineTransform_float_3_3
Parameters: 0.999999 -0.000822332 0.000111134 0.000823666 0.999873 -0.0159539 -9.78716e-05 0.0159541 0.999872 0.0461194 0.301076 -0.354382
FixedParameters: 0 0 0

#Transform 48
Transform: AffineTransform_float_3_3
Parameters: 0.999999 -0.00082291 0.000106768 0.000824092 0.999943 -0.0106469 -9.82314e-05 0.0106471 0.999944 0.0392442 0.282276 -0.340434
FixedParameters: 0 0 0

#Transform 49
Transform: AffineTransform_float_3_3
Parameters: 0.999997 -0.000921003 0.00224355 0.000951002 0.999909 -0.0134059 -0.00223145 0.0134081 0.999907 -0.0201189 0.255434 -0.582717
FixedParameters: 0 0 0

#Transform 50
Transform: AffineTransform_float_3_3
Parameters: 0.99999 -0.0003265 0.00443419 0.000355496 0.99998 -0.00642749 -0.00443181 0.00642952 0.99997 -0.0407765 0.06779 -0.855553
FixedParameters: 0 0 0

#Transform 51
Transform: AffineTransform_float_3_3
Parameters: 0.999976 0.00500647 -0.00476409 -0.00503352 0.99997 -0.00578216 0.00473491 0.00580684 0.999972 0.15441 0.135331 -0.51387
FixedParameters: 0 0 0

#Transform 52
Transform: AffineTransform_float_3_3
Parameters: 0.999997 0.00146449 -0.00194943 -0.00149051 0.999913 -0.0131501 0.00192956 0.0131539 0.999911 0.0999928 0.29281 -0.293359
FixedParameters: 0 0 0

#Transform 53
Transform: AffineTransform_float_3_3
Parameters: 0.999998 0.00128717 -0.0018743 -0.00131183 0.99991 -0.0133086 0.00185671 0.0133104 0.999909 0.106777 0.291494 -0.327568
FixedParameters: 0 0 0

#Transform 54
Transform: AffineTransform_float_3_3
Parameters: 0.999998 0.00143787 -0.00153906 -0.00145813 0.999913 -0.0131598 0.00151994 0.0131612 0.999912 0.113037 0.28578 -0.410966
FixedParameters: 0 0 0

#Transform 55
Transform: AffineTransform_float_3_3
Parameters: 0.999998 0.00140645 -0.000978765 -0.00141955 0.999901 -0.0139846 0.00095924 0.0139864 0.999901 0.0976925 0.294506 -0.456255
FixedParameters: 0 0 0

#Transform 56
Transform: AffineTransform_float_3_3
Parameters: 0.999999 0.000743758 -0.00010428 -0.000744239 0.999922 -0.0124659 9.47297e-05 0.0124661 0.999923 0.0627955 0.283365 -0.393787
FixedParameters: 0 0 0

#Transform 57
Transform: AffineTransform_float_3_3
Parameters: 1 -0.000479232 0.00106775 0.000493771 0.999903 -0.0138735 -0.00106125 0.0138745 0.999903 0.0401966 0.309737 -0.292974
FixedParameters: 0 0 0

#Transform 58
Transform: AffineTransform_float_3_3
Parameters: 0.999999 5.41851e-05 0.000764404 -4.48077e-05 0.999928 -0.012011 -0.000765593 0.012011 0.999927 0.0465053 0.35096 -0.502991
FixedParameters: 0 0 0

#Transform 59
Transform: AffineTransform_float_3_3
Parameters: 0.999999 -0.000479126 0.00113738 0.000493868 0.999914 -0.0131125 -0.00113062 0.0131136 0.999914 0.0384652 0.364015 -0.437111
FixedParameters: 0 0 0

#Transform 60
Transform: AffineTransform_float_3_3
Parameters: 0.999999 -0.000485709 0.00065919 0.000494288 0.99992 -0.0126357 -0.000652806 0.0126363 0.99992 0.0505555 0.333805 -0.403441
FixedParameters: 0 0 0

#Transform 61
Transform: AffineTransform_float_3_3
Parameters: 1 -0.00088903 0.000663811 0.000896962 0.999927 -0.0121054 -0.00065219 0.0121056 0.999926 0.0419515 0.347926 -0.393105
FixedParameters: 0 0 0

#Transform 62
Transform: AffineTransform_float_3_3
Parameters: 0.999999 -0.000624054 0.000661555 0.000632939 0.999907 -0.0136106 -0.000652446 0.0136104 0.999907 0.0565692 0.323119 -0.393899
FixedParameters: 0 0 0

#Transform 63
Transform: AffineTransform_float_3_3
Parameters: 0.999999 -0.000654939 0.000712437 0.000664068 0.999918 -0.0127935 -0.000704562 0.0127935 0.999918 0.0435194 0.343747 -0.372839
FixedParameters: 0 0 0

#Transform 64
Transform: AffineTransform_float_3_3
Parameters: 0.999999 -0.000806709 -0.000310012 0.00080129 0.999888 -0.0149032 0.000321977 0.0149027 0.999889 0.064725 0.469115 -0.301749
FixedParameters: 0 0 0

#Transform 65
Transform: AffineTransform_float_3_3
Parameters: 1 -0.000484282 0.00111428 0.000493725 0.999961 -0.00873846 -0.00111073 0.00873854 0.999961 0.00290201 0.246165 -0.821949
FixedParameters: 0 0 0

#Transform 66
Transform: AffineTransform_float_3_3
Parameters: 1 0.000996207 0.000655267 -0.000998793 0.999991 0.00427735 -0.000650734 -0.00427765 0.99999 0.0134529 -0.170682 -2.65741
FixedParameters: 0 0 0

#Transform 67
Transform: AffineTransform_float_3_3
Parameters: 0.999985 -0.00129226 0.00543316 0.00132274 0.999984 -0.0054729 -0.00542584 0.0054801 0.999971 0.00848583 0.169094 -1.96046
FixedParameters: 0 0 0

#Transform 68
Transform: AffineTransform_float_3_3
Parameters: 0.999967 -0.000951858 0.00799036 0.00105814 0.999911 -0.01329 -0.00797663 0.013298 0.99988 0.0331969 0.311726 -1.57879
FixedParameters: 0 0 0

#Transform 69
Transform: AffineTransform_float_3_3
Parameters: 0.99999 0.00160868 0.00430296 -0.00158732 0.999986 -0.00503688 -0.00431105 0.00503012 0.999978 0.00397582 0.2388 -0.806006
FixedParameters: 0 0 0

#Transform 70
Transform: AffineTransform_float_3_3
Parameters: 0.999992 -0.00124719 0.00397847 0.0012768 0.999971 -0.00749799 -0.00396854 0.00750302 0.999964 0.0583621 0.33876 -0.360829
FixedParameters: 0 0 0

#Transform 71
Transform: AffineTransform_float_3_3
Parameters: 0.999998 -0.000446809 0.00206768 0.000481179 0.999862 -0.016565 -0.00205931 0.0165659 0.99986 0.0642498 0.383439 -0.503119
FixedParameters: 0 0 0

#Transform 72
Transform: AffineTransform_float_3_3
Parameters: 0.999996 -0.000714067 0.00266815 0.00075793 0.999863 -0.016501 -0.00265586 0.016503 0.999861 0.0514291 0.333164 -0.521355
FixedParameters: 0 0 0

#Transform 73
Transform: AffineTransform_float_3_3
Parameters: 0.999996 -0.000988807 0.00272568 0.00103118 0.999879 -0.0155223 -0.00270932 0.0155247 0.999876 0.0515391 0.386077 -0.531443
FixedParameters: 0 0 0

#Transform 74
Transform: AffineTransform_float_3_3
Parameters: 0.999996 -0.000707005 0.00272375 0.000757981 0.999823 -0.018767 -0.00270925 0.018769 0.99982 0.0579858 0.392023 -0.507198
FixedParameters: 0 0 0

#Transform 75
Transform: AffineTransform_float_3_3
Parameters: 0.999996 -0.000709733 0.00251612 0.000758261 0.999814 -0.0192331 -0.00250188 0.0192358 0.999812 0.0676611 0.373333 -0.507392
FixedParameters: 0 0 0

#Transform 76
Transform: AffineTransform_float_3_3
Parameters: 0.999995 -0.00114402 0.00273278 0.00119696 0.99981 -0.0194628 -0.00270921 0.0194662 0.999807 0.0515206 0.400663 -0.449448
FixedParameters: 0 0 0

#Transform 77
Transform: AffineTransform_float_3_3
Parameters: 0.999996 -0.00115843 0.00280641 0.00120857 0.999835 -0.0180867 -0.0027846 0.0180893 0.999832 0.0530337 0.374763 -0.453877
FixedParameters: 0 0 0

#Transform 78
Transform: AffineTransform_float_3_3
Parameters: 0.999996 -0.000927782 0.00272724 0.000977214 0.999835 -0.0181014 -0.00270975 0.0181036 0.999833 0.0626021 0.388614 -0.472054
FixedParameters: 0 0 0

#Transform 79
Transform: AffineTransform_float_3_3
Parameters: 0.999994 -0.00141529 0.00323516 0.0014787 0.999809 -0.0194633 -0.00320682 0.0194687 0.999806 0.0982892 0.608847 -0.684599
FixedParameters: 0 0 0

#Transform 80
Transform: AffineTransform_float_3_3
Parameters: 0.999991 -0.00168342 0.00401894 0.00177859 0.999719 -0.0236481 -0.00397805 0.0236549 0.999713 0.0626451 0.531357 -0.596701
FixedParameters: 0 0 0

#Transform 81
Transform: AffineTransform_float_3_3
Parameters: 0.999991 -0.00183529 0.00401588 0.00191672 0.999795 -0.0201885 -0.00397811 0.0201955 0.999788 0.0584169 0.525181 -0.520576
FixedParameters: 0 0 0

#Transform 82
Transform: AffineTransform_float_3_3
Parameters: 0.999994 -0.00131743 0.00305358 0.00137356 0.999832 -0.0182689 -0.00302841 0.0182731 0.999829 0.0354727 0.482164 -0.529938
FixedParameters: 0 0 0

#Transform 83
Transform: AffineTransform_float_3_3
Parameters: 0.999995 -0.00130835 0.00294596 0.00131465 0.999996 -0.00225614 -0.00294304 0.00225986 0.999993 0.0510468 0.288237 -0.730339
FixedParameters: 0 0 0

#Transform 84
Transform: AffineTransform_float_3_3
Parameters: 0.999996 -0.00137084 0.00252817 0.00137316 0.999998 -0.000853532 -0.00252683 0.000857468 0.999997 0.0600012 0.277319 -0.688096
FixedParameters: 0 0 0

#Transform 85
Transform: AffineTransform_float_3_3
Parameters: 0.999997 -0.000918517 0.00253046 0.000928481 0.999992 -0.00374866 -0.00252654 0.00375133 0.99999 0.0748153 0.27795 -0.691306
FixedParameters: 0 0 0

#Transform 86
Transform: AffineTransform_float_3_3
Parameters: 0.999996 -0.00135973 0.00253416 0.00137327 0.999986 -0.00524054 -0.00252683 0.00524446 0.999983 0.0646244 0.345544 -0.697661
FixedParameters: 0 0 0

#Transform 87
Transform: AffineTransform_float_3_3
Parameters: 0.999988 0.00381845 0.00300359 -0.00383256 0.999981 0.00485454 -0.00298541 -0.00486546 0.999983 -0.0497546 0.617479 -0.930648
FixedParameters: 0 0 0

#Transform 88
Transform: AffineTransform_float_3_3
Parameters: 0.999996 -0.00102061 0.00257136 0.00101939 1 0.000627623 -0.00257164 -0.000625378 0.999996 -0.183013 0.692646 -2.29441
FixedParameters: 0 0 0

#Transform 89
Transform: AffineTransform_float_3_3
Parameters: 0.999979 -0.00494756 0.00413695 0.00489445 0.999909 0.0126185 -0.00419905 -0.0125985 0.999912 -0.0948001 -0.0597671 -5.27481
FixedParameters: 0 0 0

#Transform 90
Transform: AffineTransform_float_3_3
Parameters: 0.999969 -0.000882135 0.0078219 0.000735861 0.999826 0.0186663 -0.0078371 -0.0186597 0.999795 -0.0573872 0.138011 -4.33894
FixedParameters: 0 0 0

#Transform 91
Transform: AffineTransform_float_3_3
Parameters: 0.999952 -0.00100115 0.00967169 0.000896847 0.999941 0.0108702 -0.00968232 -0.0108608 0.999894 -0.0371862 0.361608 -3.71902
FixedParameters: 0 0 0

#Transform 92
Transform: AffineTransform_float_3_3
Parameters: 0.999965 -0.00157367 0.00823737 0.00148331 0.999939 0.0108816 -0.00825462 -0.0108684 0.999907 -0.0393798 0.418673 -3.58481
FixedParameters: 0 0 0

#Transform 93
Transform: AffineTransform_float_3_3
Parameters: 0.999974 -0.00155166 0.00713462 0.00148334 0.999954 0.00947883 -0.00714937 -0.00946816 0.999929 -0.0654169 0.506389 -3.30933
FixedParameters: 0 0 0

#Transform 94
Transform: AffineTransform_float_3_3
Parameters: 0.999975 -0.00192065 0.00678943 0.00183934 0.999926 0.0120118 -0.00681257 -0.0119992 0.999905 -0.117576 0.471764 -3.07571
FixedParameters: 0 0 0

#Transform 95
Transform: AffineTransform_float_3_3
Parameters: 0.99998 -0.00156301 0.00615648 0.00148398 0.999916 0.0128174 -0.00617652 -0.0128086 0.999899 -0.0888399 0.43997 -3.04517
FixedParameters: 0 0 0

#Transform 96
Transform: AffineTransform_float_3_3
Parameters: 0.999973 -0.00235921 0.0069363 0.00226979 0.999915 0.0128411 -0.00696571 -0.0128249 0.999894 -0.112492 0.431259 -2.96237
FixedParameters: 0 0 0

#Transform 97
Transform: AffineTransform_float_3_3
Parameters: 0.999949 -0.00288268 0.00961721 0.00276431 0.99992 0.0123312 -0.00965278 -0.0123038 0.999877 -0.15603 0.381064 -3.1013
FixedParameters: 0 0 0

#Transform 98
Transform: AffineTransform_float_3_3
Parameters: 0.999962 -0.00322243 0.00801512 0.00312457 0.99992 0.0122625 -0.00805388 -0.0122375 0.999892 -0.141099 0.493675 -2.97757
FixedParameters: 0 0 0

#Transform 99
Transform: AffineTransform_float_3_3
Parameters: 0.999965 -0.00281183 0.00787877 0.00271417 0.99992 0.0123998 -0.00791323 -0.0123782 0.999892 -0.138107 0.528238 -2.98245
FixedParameters: 0 0 0

#Transform 100
Transform: AffineTransform_float_3_3
Parameters: 0.99997 -0.00277897 0.00724742 0.00271403 0.999956 0.00895894 -0.00727158 -0.00893906 0.999933 -0.123448 0.534891 -3.01469
FixedParameters: 0 0 0

#Transform 101
Transform: AffineTransform_float_3_3
Parameters: 0.99997 -0.00268011 0.00726781 0.00260788 0.999947 0.00991425 -0.00729419 -0.00989475 0.999925 -0.123648 0.54323 -3.00451
FixedParameters: 0 0 0

#Transform 102
Transform: AffineTransform_float_3_3
Parameters: 0.99997 -0.00165311 0.00765361 0.0015849 0.999959 0.00889541 -0.0076684 -0.0088836 0.999931 -0.1359 0.537172 -3.02147
FixedParameters: 0 0 0

#Transform 103
Transform: AffineTransform_float_3_3
Parameters: 0.999975 -0.00259655 0.00664831 0.00255544 0.999978 0.00610115 -0.0066647 -0.00608385 0.99996 -0.123647 0.509285 -3.01529
FixedParameters: 0 0 0

#Transform 104
Transform: AffineTransform_float_3_3
Parameters: 0.999983 -0.0019209 0.00554262 0.00187011 0.999956 0.00917352 -0.00555938 -0.00916348 0.999942 -0.0908025 0.494155 -3.12053
FixedParameters: 0 0 0

#Transform 105
Transform: AffineTransform_float_3_3
Parameters: 0.999979 -0.00236092 0.00594146 0.00230608 0.999954 0.00923388 -0.00596253 -0.00922011 0.999939 -0.0945137 0.493423 -3.22629
FixedParameters: 0 0 0

#Transform 106
Transform: AffineTransform_float_3_3
Parameters: 0.99998 -0.00236216 0.00576028 0.00230583 0.99995 0.00973747 -0.00578371 -0.00972353 0.999936 -0.108282 0.532023 -3.11946
FixedParameters: 0 0 0

#Transform 107
Transform: AffineTransform_float_3_3
Parameters: 0.999979 -0.00261531 0.00580665 0.00255568 0.999944 0.010199 -0.00583335 -0.0101839 0.999931 -0.126245 0.559508 -3.10499
FixedParameters: 0 0 0

#Transform 108
Transform: AffineTransform_float_3_3
Parameters: 0.999976 -0.00234124 0.00641725 0.00230576 0.999983 0.00549293 -0.00642975 -0.00547808 0.999965 -0.141755 0.633098 -2.7548
FixedParameters: 0 0 0

#Transform 109
Transform: AffineTransform_float_3_3
Parameters: 0.999976 -0.00235023 0.00662949 0.00230578 0.999975 0.00667045 -0.00664451 -0.00665555 0.999956 -0.158901 0.58661 -2.87572
FixedParameters: 0 0 0

#Transform 110
Transform: AffineTransform_float_3_3
Parameters: 0.999987 -0.00169022 0.00481277 0.00165478 0.999972 0.00731206 -0.00482522 -0.00730394 0.999961 -0.132928 0.571851 -2.86431
FixedParameters: 0 0 0

#Transform 111
Transform: AffineTransform_float_3_3
Parameters: 0.999993 -0.00101371 0.00353734 0.000983293 0.999962 0.00867254 -0.00354566 -0.00866946 0.999956 -0.10647 0.591164 -3.03575
FixedParameters: 0 0 0

#Transform 112
Transform: AffineTransform_float_3_3
Parameters: 0.999993 -0.00121764 0.00372271 0.00119136 0.999975 0.00688249 -0.00373129 -0.00687751 0.99997 -0.122244 0.579783 -3.12111
FixedParameters: 0 0 0

#Transform 113
Transform: AffineTransform_float_3_3
Parameters: 0.999992 -0.00101134 0.00389675 0.000983658 0.999973 0.00726789 -0.00390425 -0.00726411 0.999966 -0.116553 0.604866 -3.05683
FixedParameters: 0 0 0

#Transform 114
Transform: AffineTransform_float_3_3
Parameters: 0.999988 -0.00192644 0.00451705 0.00189056 0.999967 0.00783763 -0.00453195 -0.00782936 0.999959 -0.148299 0.571188 -3.26488
FixedParameters: 0 0 0

#Transform 115
Transform: AffineTransform_float_3_3
Parameters: 0.999986 -0.00191646 0.00481695 0.00189055 0.999985 0.00528318 -0.00482705 -0.00527482 0.999975 -0.0864662 0.648716 -2.45896
FixedParameters: 0 0 0

#Transform 116
Transform: AffineTransform_float_3_3
Parameters: 0.999987 -0.00219764 0.00456393 0.00218436 0.999994 0.002773 -0.00456906 -0.00276299 0.999985 -0.104114 0.63531 -2.39734
FixedParameters: 0 0 0

#Transform 117
Transform: AffineTransform_float_3_3
Parameters: 0.999985 -0.00209518 0.00496546 0.00208182 0.999995 0.00265838 -0.00497054 -0.00264763 0.999984 -0.119179 0.65223 -2.39335
FixedParameters: 0 0 0

#Transform 118
Transform: AffineTransform_float_3_3
Parameters: 0.999983 -0.00205936 0.00535502 0.00204864 0.999996 0.001939 -0.00535897 -0.001928 0.999984 -0.105366 0.656944 -2.39794
FixedParameters: 0 0 0

#Transform 119
Transform: AffineTransform_float_3_3
Parameters: 0.999984 -0.00218106 0.00510113 0.00217193 0.999996 0.00178211 -0.00510487 -0.00177089 0.999986 -0.103015 0.643552 -2.47138
FixedParameters: 0 0 0

#Transform 120
Transform: AffineTransform_float_3_3
Parameters: 0.999983 -0.0025585 0.00524654 0.0025385 0.99999 0.00371938 -0.00525546 -0.00370662 0.99998 -0.123914 0.720459 -2.58403
FixedParameters: 0 0 0

#Transform 121
Transform: AffineTransform_float_3_3
Parameters: 0.999975 -0.00287524 0.00634992 0.00286376 0.999995 0.00177823 -0.00635508 -0.00175977 0.999979 -0.160204 0.747677 -2.77685
FixedParameters: 0 0 0

#Transform 122
Transform: AffineTransform_float_3_3
Parameters: 0.999981 -0.00282467 0.00546209 0.00284633 0.999989 -0.00390153 -0.00545092 0.00391647 0.999978 -0.239367 0.773154 -3.34588
FixedParameters: 0 0 0

#Transform 123
Transform: AffineTransform_float_3_3
Parameters: 0.999983 -0.00250431 0.00528688 0.00254969 0.99996 -0.00865367 -0.00526511 0.00866733 0.999948 -0.128956 0.903123 -2.51728
FixedParameters: 0 0 0

#Transform 124
Transform: AffineTransform_float_3_3
Parameters: 0.999979 -0.00256844 0.0058408 0.00261257 0.999968 -0.0076359 -0.0058212 0.00765011 0.999954 -0.133331 0.84012 -2.39786
FixedParameters: 0 0 0

#Transform 125
Transform: AffineTransform_float_3_3
Parameters: 0.999982 -0.00207499 0.00563443 0.002127 0.999955 -0.00924019 -0.00561458 0.00925182 0.999942 -0.144802 0.730235 -2.42571
FixedParameters: 0 0 0

#Transform 126
Transform: AffineTransform_float_3_3
Parameters: 0.999982 -0.00276735 0.00530681 0.00280465 0.999971 -0.00710124 -0.0052862 0.00711575 0.99996 -0.118182 0.807154 -2.37903
FixedParameters: 0 0 0

#Transform 127
Transform: AffineTransform_float_3_3
Parameters: 0.999985 -0.00317578 0.00447541 0.00319621 0.999984 -0.00451676 -0.00446058 0.00453123 0.99998 -0.159208 0.69619 -2.17225
FixedParameters: 0 0 0

#Transform 128
Transform: AffineTransform_float_3_3
Parameters: 0.999955 -0.00221463 0.00921429 0.00225737 0.999987 -0.00459041 -0.00920471 0.00461059 0.999947 -0.205858 0.652537 -2.40435
FixedParameters: 0 0 0

#Transform 129
Transform: AffineTransform_float_3_3
Parameters: 0.999999 -0.000312006 0.00135282 0.000323986 0.99996 -0.00887456 -0.00134918 0.00887542 0.999959 -0.158465 0.7378 -1.97719
FixedParameters: 0 0 0

#Transform 130
Transform: AffineTransform_float_3_3
Parameters: 0.999952 -0.00535418 0.00821413 0.00565481 0.999297 -0.0370473 -0.00800988 0.0370916 0.99928 -0.173634 0.9019 -3.33664
FixedParameters: 0 0 0

#Transform 131
Transform: AffineTransform_float_3_3
Parameters: 0.999945 -0.00510122 0.0091632 0.00546477 0.99918 -0.0401241 -0.00895081 0.0401718 0.999152 -0.184546 1.05006 -2.8752
FixedParameters: 0 0 0

#Transform 132
Transform: AffineTransform_float_3_3
Parameters: 0.999908 -0.0048258 0.01273 0.00618331 0.994042 -0.108828 -0.0121299 0.108897 0.993979 -0.396347 1.72321 -4.65984
FixedParameters: 0 0 0

#Transform 133
Transform: AffineTransform_float_3_3
Parameters: 0.999954 -0.00462881 0.00837273 0.00534921 0.996093 -0.0881463 -0.00793226 0.0881878 0.996073 -0.308093 1.6585 -3.98567
FixedParameters: 0 0 0

#Transform 134
Transform: AffineTransform_float_3_3
Parameters: 0.999963 -0.00420185 0.00760431 0.00452018 0.999089 -0.0424512 -0.00741973 0.0424838 0.999069 -0.216998 1.00738 -2.01254
FixedParameters: 0 0 0

#Transform 135
Transform: AffineTransform_float_3_3
Parameters: 0.999962 -0.00232256 0.00839777 0.00275545 0.998651 -0.0518548 -0.00826621 0.0518762 0.99862 -0.147032 1.08295 -3.08926
FixedParameters: 0 0 0

#Transform 136
Transform: AffineTransform_float_3_3
Parameters: 0.999946 -0.00276907 0.0100849 0.00321394 0.99901 -0.044373 -0.00995215 0.044403 0.998964 -0.160511 1.20141 -2.35246
FixedParameters: 0 0 0

#Transform 137
Transform: AffineTransform_float_3_3
Parameters: 0.999956 -0.00280855 0.00893767 0.00321346 0.998951 -0.0456773 -0.00880036 0.0457047 0.998916 -0.129855 1.18682 -2.00398
FixedParameters: 0 0 0

#Transform 138
Transform: AffineTransform_float_3_3
Parameters: 0.999966 -0.00285444 0.0076686 0.00321352 0.998876 -0.0472909 -0.00752441 0.047314 0.998851 -0.161298 1.19037 -1.68315
FixedParameters: 0 0 0

#Transform 139
Transform: AffineTransform_float_3_3
Parameters: 0.999985 -0.00314662 0.00452263 0.00321338 0.999883 -0.0149687 -0.00447538 0.0149833 0.999877 -0.161732 0.683428 -1.37321
FixedParameters: 0 0 0

#Transform 140
Transform: AffineTransform_float_3_3
Parameters: 0.99998 -0.00302472 0.00542238 0.00320827 0.999412 -0.0341173 -0.00531561 0.0341337 0.999403 -0.181279 1.11922 -1.99946
FixedParameters: 0 0 0

#Transform 141
Transform: AffineTransform_float_3_3
Parameters: 0.999982 -0.00250219 0.00547487 0.00262081 0.999759 -0.0218021 -0.00541913 0.021816 0.999748 -0.145734 0.780246 -1.36279
FixedParameters: 0 0 0

#Transform 142
Transform: AffineTransform_float_3_3
Parameters: 0.999981 -0.00289758 0.00543589 0.00305542 0.999569 -0.0291779 -0.0053491 0.0291941 0.99956 -0.127482 0.944467 -1.21988
FixedParameters: 0 0 0

#Transform 143
Transform: AffineTransform_float_3_3
Parameters: 0.999983 -0.00299761 0.00504597 0.00315239 0.999519 -0.0308726 -0.00495101 0.0308884 0.99951 -0.114671 0.956513 -1.18394
FixedParameters: 0 0 0

#Transform 144
Transform: AffineTransform_float_3_3
Parameters: 0.999974 -0.0034577 0.0062393 0.00365329 0.999495 -0.031567 -0.00612669 0.031589 0.999482 -0.131219 1.01132 -1.23824
FixedParameters: 0 0 0

#Transform 145
Transform: AffineTransform_float_3_3
Parameters: 0.999915 -0.0112521 0.00651329 0.0114589 0.999401 -0.0326511 -0.0061427 0.0327229 0.999445 -0.0356146 0.89603 -1.13811
FixedParameters: 0 0 0

#Transform 146
Transform: AffineTransform_float_3_3
Parameters: 0.999951 -0.00546907 0.00824108 0.00580493 0.999129 -0.0413061 -0.00800792 0.0413518 0.999112 -0.135261 1.05876 -1.06415
FixedParameters: 0 0 0

#Transform 147
Transform: AffineTransform_float_3_3
Parameters: 0.999946 -0.00751808 0.00716387 0.0076589 0.999773 -0.0198512 -0.00701214 0.0199048 0.999778 -0.297934 1.74989 -0.34297
FixedParameters: 0 0 0

#Transform 148
Transform: AffineTransform_float_3_3
Parameters: 0.999978 -0.00430785 0.00501064 0.00427716 0.999972 0.00615056 -0.00503636 -0.00612943 0.999968 -0.179534 1.57474 -1.37727
FixedParameters: 0 0 0

#Transform 149
Transform: AffineTransform_float_3_3
Parameters: 0.999976 -0.00397832 0.00570053 0.00426766 0.998652 -0.05174 -0.00548649 0.0517631 0.998645 0.00634039 1.08183 -2.75536
FixedParameters: 0 0 0

#Transform 150
Transform: AffineTransform_float_3_3
Parameters: 0.999997 -0.00162485 0.00151408 0.00169015 0.999027 -0.0440716 -0.00144091 0.0440735 0.999027 0.10819 1.15352 -3.28494
FixedParameters: 0 0 0

#Transform 151
Transform: AffineTransform_float_3_3
Parameters: 0.99999 -0.00260458 0.00359379 0.00281843 0.998151 -0.0607185 -0.00342919 0.0607276 0.998149 0.00278833 1.63425 -3.77126
FixedParameters: 0 0 0

#Transform 152
Transform: AffineTransform_float_3_3
Parameters: 0.999987 -0.00325404 0.00387005 0.00345896 0.998524 -0.0541893 -0.00368796 0.0542017 0.998523 0.00155566 1.47491 -3.50977
FixedParameters: 0 0 0

#Transform 153
Transform: AffineTransform_float_3_3
Parameters: 0.999989 -0.0027952 0.00380815 0.00299979 0.998488 -0.0548791 -0.00364886 0.0548898 0.998485 -0.00928818 1.60479 -3.53423
FixedParameters: 0 0 0

#Transform 154
Transform: AffineTransform_float_3_3
Parameters: 0.999985 -0.00295084 0.00462203 0.00320215 0.998451 -0.055533 -0.00445102 0.055547 0.998446 -0.0150321 1.57058 -3.37879
FixedParameters: 0 0 0

#Transform 155
Transform: AffineTransform_float_3_3
Parameters: 0.99998 -0.00234617 0.00577256 0.00266579 0.998425 -0.0560357 -0.00563145 0.0560503 0.998412 -0.0402702 1.6116 -3.42658
FixedParameters: 0 0 0

#Transform 156
Transform: AffineTransform_float_3_3
Parameters: 0.999983 -0.00237137 0.00522792 0.00266563 0.998365 -0.057089 -0.0050841 0.057102 0.998356 -0.0228765 1.69432 -3.56231
FixedParameters: 0 0 0

#Transform 157
Transform: AffineTransform_float_3_3
Parameters: 0.999983 -0.00289728 0.00518039 0.00318675 0.99839 -0.0566225 -0.00500857 0.0566375 0.998382 -0.0288077 1.69608 -3.46981
FixedParameters: 0 0 0

#Transform 158
Transform: AffineTransform_float_3_3
Parameters: 0.999985 -0.00253518 0.00473303 0.00279382 0.998454 -0.0555036 -0.00458498 0.0555154 0.998448 -0.031426 1.64168 -3.33049
FixedParameters: 0 0 0

#Transform 159
Transform: AffineTransform_float_3_3
Parameters: 0.999986 -0.00264561 0.0045337 0.00289541 0.998418 -0.0561426 -0.00437834 0.0561544 0.998413 -0.0196624 1.67665 -3.27764
FixedParameters: 0 0 0
