#Insight Transform File V1.0
#Transform 0
Transform: AffineTransform_float_3_3
Parameters: 0.999997 -0.00044631 -0.0023945 0.000448689 1 0.00112293 0.0023935 -0.00112407 0.999997 0.0439672 -0.172144 0.556552
FixedParameters: 0 0 0

#Transform 1
Transform: AffineTransform_float_3_3
Parameters: 0.999996 0.000256555 -0.0028475 -0.000250447 0.999998 0.00195072 0.00284749 -0.00195028 0.999994 0.0294416 -0.0451528 0.132955
FixedParameters: 0 0 0

#Transform 2
Transform: AffineTransform_float_3_3
Parameters: 0.999996 0.000218281 -0.00278859 -0.000212719 0.999998 0.0018936 0.00278941 -0.0018934 0.999995 0.0345757 -0.0103805 0.0531456
FixedParameters: 0 0 0

#Transform 3
Transform: AffineTransform_float_3_3
Parameters: 0.999996 -0.000974585 -0.00240443 0.000983415 0.999994 0.00350165 0.00240057 -0.00350335 0.999991 0.0469711 -0.133969 0.0182297
FixedParameters: 0 0 0

#Transform 4
Transform: AffineTransform_float_3_3
Parameters: 0.999995 -0.000119156 -0.00314511 0.000121846 0.999999 0.000904621 0.00314489 -0.000904379 0.999994 0.0687312 -0.0297517 0.0254264
FixedParameters: 0 0 0

#Transform 5
Transform: AffineTransform_float_3_3
Parameters: 0.999996 -0.000355864 -0.00261488 0.000355136 1 -0.00033093 0.00261512 0.00033007 0.999996 0.0293779 0.0213726 0.0883737
FixedParameters: 0 0 0

#Transform 6
Transform: AffineTransform_float_3_3
Parameters: 0.999999 0.000210181 -0.00180375 -0.00020882 0.999999 0.00120938 0.00180325 -0.00120862 0.999997 0.0252657 0.00762409 0.0469945
FixedParameters: 0 0 0

#Transform 7
Transform: AffineTransform_float_3_3
Parameters: 0.999997 0.000208591 -0.00244395 -0.00020841 1 0.00024151 0.00244405 -0.000241491 0.999997 0.0232777 0.00894621 -0.0258056
FixedParameters: 0 0 0

#Transform 8
Transform: AffineTransform_float_3_3
Parameters: 0.999996 0.000208336 -0.00290697 -0.000208665 1 0.000115607 0.00290702 -0.000115395 0.999996 0.0280793 0.0103598 -0.0442487
FixedParameters: 0 0 0

#Transform 9
Transform: AffineTransform_float_3_3
Parameters: 0.999996 0.000444213 -0.00256862 -0.000441787 1 0.000862138 0.00256938 -0.000860862 0.999997 0.0086179 -0.00342927 -0.0341807
FixedParameters: 0 0 0

#Transform 10
Transform: AffineTransform_float_3_3
Parameters: 0.999999 0.000329221 -0.00152274 -0.000328779 0.999999 0.000801501 0.00152326 -0.000801499 0.999998 -0.00156158 0.00167802 0.0230278
FixedParameters: 0 0 0

#Transform 11
Transform: AffineTransform_float_3_3
Parameters: 0.999999 4.12193e-05 -0.00186495 -3.87806e-05 1 0.00119007 0.00186505 -0.00118993 0.999997 0.0129878 -0.0228764 -0.00418471
FixedParameters: 0 0 0

#Transform 12
Transform: AffineTransform_float_3_3
Parameters: 0.999996 1.35813e-05 -0.002633 -1.44186e-05 1 -0.000158963 0.002633 0.000159036 0.999996 0.0331391 -0.0345146 -0.0645047
FixedParameters: 0 0 0

#Transform 13
Transform: AffineTransform_float_3_3
Parameters: 0.999996 0.000366697 -0.00255376 -0.000364303 0.999999 0.000664933 0.00255424 -0.000664066 0.999997 0.0331427 -0.0690214 -0.0453975
FixedParameters: 0 0 0

#Transform 14
Transform: AffineTransform_float_3_3
Parameters: 0.999998 0.000409306 -0.00205054 -0.000406694 1 0.00112484 0.00205146 -0.00112416 0.999998 0.0269497 -0.0374166 0.0213786
FixedParameters: 0 0 0

#Transform 15
Transform: AffineTransform_float_3_3
Parameters: 0.999998 0.000276223 -0.00205097 -0.000275778 1 0.000108566 0.00205103 -0.000108434 0.999998 0.0339544 -0.0285237 -0.0321234
FixedParameters: 0 0 0

#Transform 16
Transform: AffineTransform_float_3_3
Parameters: 0.999999 0.000269246 -0.00140895 -0.000268755 1 0.000174379 0.00140905 -0.000174621 0.999999 0.0234831 -0.00693661 -0.0220852
FixedParameters: 0 0 0

#Transform 17
Transform: AffineTransform_float_3_3
Parameters: 0.999999 6.93922e-05 -0.00132593 -6.76076e-05 1 0.00105009 0.00132607 -0.00104991 0.999998 0.017089 -0.0231511 -0.0188759
FixedParameters: 0 0 0

#Transform 18
Transform: AffineTransform_float_3_3
Parameters: 1 5.00087e-06 -4.99913e-06 -4.99913e-06 1 0.000174 5.00087e-06 -0.000174 1 0.0087802 0.000383704 -0.0769586
FixedParameters: 0 0 0

#Transform 19
Transform: AffineTransform_float_3_3
Parameters: 1 -0.000202871 0.000615042 0.000203129 1 -0.000209875 -0.000615957 0.000210125 1 0.00244299 -0.00336097 -0.0724003
FixedParameters: 0 0 0

#Transform 20
Transform: AffineTransform_float_3_3
Parameters: 1 -0.00020294 -0.000211058 0.00020306 1 0.000285957 0.000210942 -0.000286043 1 -0.00677979 -0.00719997 0.0125037
FixedParameters: 0 0 0

#Transform 21
Transform: AffineTransform_float_3_3
Parameters: 1 0.000391798 -0.000391202 -0.000392202 1 -0.000515846 0.000390798 0.000516153 1 0.00059818 0.0080291 -0.0289038
FixedParameters: 0 0 0

#Transform 22
Transform: AffineTransform_float_3_3
Parameters: 1 0.000391909 -0.000340104 -0.00039209 1 -0.000265867 0.000339896 0.000266133 1 0.00588963 -0.046594 -0.105311
FixedParameters: 0 0 0

#Transform 23
Transform: AffineTransform_float_3_3
Parameters: 1 0.000140628 -0.000462113 -0.000140372 0.999999 -0.000803935 0.000462887 0.000804065 0.999999 0.0171576 0.020243 -0.0841225
FixedParameters: 0 0 0

#Transform 24
Transform: AffineTransform_float_3_3
Parameters: 1 -3.19658e-05 2.90377e-05 3.20341e-05 1 -0.001178 -2.89623e-05 0.001178 1 0.0156355 -0.00788695 -0.145654
FixedParameters: 0 0 0

#Transform 25
Transform: AffineTransform_float_3_3
Parameters: 1 -0.000383033 -2.14117e-05 0.000382966 0.999998 -0.00153601 2.25883e-05 0.00153599 0.999999 0.0149573 0.0301598 -0.113822
FixedParameters: 0 0 0

#Transform 26
Transform: AffineTransform_float_3_3
Parameters: 1 -0.0004872 -0.000138298 0.0004868 0.999999 -0.00144107 0.000138702 0.00144093 0.999999 0.0111524 -0.00787072 -0.140102
FixedParameters: 0 0 0

#Transform 27
Transform: AffineTransform_float_3_3
Parameters: 1 -0.000902129 0.0006053 0.000902871 0.999998 -0.00144045 -0.0006037 0.00144054 0.999999 0.0083809 0.0249615 -0.0941491
FixedParameters: 0 0 0

#Transform 28
Transform: AffineTransform_float_3_3
Parameters: 1 -0.000902129 0.0006053 0.000902871 0.999998 -0.00144045 -0.0006037 0.00144054 0.999999 0.010836 -0.00954928 -0.0942003
FixedParameters: 0 0 0

#Transform 29
Transform: AffineTransform_float_3_3
Parameters: 0.999999 -0.000716766 0.000604276 0.000717232 0.999999 -0.000385567 -0.000603723 0.000386433 0.999999 0.0117011 0.000109502 -0.0744551
FixedParameters: 0 0 0

#Transform 30
Transform: AffineTransform_float_3_3
Parameters: 0.999999 -0.00077288 0.000324284 0.000773119 0.999999 -0.000367749 -0.000323716 0.00036725 1 0.0145602 -0.00874196 -0.121428
FixedParameters: 0 0 0

#Transform 31
Transform: AffineTransform_float_3_3
Parameters: 0.999998 -0.000750099 -0.001848 0.000754901 0.999996 0.00265261 0.001846 -0.00265439 0.999995 0.0438697 -0.0472527 0.103436
FixedParameters: 0 0 0

#Transform 32
Transform: AffineTransform_float_3_3
Parameters: 0.999998 -0.000388344 -0.00203205 0.000404654 0.99997 0.0077092 0.00202894 -0.00771081 0.999968 0.0468101 -0.121738 0.122461
FixedParameters: 0 0 0

#Transform 33
Transform: AffineTransform_float_3_3
Parameters: 0.999995 -0.000214246 -0.00312942 0.000246751 0.999945 0.0104703 0.00312659 -0.0104707 0.999941 0.0368252 -0.192852 0.223193
FixedParameters: 0 0 0

#Transform 34
Transform: AffineTransform_float_3_3
Parameters: 0.999997 -0.000517456 -0.002444 0.000535543 0.999971 0.00759272 0.00244 -0.00759429 0.999968 0.0268236 -0.136399 0.206785
FixedParameters: 0 0 0

#Transform 35
Transform: AffineTransform_float_3_3
Parameters: 0.999997 -3.45153e-05 -0.00266632 5.44921e-05 0.999974 0.00730888 0.00266667 -0.00730812 0.999969 0.034483 -0.0945849 0.236115
FixedParameters: 0 0 0

#Transform 36
Transform: AffineTransform_float_3_3
Parameters: 0.999998 0.000306616 -0.00168063 -0.000298381 0.999989 0.00453051 0.00168237 -0.00452949 0.999989 0.00939873 -0.0982967 0.0497739
FixedParameters: 0 0 0

#Transform 37
Transform: AffineTransform_float_3_3
Parameters: 0.999997 0.000287499 -0.00240019 -0.000271501 0.999979 0.00645567 0.0024018 -0.00645433 0.999977 0.0303916 -0.103352 0.178461
FixedParameters: 0 0 0

#Transform 38
Transform: AffineTransform_float_3_3
Parameters: 0.999994 0.000908171 -0.00311592 -0.000901829 0.999997 0.00230182 0.00311808 -0.00229918 0.999993 0.038856 -0.0274817 0.0353529
FixedParameters: 0 0 0

#Transform 39
Transform: AffineTransform_float_3_3
Parameters: 0.999995 0.000219112 -0.00311133 -0.000193881 0.999968 0.00806964 0.00311366 -0.00806836 0.999962 0.0187042 -0.120553 0.149684
FixedParameters: 0 0 0

#Transform 40
Transform: AffineTransform_float_3_3
Parameters: 0.999994 0.000679024 -0.00334832 -0.00063998 0.999932 0.0116422 0.00335568 -0.0116398 0.999926 0.0655445 -0.176569 0.251065
FixedParameters: 0 0 0

#Transform 41
Transform: AffineTransform_float_3_3
Parameters: 0.999991 0.000365723 -0.00423145 -0.000322284 0.999946 0.0103284 0.00423455 -0.0103275 0.999937 0.0499762 -0.167727 0.075942
FixedParameters: 0 0 0

#Transform 42
Transform: AffineTransform_float_3_3
Parameters: 0.999993 0.000156882 -0.00356934 -0.000112112 0.999925 0.0122905 0.00357165 -0.0122905 0.999918 0.0119069 -0.206582 0.229723
FixedParameters: 0 0 0

#Transform 43
Transform: AffineTransform_float_3_3
Parameters: 0.999974 0.00036834 -0.00720328 -0.000353663 0.999998 0.0019916 0.00720372 -0.0019894 0.999972 0.0783365 -0.0772483 -0.0525791
FixedParameters: 0 0 0

#Transform 44
Transform: AffineTransform_float_3_3
Parameters: 0.999991 0.000432774 -0.00421623 -0.000435226 1 -0.00052717 0.00421577 0.000528829 0.999991 0.0464761 -0.0678275 0.0113577
FixedParameters: 0 0 0

#Transform 45
Transform: AffineTransform_float_3_3
Parameters: 0.99999 0.000316705 -0.00451252 -0.000324292 0.999998 -0.00161555 0.00451148 0.00161745 0.999989 0.0890206 -0.154396 -0.425869
FixedParameters: 0 0 0

#Transform 46
Transform: AffineTransform_float_3_3
Parameters: 0.999983 0.000231862 -0.00572376 -0.000129133 0.999838 0.017965 0.00572724 -0.017964 0.999822 0.0861246 -0.221249 0.516927
FixedParameters: 0 0 0

#Transform 47
Transform: AffineTransform_float_3_3
Parameters: 0.999981 -0.00124459 -0.00593875 0.00135341 0.999832 0.0182853 0.00591524 -0.0182927 0.999815 0.109343 -0.268351 0.414261
FixedParameters: 0 0 0

#Transform 48
Transform: AffineTransform_float_3_3
Parameters: 0.999988 -0.000866328 -0.00483553 0.00097368 0.99975 0.0223086 0.00481548 -0.0223134 0.99974 0.0355984 -0.296838 0.327169
FixedParameters: 0 0 0

#Transform 49
Transform: AffineTransform_float_3_3
Parameters: 0.999986 -0.000424395 -0.00540703 0.000505607 0.999886 0.0151005 0.00539998 -0.0151025 0.999872 0.05182 -0.217912 0.262923
FixedParameters: 0 0 0

#Transform 50
Transform: AffineTransform_float_3_3
Parameters: 0.999989 -1.33663e-05 -0.00471203 0.000138631 0.999645 0.0266627 0.00470998 -0.0266634 0.999634 0.0801171 -0.43592 0.0419912
FixedParameters: 0 0 0

#Transform 51
Transform: AffineTransform_float_3_3
Parameters: 0.999993 -0.00026015 -0.00376011 0.000347847 0.999726 0.0233818 0.00375289 -0.0233831 0.999719 0.0757217 -0.366158 0.0397947
FixedParameters: 0 0 0

#Transform 52
Transform: AffineTransform_float_3_3
Parameters: 0.999998 0.000820711 -0.00211085 -0.000750318 0.999445 0.0332836 0.00213616 -0.0332823 0.999443 0.0351551 -0.65112 -0.00488301
FixedParameters: 0 0 0

#Transform 53
Transform: AffineTransform_float_3_3
Parameters: 0.999998 -0.00014461 -0.00225862 0.000193397 0.99977 0.0214386 0.00225537 -0.0214394 0.999767 0.00513622 -0.400651 0.200433
FixedParameters: 0 0 0

#Transform 54
Transform: AffineTransform_float_3_3
Parameters: 0.999997 -0.000195896 -0.00244384 0.000238106 0.999844 0.0176495 0.00244018 -0.0176505 0.999841 0.0252299 -0.262491 0.3285
FixedParameters: 0 0 0

#Transform 55
Transform: AffineTransform_float_3_3
Parameters: 0.999997 0.00084737 -0.0022142 -0.000823633 0.999944 0.0105339 0.0022228 -0.0105321 0.999942 -0.00723784 -0.128906 0.142485
FixedParameters: 0 0 0

#Transform 56
Transform: AffineTransform_float_3_3
Parameters: 0.999997 0.000331142 -0.00237014 -0.000309857 0.99996 0.00891577 0.00237286 -0.00891425 0.999958 0.00949103 -0.0752165 0.205265
FixedParameters: 0 0 0

#Transform 57
Transform: AffineTransform_float_3_3
Parameters: 0.999995 0.000854978 -0.00307756 -0.000824029 0.999949 0.0100526 0.00308544 -0.0100504 0.999944 0.0458542 -0.145969 0.160572
FixedParameters: 0 0 0

#Transform 58
Transform: AffineTransform_float_3_3
Parameters: 0.999998 0.000205516 -0.00193203 -0.000163484 0.999769 0.0214643 0.00193595 -0.0214636 0.999768 0.0155504 -0.382262 0.234098
FixedParameters: 0 0 0

#Transform 59
Transform: AffineTransform_float_3_3
Parameters: 0.999996 0.000710261 -0.00280257 -0.000654731 0.999807 0.0196699 0.00281642 -0.0196681 0.999802 0.0441453 -0.382951 0.143546
FixedParameters: 0 0 0

#Transform 60
Transform: AffineTransform_float_3_3
Parameters: 0.999992 0.00108075 -0.00399479 -0.00101425 0.999864 0.0164242 0.0040122 -0.0164198 0.999857 0.0486582 -0.165147 0.401773
FixedParameters: 0 0 0

#Transform 61
Transform: AffineTransform_float_3_3
Parameters: 0.999982 1.24092e-05 -0.00601116 0.000119404 0.999761 0.0218597 0.00600983 -0.0218603 0.999743 0.0369076 -0.3552 0.231886
FixedParameters: 0 0 0

#Transform 62
Transform: AffineTransform_float_3_3
Parameters: 0.999989 -0.000494166 -0.00462822 0.000573833 0.999851 0.0172645 0.00461878 -0.0172665 0.999841 0.0569082 -0.231687 0.339113
FixedParameters: 0 0 0

#Transform 63
Transform: AffineTransform_float_3_3
Parameters: 0.999999 -1.93769e-05 -0.00172836 3.96189e-05 0.999929 0.011933 0.00172765 -0.0119331 0.999928 0.00440495 -0.158257 0.193088
FixedParameters: 0 0 0

#Transform 64
Transform: AffineTransform_float_3_3
Parameters: 0.999995 -0.000277219 -0.00310784 0.000326768 0.999872 0.0160291 0.00310216 -0.0160299 0.999866 0.0151746 -0.238412 0.20354
FixedParameters: 0 0 0

#Transform 65
Transform: AffineTransform_float_3_3
Parameters: 0.999989 0.000277309 -0.00458313 -0.000224691 0.999935 0.0114102 0.00458586 -0.0114089 0.999925 0.0291252 -0.18677 0.198726
FixedParameters: 0 0 0

#Transform 66
Transform: AffineTransform_float_3_3
Parameters: 0.999989 0.0011465 -0.00457435 -0.0010985 0.999945 0.0103731 0.00458564 -0.0103679 0.999935 0.0198292 -0.140343 0.258461
FixedParameters: 0 0 0

#Transform 67
Transform: AffineTransform_float_3_3
Parameters: 0.999989 0.000888432 -0.00446971 -0.000834577 0.999929 0.0119419 0.00447928 -0.0119381 0.999918 0.0264608 -0.167325 0.273455
FixedParameters: 0 0 0

#Transform 68
Transform: AffineTransform_float_3_3
Parameters: 0.99999 5.32062e-05 -0.00447768 1.19848e-06 0.999926 0.0121051 0.00447731 -0.0121049 0.999916 0.0253108 -0.182314 0.23483
FixedParameters: 0 0 0

#Transform 69
Transform: AffineTransform_float_3_3
Parameters: 0.99999 0.00109627 -0.00436861 -0.00105472 0.999952 0.0096677 0.0043794 -0.00966229 0.999943 -0.0148408 -0.0790187 0.273949
FixedParameters: 0 0 0

#Transform 70
Transform: AffineTransform_float_3_3
Parameters: 0.999991 0.000726116 -0.00432741 -0.000691887 0.999968 0.00788006 0.00433259 -0.00787692 0.999959 0.0226098 -0.0982456 0.171594
FixedParameters: 0 0 0

#Transform 71
Transform: AffineTransform_float_3_3
Parameters: 0.999984 -4.57128e-05 -0.00562564 9.6285e-05 0.99996 0.0089396 0.00562437 -0.0089394 0.999944 0.0516481 -0.109605 0.218524
FixedParameters: 0 0 0

#Transform 72
Transform: AffineTransform_float_3_3
Parameters: 0.999986 -0.000894727 -0.00507528 0.00100227 0.999771 0.0213712 0.00505473 -0.0213758 0.999758 0.0867328 -0.304277 0.205966
FixedParameters: 0 0 0

#Transform 73
Transform: AffineTransform_float_3_3
Parameters: 0.999988 -4.03911e-05 -0.00474924 0.000116603 0.999873 0.0159206 0.00474774 -0.0159214 0.999862 0.0560146 -0.209214 0.290703
FixedParameters: 0 0 0

#Transform 74
Transform: AffineTransform_float_3_3
Parameters: 0.999953 0.000833113 -0.00965503 -0.000797879 0.999993 0.00364087 0.00965796 -0.00363212 0.999947 0.141355 -0.0617452 -0.157681
FixedParameters: 0 0 0

#Transform 75
Transform: AffineTransform_float_3_3
Parameters: 0.999982 6.3592e-05 -0.00610668 1.15968e-05 0.999926 0.0122142 0.00610731 -0.0122138 0.999907 0.0767236 -0.201412 0.185991
FixedParameters: 0 0 0

#Transform 76
Transform: AffineTransform_float_3_3
Parameters: 0.999985 0.000573604 -0.00541788 -0.000523395 0.999957 0.00933697 0.00542312 -0.00933403 0.999941 0.0395661 -0.078282 0.268739
FixedParameters: 0 0 0

#Transform 77
Transform: AffineTransform_float_3_3
Parameters: 0.999987 0.00106944 -0.00496919 -0.00101256 0.999935 0.0113472 0.00498081 -0.0113418 0.999924 0.0484639 -0.14663 0.134403
FixedParameters: 0 0 0

#Transform 78
Transform: AffineTransform_float_3_3
Parameters: 0.999997 -0.000112908 -0.00249957 0.0001601 0.999823 0.0188477 0.00249743 -0.0188484 0.999819 0.0477387 -0.298406 0.0462737
FixedParameters: 0 0 0

#Transform 79
Transform: AffineTransform_float_3_3
Parameters: 0.999995 -0.000173843 -0.00314083 0.000246139 0.999735 0.0229883 0.00313517 -0.0229886 0.999731 0.0634738 -0.304743 0.118995
FixedParameters: 0 0 0

#Transform 80
Transform: AffineTransform_float_3_3
Parameters: 0.999993 -0.000299437 -0.00388271 0.000365567 0.999853 0.0171537 0.0038773 -0.0171553 0.999846 0.0395353 -0.233172 0.0958415
FixedParameters: 0 0 0

#Transform 81
Transform: AffineTransform_float_3_3
Parameters: 0.999997 -0.000672106 -0.00260935 0.000699892 0.999943 0.0107042 0.00260166 -0.0107058 0.99994 0.0216127 -0.173169 0.206112
FixedParameters: 0 0 0

#Transform 82
Transform: AffineTransform_float_3_3
Parameters: 0.999994 -0.000938381 -0.00332438 0.000970615 0.999952 0.00982384 0.00331462 -0.00982717 0.999946 0.0230018 -0.176287 0.203776
FixedParameters: 0 0 0

#Transform 83
Transform: AffineTransform_float_3_3
Parameters: 0.999997 -0.000459309 -0.00267545 0.000489697 0.999934 0.0114817 0.00267055 -0.0114833 0.99993 0.018075 -0.143418 0.146005
FixedParameters: 0 0 0

#Transform 84
Transform: AffineTransform_float_3_3
Parameters: 0.999988 0.000414133 -0.00473387 -0.000388866 0.999986 0.0053089 0.00473613 -0.0053071 0.999974 0.0566834 -0.0169851 0.0234457
FixedParameters: 0 0 0

#Transform 85
Transform: AffineTransform_float_3_3
Parameters: 0.99999 -4.01743e-05 -0.00462743 7.48334e-05 0.999971 0.00752673 0.00462757 -0.00752626 0.999961 0.0704571 -0.0373136 0.00132396
FixedParameters: 0 0 0

#Transform 86
Transform: AffineTransform_float_3_3
Parameters: 0.999997 0.00204676 -0.00121318 -0.00201224 0.999606 0.0279935 0.00126983 -0.0279915 0.999608 0.036127 -0.417975 0.0122947
FixedParameters: 0 0 0

#Transform 87
Transform: AffineTransform_float_3_3
Parameters: 0.999994 -0.00160709 0.00323886 0.0015039 0.9995 0.0315851 -0.00328814 -0.0315799 0.999496 0.0139195 -0.438977 -0.173679
FixedParameters: 0 0 0

#Transform 88
Transform: AffineTransform_float_3_3
Parameters: 0.999999 0.000414261 -0.00130757 -0.000400735 0.99994 0.0108875 0.00131244 -0.0108875 0.99994 0.0209555 -0.127362 0.0447651
FixedParameters: 0 0 0

#Transform 89
Transform: AffineTransform_float_3_3
Parameters: 0.999996 0.000407766 -0.00280256 -0.000376239 0.999936 0.0113261 0.00280644 -0.0113249 0.999932 0.0283519 -0.129804 0.0579592
FixedParameters: 0 0 0

#Transform 90
Transform: AffineTransform_float_3_3
Parameters: 0.999992 -0.0016905 0.00365402 0.0015775 0.999531 0.030575 -0.00370396 -0.030569 0.999526 0.00622602 -0.426428 -0.133109
FixedParameters: 0 0 0

#Transform 91
Transform: AffineTransform_float_3_3
Parameters: 0.999998 0.000621241 0.00180832 -0.000655772 0.999814 0.0192849 -0.00179669 -0.0192862 0.999813 -0.0148661 -0.235116 -0.130692
FixedParameters: 0 0 0

#Transform 92
Transform: AffineTransform_float_3_3
Parameters: 0.999999 0.000668296 -0.0017436 -0.000661706 0.999994 0.00360916 0.0017454 -0.00360784 0.999992 0.0501299 0.0085677 -0.0365261
FixedParameters: 0 0 0

#Transform 93
Transform: AffineTransform_float_3_3
Parameters: 0.999997 -0.000496808 -0.00260039 0.000504191 0.999996 0.0027657 0.00259862 -0.0027673 0.999993 0.0744776 0.00446211 -0.0349255
FixedParameters: 0 0 0

#Transform 94
Transform: AffineTransform_float_3_3
Parameters: 0.999999 -0.000262594 -0.00176973 0.000273407 0.999979 0.00644753 0.00176827 -0.00644847 0.999977 0.0537329 -0.103426 -0.132381
FixedParameters: 0 0 0

#Transform 95
Transform: AffineTransform_float_3_3
Parameters: 1 0.000210381 -0.000667932 -0.000197617 0.9998 0.0199711 0.000672081 -0.0199709 0.999801 -0.00312273 -0.189356 0.210646
FixedParameters: 0 0 0

#Transform 96
Transform: AffineTransform_float_3_3
Parameters: 0.999989 0.000518781 -0.00479683 -0.000414214 0.999762 0.0218192 0.00480719 -0.0218168 0.999751 0.0138468 -0.219681 0.428454
FixedParameters: 0 0 0

#Transform 97
Transform: AffineTransform_float_3_3
Parameters: 0.999995 0.000811029 -0.00299765 -0.000755982 0.999832 0.0183134 0.00301135 -0.0183106 0.999828 0.00594083 -0.288551 0.241
FixedParameters: 0 0 0

#Transform 98
Transform: AffineTransform_float_3_3
Parameters: 1 -0.000513905 2.43184e-05 0.000513075 0.999591 0.028588 -3.9684e-05 -0.028588 0.999592 0.0179427 -0.428723 0.131964
FixedParameters: 0 0 0

#Transform 99
Transform: AffineTransform_float_3_3
Parameters: 0.999997 0.000902547 -0.00201968 -0.000858445 0.999758 0.0219498 0.00203933 -0.0219482 0.999757 0.0266914 -0.32885 0.249474
FixedParameters: 0 0 0

#Transform 100
Transform: AffineTransform_float_3_3
Parameters: 0.999989 0.000287412 -0.00466124 -0.000218591 0.999889 0.0148852 0.00466477 -0.0148838 0.999879 0.0843512 -0.131295 0.0232287
FixedParameters: 0 0 0

#Transform 101
Transform: AffineTransform_float_3_3
Parameters: 0.999995 -0.000295778 -0.00329107 0.000338221 0.999917 0.012836 0.00328693 -0.012837 0.999912 0.0326859 -0.128118 0.166434
FixedParameters: 0 0 0

#Transform 102
Transform: AffineTransform_float_3_3
Parameters: 0.999995 0.000268931 -0.00315529 -0.000248072 0.999978 0.00663182 0.00315671 -0.00663118 0.999973 0.0117412 -0.0238108 0.241431
FixedParameters: 0 0 0

#Transform 103
Transform: AffineTransform_float_3_3
Parameters: 0.999993 0.000299976 -0.00377996 -0.000273024 0.999975 0.00713509 0.00378204 -0.00713392 0.999968 0.00997321 -0.0884002 0.110272
FixedParameters: 0 0 0

#Transform 104
Transform: AffineTransform_float_3_3
Parameters: 0.999991 -6.5094e-05 -0.00410987 0.00010691 0.999948 0.0101976 0.00410912 -0.0101973 0.999939 0.0250611 -0.105731 0.108389
FixedParameters: 0 0 0

#Transform 105
Transform: AffineTransform_float_3_3
Parameters: 0.999992 -0.00034732 -0.0038349 0.000387678 0.999943 0.0106116 0.0038311 -0.0106134 0.999937 0.0427409 -0.103888 0.0820506
FixedParameters: 0 0 0

#Transform 106
Transform: AffineTransform_float_3_3
Parameters: 0.999991 0.000492127 -0.00406674 -0.000489873 0.999999 0.000523996 0.00406725 -0.000522002 0.999991 -0.00544137 0.0217542 -0.0710236
FixedParameters: 0 0 0

#Transform 107
Transform: AffineTransform_float_3_3
Parameters: 0.999994 -0.000791206 -0.00357484 0.000794795 0.999999 0.00106017 0.00357416 -0.00106284 0.999993 0.0127259 0.013001 -0.00569755
FixedParameters: 0 0 0

#Transform 108
Transform: AffineTransform_float_3_3
Parameters: 0.999997 -0.00125926 -0.00218406 0.00126774 0.999991 0.00400324 0.00217894 -0.00400576 0.999989 -0.00122344 -0.0761026 0.0103167
FixedParameters: 0 0 0

#Transform 109
Transform: AffineTransform_float_3_3
Parameters: 0.999996 -0.000208378 -0.00289424 0.000225619 0.999984 0.00574338 0.00289275 -0.00574463 0.99998 0.0107147 -0.0908045 0.0436964
FixedParameters: 0 0 0

#Transform 110
Transform: AffineTransform_float_3_3
Parameters: 0.999993 -0.00149897 -0.00359557 0.00155104 0.99989 0.0147915 0.00357345 -0.0147975 0.999884 0.0307623 -0.153832 0.206603
FixedParameters: 0 0 0

#Transform 111
Transform: AffineTransform_float_3_3
Parameters: 0.999999 -0.000909553 -0.00152311 0.000944447 0.999741 0.0227716 0.00150188 -0.0227724 0.999739 0.0134356 -0.35929 -0.0340688
FixedParameters: 0 0 0

#Transform 112
Transform: AffineTransform_float_3_3
Parameters: 0.999998 -0.00123275 -0.00193688 0.00127126 0.999801 0.0198746 0.00191211 -0.0198774 0.9998 -0.00250463 -0.29804 0.199815
FixedParameters: 0 0 0

#Transform 113
Transform: AffineTransform_float_3_3
Parameters: 0.999995 -0.000488907 -0.00305803 0.000531091 0.999905 0.0137784 0.00305097 -0.0137806 0.999901 0.010949 -0.188668 0.0542696
FixedParameters: 0 0 0

#Transform 114
Transform: AffineTransform_float_3_3
Parameters: 0.999992 0.000764165 -0.00390115 -0.000738836 0.999979 0.00644793 0.00390584 -0.00644506 0.999971 0.00538606 -0.0383395 0.171371
FixedParameters: 0 0 0

#Transform 115
Transform: AffineTransform_float_3_3
Parameters: 0.999992 -0.000448796 -0.00383147 0.000501194 0.999907 0.0136342 0.00382452 -0.0136368 0.999899 0.0076398 -0.1472 0.292906
FixedParameters: 0 0 0

#Transform 116
Transform: AffineTransform_float_3_3
Parameters: 0.999992 0.000388781 -0.00414937 -0.000309225 0.99982 0.0189705 0.00415562 -0.0189686 0.999812 0.0288846 -0.219159 0.161953
FixedParameters: 0 0 0

#Transform 117
Transform: AffineTransform_float_3_3
Parameters: 0.99999 -0.000174964 -0.00432095 0.000197037 0.999987 0.00510019 0.00432005 -0.0051008 0.999977 0.0745817 -0.0120771 -0.00286377
FixedParameters: 0 0 0

#Transform 118
Transform: AffineTransform_float_3_3
Parameters: 0.999989 0.00112148 -0.00450813 -0.00112652 0.999999 -0.000999933 0.00450788 0.00100507 0.99999 0.0435919 0.0440782 -0.0644167
FixedParameters: 0 0 0

#Transform 119
Transform: AffineTransform_float_3_3
Parameters: 0.999992 0.000883409 -0.00384545 -0.000880594 1 0.000627392 0.00384655 -0.000624607 0.999993 0.0392661 0.0927204 -0.0263908
FixedParameters: 0 0 0

#Transform 120
Transform: AffineTransform_float_3_3
Parameters: 0.999996 0.000884793 -0.00291985 -0.000881208 0.999999 0.00129958 0.00292115 -0.00129742 0.999995 0.0284328 0.0947064 -0.0269816
FixedParameters: 0 0 0

#Transform 121
Transform: AffineTransform_float_3_3
Parameters: 0.999996 0.0014277 -0.00252948 -0.0014243 0.999999 0.00106861 0.00253152 -0.00106439 0.999996 0.0224193 0.0296453 -0.153192
FixedParameters: 0 0 0

#Transform 122
Transform: AffineTransform_float_3_3
Parameters: 0.999996 0.0014413 -0.00235538 -0.00143671 0.999998 0.00182439 0.00235762 -0.00182161 0.999995 0.000748242 0.0322984 -0.0328903
FixedParameters: 0 0 0

#Transform 123
Transform: AffineTransform_float_3_3
Parameters: 0.999995 0.00113257 -0.0028886 -0.00112843 0.999998 0.00123827 0.0028894 -0.00123473 0.999995 0.0165543 0.0283027 0.0305904
FixedParameters: 0 0 0

#Transform 124
Transform: AffineTransform_float_3_3
Parameters: 0.999994 0.000879189 -0.00350146 -0.000880812 1 -0.000515919 0.00350055 0.000519081 0.999993 0.0418781 0.101948 0.00201287
FixedParameters: 0 0 0

#Transform 125
Transform: AffineTransform_float_3_3
Parameters: 0.999994 0.000288086 -0.00364576 -0.000284914 0.999999 0.000847044 0.00364524 -0.000845955 0.999993 0.0471114 0.0304892 -0.104863
FixedParameters: 0 0 0

#Transform 126
Transform: AffineTransform_float_3_3
Parameters: 0.999993 -0.000378107 -0.0037637 0.000384891 0.999999 0.00183057 0.0037623 -0.00183244 0.999991 0.0801906 -0.0049834 0.0130975
FixedParameters: 0 0 0

#Transform 127
Transform: AffineTransform_float_3_3
Parameters: 0.999991 -0.000895118 -0.00418948 0.000901882 0.999998 0.00164124 0.00418752 -0.00164476 0.99999 0.100291 0.00705449 -0.023647
FixedParameters: 0 0 0

#Transform 128
Transform: AffineTransform_float_3_3
Parameters: 0.999992 -0.000427198 -0.00395276 0.000424799 1 -0.000557683 0.00395324 0.000555315 0.999992 0.0866741 0.0302013 -0.315836
FixedParameters: 0 0 0

#Transform 129
Transform: AffineTransform_float_3_3
Parameters: 0.99999 0.00241481 0.00373922 -0.00246718 0.999898 0.0140149 -0.00370477 -0.0140241 0.999895 -0.06757 -0.190082 -0.179636
FixedParameters: 0 0 0

#Transform 130
Transform: AffineTransform_float_3_3
Parameters: 0.999994 -0.000564431 0.00335344 0.000523561 0.999928 0.0120458 -0.00336055 -0.0120432 0.999922 -0.0772518 -0.142988 -0.112403
FixedParameters: 0 0 0

#Transform 131
Transform: AffineTransform_float_3_3
Parameters: 0.999998 0.000595407 -0.00195679 -0.000577593 0.999961 0.00888315 0.00196221 -0.00888285 0.999958 0.000422089 0.00959464 0.0521664
FixedParameters: 0 0 0

#Transform 132
Transform: AffineTransform_float_3_3
Parameters: 0.999998 0.000103847 -0.00208727 -8.81468e-05 0.999971 0.0075912 0.00208873 -0.0075908 0.999969 0.0100147 0.00247914 0.0572097
FixedParameters: 0 0 0

#Transform 133
Transform: AffineTransform_float_3_3
Parameters: 0.999999 -9.58632e-05 -0.00133093 0.000108137 0.999959 0.00912186 0.00133007 -0.00912213 0.999957 0.00428228 -0.0686949 0.0328789
FixedParameters: 0 0 0

#Transform 134
Transform: AffineTransform_float_3_3
Parameters: 1 -0.000508167 -0.00094734 0.000517839 0.999945 0.0104075 0.000942661 -0.0104085 0.999945 0.0113379 -0.0616831 0.045109
FixedParameters: 0 0 0

#Transform 135
Transform: AffineTransform_float_3_3
Parameters: 1 -0.000266496 -0.000542737 0.000271506 0.999949 0.0101659 0.000540268 -0.0101662 0.999948 -0.00461052 -0.0467947 0.0169717
FixedParameters: 0 0 0

#Transform 136
Transform: AffineTransform_float_3_3
Parameters: 1 -0.000272958 0.000100433 0.000272046 0.999955 0.00942102 -0.000102567 -0.00942096 0.999955 -0.0125897 0.0046753 0.0438132
FixedParameters: 0 0 0

#Transform 137
Transform: AffineTransform_float_3_3
Parameters: 1 -0.00059568 -0.00031049 0.000598323 0.999971 0.00752381 0.000306507 -0.00752418 0.999971 -0.00728484 -0.054193 0.0312307
FixedParameters: 0 0 0

#Transform 138
Transform: AffineTransform_float_3_3
Parameters: 1 -0.000437729 -0.000475035 0.00044127 0.999976 0.00690679 0.000471963 -0.00690721 0.999976 -0.00272603 -0.023775 0.0586735
FixedParameters: 0 0 0

#Transform 139
Transform: AffineTransform_float_3_3
Parameters: 1 -0.000270047 -0.000340558 0.000271956 0.999984 0.00574891 0.000339442 -0.0057491 0.999984 -0.0126284 -0.0409885 0.000443959
FixedParameters: 0 0 0

#Transform 140
Transform: AffineTransform_float_3_3
Parameters: 0.999999 -0.000267908 -0.000687608 0.000272089 0.999982 0.00595882 0.000685391 -0.00595819 0.999982 -0.0127803 0.00223435 0.0212573
FixedParameters: 0 0 0

#Transform 141
Transform: AffineTransform_float_3_3
Parameters: 0.999993 0.00285985 -0.00251307 -0.00284414 0.999976 0.00628919 0.00253193 -0.00628181 0.999977 -0.196157 0.052827 0.0397164
FixedParameters: 0 0 0

#Transform 142
Transform: AffineTransform_float_3_3
Parameters: 0.999998 0.000700905 -0.00199124 -0.000693097 0.999992 0.00396739 0.00199377 -0.00396661 0.99999 -0.0362744 0.00709017 0.0544324
FixedParameters: 0 0 0

#Transform 143
Transform: AffineTransform_float_3_3
Parameters: 0.999997 0.000971887 -0.00214389 -0.000965113 0.999995 0.00321108 0.00214711 -0.00320892 0.999992 -0.0298406 0.0461506 0.073961
FixedParameters: 0 0 0

#Transform 144
Transform: AffineTransform_float_3_3
Parameters: 0.999997 0.000899462 -0.00225064 -0.000890536 0.999992 0.00375802 0.00225436 -0.00375598 0.999991 -0.0275517 -0.0169434 0.0518621
FixedParameters: 0 0 0

#Transform 145
Transform: AffineTransform_float_3_3
Parameters: 0.999997 0.000754819 -0.00225139 -0.000747177 0.999993 0.00347269 0.00225461 -0.00347031 0.999992 -0.0292609 0.0484521 0.0722749
FixedParameters: 0 0 0

#Transform 146
Transform: AffineTransform_float_3_3
Parameters: 0.999997 0.000877847 -0.00195739 -0.000872153 0.999995 0.00298671 0.00195961 -0.00298429 0.999993 -0.0161326 0.011688 0.0188337
FixedParameters: 0 0 0

#Transform 147
Transform: AffineTransform_float_3_3
Parameters: 0.999998 0.000752695 -0.00188073 -0.000747305 0.999995 0.00302641 0.00188327 -0.00302559 0.999993 -0.00359604 0.0342281 0.0344364
FixedParameters: 0 0 0

#Transform 148
Transform: AffineTransform_float_3_3
Parameters: 0.999998 0.000751335 -0.00189429 -0.000747667 0.999997 0.00228742 0.00189571 -0.00228658 0.999995 -0.0181591 0.0227705 0.0209851
FixedParameters: 0 0 0

#Transform 149
Transform: AffineTransform_float_3_3
Parameters: 0.999999 0.00132123 -0.00122927 -0.00131377 0.999982 0.00586762 0.00123673 -0.00586538 0.999982 -0.0185756 -0.0188005 0.0709728
FixedParameters: 0 0 0

#Transform 150
Transform: AffineTransform_float_3_3
Parameters: 0.999992 0.00375874 -0.000885883 -0.00375226 0.999965 0.00748838 0.000914119 -0.00748562 0.999971 -0.0251696 0.119824 0.02505
FixedParameters: 0 0 0

#Transform 151
Transform: AffineTransform_float_3_3
Parameters: 0.999998 0.00162059 -0.00127344 -0.00161641 0.999994 0.00281806 0.00127756 -0.00281594 0.999995 -0.00790929 0.0526339 -0.0315446
FixedParameters: 0 0 0

#Transform 152
Transform: AffineTransform_float_3_3
Parameters: 0.999997 0.00145735 -0.00196805 -0.00145265 0.999995 0.00271887 0.00197196 -0.00271614 0.999995 -0.0157771 0.0973133 0.0459555
FixedParameters: 0 0 0

#Transform 153
Transform: AffineTransform_float_3_3
Parameters: 0.999993 0.00332668 -0.00122737 -0.00331831 0.999975 0.00621011 0.00124862 -0.00620589 0.99998 -0.0115758 0.148028 -0.00188899
FixedParameters: 0 0 0

#Transform 154
Transform: AffineTransform_float_3_3
Parameters: 0.999983 0.00188863 -0.00547169 -0.00187937 0.999996 0.00176431 0.00547532 -0.00175469 0.999984 0.0860002 0.229874 -0.0314751
FixedParameters: 0 0 0

#Transform 155
Transform: AffineTransform_float_3_3
Parameters: 0.999977 0.000124433 -0.00676505 -0.000126568 1 -0.000379152 0.00676495 0.00037985 0.999977 0.0956656 0.181011 -0.0160202
FixedParameters: 0 0 0

#Transform 156
Transform: AffineTransform_float_3_3
Parameters: 0.999984 0.00069482 -0.00549664 -0.00069218 0.999999 0.000514812 0.00549735 -0.000511188 0.999985 0.0413308 0.0618261 -0.0375346
FixedParameters: 0 0 0

#Transform 157
Transform: AffineTransform_float_3_3
Parameters: 0.999998 0.00153168 -0.00122546 -0.00152432 0.99998 0.00624588 0.00123454 -0.00624412 0.999979 -0.0194473 -0.0680854 0.0360267
FixedParameters: 0 0 0

#Transform 158
Transform: AffineTransform_float_3_3
Parameters: 0.999997 0.000904963 -0.00225144 -0.000891034 0.999981 0.00619503 0.00225756 -0.00619298 0.999979 -0.00300534 -0.0101084 0.0318712
FixedParameters: 0 0 0

#Transform 159
Transform: AffineTransform_float_3_3
Parameters: 0.999999 0.000804212 -0.00124802 -0.000797788 0.999988 0.00497 0.00125198 -0.004969 0.999987 -0.0138204 0.0683632 0.0580151
FixedParameters: 0 0 0
