#Insight Transform File V1.0
#Transform 0
Transform: AffineTransform_float_3_3
Parameters: 0.999999 -0.000398979 0.000636012 0.00039902 1 -3.17462e-05 -0.000635987 3.22537e-05 1 -0.0147552 -0.0013013 -0.227352
FixedParameters: 0 0 0

#Transform 1
Transform: AffineTransform_float_3_3
Parameters: 1 0.000545976 0.000295044 -0.000546024 1 8.08389e-05 -0.000294956 -8.1161e-05 1 -0.0202558 0.139066 -0.00515613
FixedParameters: 0 0 0

#Transform 2
Transform: AffineTransform_float_3_3
Parameters: 0.999999 0.000869999 1.0092e-07 -0.000869999 0.999999 0.000116 1.0092e-07 -0.000116 1 -0.0116992 0.165093 -0.0562161
FixedParameters: 0 0 0

#Transform 3
Transform: AffineTransform_float_3_3
Parameters: 1 0.000343146 0.000336852 -0.000342854 1 -0.000432115 -0.000337148 0.000432884 1 -0.0254023 0.155503 -0.126099
FixedParameters: 0 0 0

#Transform 4
Transform: AffineTransform_float_3_3
Parameters: 0.999999 0.000868242 0.000448531 -0.000867756 0.999999 -0.000540389 -0.000449469 0.00054061 1 -0.018915 0.158713 -0.0990552
FixedParameters: 0 0 0

#Transform 5
Transform: AffineTransform_float_3_3
Parameters: 0.999999 0.0005072 0.000663846 -0.000506799 1 -0.000302336 -0.000664153 0.000301663 0.999999 -0.0266436 0.154252 -0.0811176
FixedParameters: 0 0 0

#Transform 6
Transform: AffineTransform_float_3_3
Parameters: 1 0.000343215 0.000559868 -0.000342785 1 -0.000384192 -0.000560132 0.000384808 1 -0.0210855 0.171723 -0.0499738
FixedParameters: 0 0 0

#Transform 7
Transform: AffineTransform_float_3_3
Parameters: 0.999999 0.000774478 0.00106665 -0.000773524 1 -0.000447826 -0.00106635 0.000447175 1 -0.0328689 0.144731 -0.0817804
FixedParameters: 0 0 0

#Transform 8
Transform: AffineTransform_float_3_3
Parameters: 0.999996 0.000925394 0.0028884 -0.000939606 0.999989 0.00471331 -0.0028836 -0.00471569 0.999984 0.0433931 0.166331 -1.26787
FixedParameters: 0 0 0

#Transform 9
Transform: AffineTransform_float_3_3
Parameters: 0.999999 -0.00122757 0.000937946 0.00122643 0.999998 0.00167515 -0.000940055 -0.00167385 0.999998 0.110781 0.156539 -1.23408
FixedParameters: 0 0 0

#Transform 10
Transform: AffineTransform_float_3_3
Parameters: 0.999986 -0.00274318 0.00468114 0.00273982 0.999996 0.000684835 -0.00468286 -0.000672164 0.999989 0.0947551 0.163274 -0.929997
FixedParameters: 0 0 0

#Transform 11
Transform: AffineTransform_float_3_3
Parameters: 0.999991 -0.000760311 0.00422151 0.000751693 0.999998 0.00196919 -0.00422249 -0.00196681 0.999989 0.020725 0.0855054 -0.206637
FixedParameters: 0 0 0

#Transform 12
Transform: AffineTransform_float_3_3
Parameters: 0.999992 -0.00087202 0.00390478 0.000861978 0.999997 0.00256739 -0.00390722 -0.00256361 0.999989 0.00264862 0.117191 -0.227699
FixedParameters: 0 0 0

#Transform 13
Transform: AffineTransform_float_3_3
Parameters: 0.99999 -0.000818418 0.00438352 0.000804582 0.999995 0.00306156 -0.00438648 -0.00305844 0.999985 -0.00780877 0.084443 -0.161077
FixedParameters: 0 0 0

#Transform 14
Transform: AffineTransform_float_3_3
Parameters: 0.99999 -0.000875184 0.00422429 0.000861813 0.999995 0.00312267 -0.00422671 -0.00311833 0.999986 -0.00738688 -0.00915964 -0.244138
FixedParameters: 0 0 0

#Transform 15
Transform: AffineTransform_float_3_3
Parameters: 0.999991 -0.000871859 0.00415494 0.000862138 0.999997 0.0023746 -0.00415705 -0.0023704 0.999988 -0.00815657 0.0913507 -0.150911
FixedParameters: 0 0 0

#Transform 16
Transform: AffineTransform_float_3_3
Parameters: 0.999991 -0.000830058 0.00415304 0.000809945 0.999988 0.00482841 -0.00415696 -0.00482559 0.999979 -0.00695872 0.0909477 0.000770002
FixedParameters: 0 0 0

#Transform 17
Transform: AffineTransform_float_3_3
Parameters: 0.999991 -0.000411347 0.00422929 0.00040365 0.999998 0.00173872 -0.00422971 -0.00173627 0.999989 -0.0134825 0.0842937 -0.116382
FixedParameters: 0 0 0

#Transform 18
Transform: AffineTransform_float_3_3
Parameters: 0.999989 -0.00138441 0.00449887 0.00138459 0.999999 9.52301e-05 -0.00449913 -8.87723e-05 0.99999 0.00101677 0.114882 -0.38029
FixedParameters: 0 0 0

#Transform 19
Transform: AffineTransform_float_3_3
Parameters: 0.999989 -0.00121002 0.00450353 0.00121198 0.999999 -0.000436547 -0.00450247 0.000441453 0.99999 0.0082209 0.13332 -0.358614
FixedParameters: 0 0 0

#Transform 20
Transform: AffineTransform_float_3_3
Parameters: 0.999991 -0.000998769 0.00416295 0.00101123 0.999995 -0.00293682 -0.00416005 0.00294118 0.999987 -0.00929968 0.154624 -0.511814
FixedParameters: 0 0 0

#Transform 21
Transform: AffineTransform_float_3_3
Parameters: 0.99998 -0.00212051 0.00584215 0.00215048 0.999984 -0.00521654 -0.00583085 0.00522947 0.99997 0.0162168 0.178445 -0.712352
FixedParameters: 0 0 0

#Transform 22
Transform: AffineTransform_float_3_3
Parameters: 0.999978 -0.00219196 0.00614788 0.00222504 0.999983 -0.00537243 -0.00613611 0.00538656 0.999966 0.0315228 0.109908 -0.512832
FixedParameters: 0 0 0

#Transform 23
Transform: AffineTransform_float_3_3
Parameters: 0.99998 -0.00219273 0.00582624 0.00222527 0.999982 -0.00553814 -0.00581475 0.00555086 0.999967 0.0211375 0.162844 -0.52693
FixedParameters: 0 0 0

#Transform 24
Transform: AffineTransform_float_3_3
Parameters: 0.999981 -0.00120225 0.00604061 0.00123474 0.999984 -0.00541964 -0.00603339 0.00542735 0.999967 0.0643371 0.162543 -0.545123
FixedParameters: 0 0 0

#Transform 25
Transform: AffineTransform_float_3_3
Parameters: 0.999987 -0.00173755 0.00493661 0.00175946 0.999989 -0.00434538 -0.0049294 0.00435363 0.999979 0.0700847 0.146125 -0.508349
FixedParameters: 0 0 0

#Transform 26
Transform: AffineTransform_float_3_3
Parameters: 0.999984 -0.00173478 0.0054977 0.00175921 0.999989 -0.0044024 -0.0054903 0.0044126 0.999975 0.0668922 0.15487 -0.484694
FixedParameters: 0 0 0

#Transform 27
Transform: AffineTransform_float_3_3
Parameters: 0.999983 -0.00181251 0.00552177 0.00183249 0.999992 -0.00370795 -0.00551523 0.00371806 0.999978 0.0749584 0.149572 -0.44992
FixedParameters: 0 0 0

#Transform 28
Transform: AffineTransform_float_3_3
Parameters: 0.999984 -0.0015878 0.00547132 0.0016062 0.999993 -0.00332327 -0.00546569 0.00333173 0.99998 0.076536 0.154442 -0.334109
FixedParameters: 0 0 0

#Transform 29
Transform: AffineTransform_float_3_3
Parameters: 0.999979 -0.00169177 0.00613723 0.00173123 0.999977 -0.00655551 -0.00612577 0.00656549 0.999959 0.0487655 0.16098 -0.623389
FixedParameters: 0 0 0

#Transform 30
Transform: AffineTransform_float_3_3
Parameters: 0.999974 -0.00175204 0.00697621 0.00182296 0.999946 -0.0101785 -0.00695779 0.0101914 0.999924 0.0760539 0.197553 -0.83123
FixedParameters: 0 0 0

#Transform 31
Transform: AffineTransform_float_3_3
Parameters: 0.999969 -0.00214823 0.00754484 0.00223677 0.999928 -0.0117765 -0.00751916 0.0117935 0.999902 0.076794 0.167141 -0.851583
FixedParameters: 0 0 0

#Transform 32
Transform: AffineTransform_float_3_3
Parameters: 0.999974 -0.00292668 0.0067032 0.00297633 0.999968 -0.00751026 -0.00668081 0.00752976 0.99995 0.0890222 0.183005 -0.812679
FixedParameters: 0 0 0

#Transform 33
Transform: AffineTransform_float_3_3
Parameters: 0.999965 -0.00307003 0.00786489 0.00314798 0.999946 -0.00992159 -0.00783412 0.0099454 0.99992 0.106063 0.209198 -0.899171
FixedParameters: 0 0 0

#Transform 34
Transform: AffineTransform_float_3_3
Parameters: 0.999964 -0.0023681 0.00822881 0.0024559 0.99994 -0.0106892 -0.0082022 0.0107088 0.999909 0.0999996 0.160169 -0.898536
FixedParameters: 0 0 0

#Transform 35
Transform: AffineTransform_float_3_3
Parameters: 0.999967 -0.00283571 0.007704 0.0029083 0.999951 -0.00938991 -0.007677 0.00941109 0.999926 0.101158 0.137267 -0.886801
FixedParameters: 0 0 0

#Transform 36
Transform: AffineTransform_float_3_3
Parameters: 0.999968 -0.00280197 0.00747716 0.00287602 0.999947 -0.00990781 -0.00744884 0.00992919 0.999923 0.105744 0.18809 -0.895092
FixedParameters: 0 0 0

#Transform 37
Transform: AffineTransform_float_3_3
Parameters: 0.999962 -0.0029323 0.00823219 0.00301271 0.999948 -0.00980858 -0.00820281 0.00983243 0.999918 0.0883461 0.152315 -0.952598
FixedParameters: 0 0 0

#Transform 38
Transform: AffineTransform_float_3_3
Parameters: 0.999958 -0.00276849 0.00866011 0.00287651 0.999918 -0.0124276 -0.00862488 0.0124514 0.999886 0.0882907 0.206307 -1.05978
FixedParameters: 0 0 0

#Transform 39
Transform: AffineTransform_float_3_3
Parameters: 0.999943 -0.00850638 0.00644414 0.00859864 0.999858 -0.0144854 -0.00632088 0.0145396 0.999875 0.394103 0.627526 -1.50256
FixedParameters: 0 0 0

#Transform 40
Transform: AffineTransform_float_3_3
Parameters: 0.999893 -0.00760709 0.0125367 0.00791593 0.999661 -0.0247784 -0.0123443 0.0248746 0.999615 0.428194 0.0414273 -1.71768
FixedParameters: 0 0 0

#Transform 41
Transform: AffineTransform_float_3_3
Parameters: 0.999899 -0.00684491 0.0123972 0.0071411 0.999687 -0.0239999 -0.0122288 0.0240851 0.999635 0.348466 0.0201773 -1.47369
FixedParameters: 0 0 0

#Transform 42
Transform: AffineTransform_float_3_3
Parameters: 0.999913 -0.00616604 0.0116525 0.00642097 0.999738 -0.0219711 -0.0115145 0.0220439 0.99969 0.301442 0.0901423 -1.37911
FixedParameters: 0 0 0

#Transform 43
Transform: AffineTransform_float_3_3
Parameters: 0.999932 -0.00569751 0.0101812 0.00593047 0.999716 -0.0230512 -0.0100468 0.0231108 0.999683 0.314876 0.07252 -1.524
FixedParameters: 0 0 0

#Transform 44
Transform: AffineTransform_float_3_3
Parameters: 0.999933 -0.00573992 0.00998779 0.00597008 0.999714 -0.0231609 -0.00985219 0.0232191 0.999682 0.316012 0.149922 -1.50221
FixedParameters: 0 0 0

#Transform 45
Transform: AffineTransform_float_3_3
Parameters: 0.999923 -0.00589032 0.0108571 0.00615167 0.999687 -0.024228 -0.0107109 0.0242929 0.999647 0.325295 0.106316 -1.64148
FixedParameters: 0 0 0

#Transform 46
Transform: AffineTransform_float_3_3
Parameters: 0.999923 -0.0058821 0.0108616 0.00615188 0.999669 -0.0249851 -0.0107104 0.0250499 0.999629 0.340058 0.209859 -1.55462
FixedParameters: 0 0 0

#Transform 47
Transform: AffineTransform_float_3_3
Parameters: 0.999917 -0.00587042 0.0114182 0.00615157 0.999674 -0.0247838 -0.0112688 0.0248522 0.999627 0.320853 0.318279 -1.41932
FixedParameters: 0 0 0

#Transform 48
Transform: AffineTransform_float_3_3
Parameters: 0.999931 -0.00589781 0.0100998 0.0061522 0.999661 -0.0253246 -0.00994721 0.0253844 0.999629 0.33465 0.183012 -1.59178
FixedParameters: 0 0 0

#Transform 49
Transform: AffineTransform_float_3_3
Parameters: 0.999961 -0.00689643 0.00541029 0.00694157 0.999942 -0.00826176 -0.0053537 0.00829924 0.999951 0.319736 0.205149 -1.82657
FixedParameters: 0 0 0

#Transform 50
Transform: AffineTransform_float_3_3
Parameters: 0.999964 -0.00429114 0.00739545 0.00440687 0.999866 -0.015722 -0.00732755 0.015754 0.999849 0.267045 0.239994 -1.55955
FixedParameters: 0 0 0

#Transform 51
Transform: AffineTransform_float_3_3
Parameters: 0.999951 -0.00475404 0.00875257 0.00497995 0.99965 -0.0259787 -0.00862544 0.0260213 0.999624 0.268829 0.255189 -1.39562
FixedParameters: 0 0 0

#Transform 52
Transform: AffineTransform_float_3_3
Parameters: 0.999963 -0.00457068 0.00727347 0.00476233 0.999633 -0.0266473 -0.00714956 0.0266807 0.999619 0.297794 0.295447 -1.63201
FixedParameters: 0 0 0

#Transform 53
Transform: AffineTransform_float_3_3
Parameters: 0.999958 -0.00431877 0.00806937 0.00453324 0.999632 -0.0267205 -0.00795163 0.0267565 0.999611 0.295101 0.215027 -1.72881
FixedParameters: 0 0 0

#Transform 54
Transform: AffineTransform_float_3_3
Parameters: 0.99996 -0.00460378 0.00773107 0.00480625 0.999642 -0.0263459 -0.00760793 0.0263821 0.999623 0.323396 0.293345 -1.73401
FixedParameters: 0 0 0

#Transform 55
Transform: AffineTransform_float_3_3
Parameters: 0.999939 -0.00702882 0.00844813 0.0072412 0.999653 -0.0253524 -0.00826785 0.0254127 0.999643 0.374216 0.265228 -1.69719
FixedParameters: 0 0 0

#Transform 56
Transform: AffineTransform_float_3_3
Parameters: 0.999922 -0.00746154 0.010029 0.00771745 0.999638 -0.0257806 -0.00983302 0.0258564 0.999618 0.379335 0.276064 -1.75165
FixedParameters: 0 0 0

#Transform 57
Transform: AffineTransform_float_3_3
Parameters: 0.999933 -0.00687799 0.00931764 0.007152 0.999533 -0.0297014 -0.00910837 0.0297657 0.999516 0.352436 0.301844 -1.7574
FixedParameters: 0 0 0

#Transform 58
Transform: AffineTransform_float_3_3
Parameters: 0.999931 -0.0047904 0.010739 0.00516759 0.999362 -0.035319 -0.0105629 0.0353721 0.999319 0.431316 0.248371 -1.87602
FixedParameters: 0 0 0

#Transform 59
Transform: AffineTransform_float_3_3
Parameters: 0.999918 -0.00664463 0.0108929 0.00704936 0.999267 -0.0376073 -0.0106352 0.0376817 0.999233 0.445721 0.286225 -1.80162
FixedParameters: 0 0 0

#Transform 60
Transform: AffineTransform_float_3_3
Parameters: 0.999922 -0.00637273 0.010676 0.00679426 0.99918 -0.0398985 -0.010413 0.0399684 0.999146 0.396721 0.293738 -1.84873
FixedParameters: 0 0 0

#Transform 61
Transform: AffineTransform_float_3_3
Parameters: 0.999893 -0.00774658 0.0123672 0.0083034 0.998922 -0.0456762 -0.0119999 0.0457738 0.998879 0.477274 0.253169 -1.96237
FixedParameters: 0 0 0

#Transform 62
Transform: AffineTransform_float_3_3
Parameters: 0.999875 -0.00960372 0.0125091 0.0101563 0.998941 -0.0448615 -0.0120649 0.0449824 0.998915 0.510858 0.22718 -1.99737
FixedParameters: 0 0 0

#Transform 63
Transform: AffineTransform_float_3_3
Parameters: 0.999853 -0.0108408 0.0133251 0.0114372 0.998899 -0.0455113 -0.0128169 0.0456567 0.998875 0.567887 0.245552 -2.07584
FixedParameters: 0 0 0

#Transform 64
Transform: AffineTransform_float_3_3
Parameters: 0.999904 -0.00785881 0.0113525 0.00825219 0.999353 -0.0350127 -0.0110705 0.0351034 0.999323 0.440642 0.231073 -1.97613
FixedParameters: 0 0 0

#Transform 65
Transform: AffineTransform_float_3_3
Parameters: 0.999888 -0.00743249 0.0130057 0.00790553 0.999297 -0.0366653 -0.0127243 0.0367637 0.999243 0.458751 0.283489 -2.02402
FixedParameters: 0 0 0

#Transform 66
Transform: AffineTransform_float_3_3
Parameters: 0.999862 -0.00879637 0.0140764 0.00939764 0.99902 -0.0432627 -0.0136817 0.0433883 0.998964 0.497229 0.302375 -2.04943
FixedParameters: 0 0 0

#Transform 67
Transform: AffineTransform_float_3_3
Parameters: 0.999854 -0.0111844 0.0129751 0.0117296 0.999017 -0.0427651 -0.012484 0.0429109 0.999001 0.540219 0.282547 -2.0917
FixedParameters: 0 0 0

#Transform 68
Transform: AffineTransform_float_3_3
Parameters: 0.999892 -0.00835203 0.0120736 0.008852 0.999079 -0.0419686 -0.0117124 0.0420703 0.999046 0.484052 0.250525 -1.99683
FixedParameters: 0 0 0

#Transform 69
Transform: AffineTransform_float_3_3
Parameters: 0.99993 -0.00802109 0.00868765 0.00834388 0.999251 -0.0377931 -0.00837735 0.0378628 0.999248 0.536262 0.261807 -2.70509
FixedParameters: 0 0 0

#Transform 70
Transform: AffineTransform_float_3_3
Parameters: 0.999994 -0.00331402 -0.00103619 0.00329998 0.999907 -0.0132485 0.00107981 0.0132445 0.999911 0.323554 0.218568 -2.0625
FixedParameters: 0 0 0

#Transform 71
Transform: AffineTransform_float_3_3
Parameters: 0.999855 0.00189805 -0.0168897 -0.00182294 0.999989 0.00445844 0.0168983 -0.00442657 0.999848 -0.334264 0.298456 -1.47406
FixedParameters: 0 0 0

#Transform 72
Transform: AffineTransform_float_3_3
Parameters: 0.999981 0.00041287 -0.00618823 -0.000485128 0.999932 -0.0116592 0.00618276 0.0116618 0.999913 -0.129791 0.322725 -1.17363
FixedParameters: 0 0 0

#Transform 73
Transform: AffineTransform_float_3_3
Parameters: 0.999989 -0.000853207 -0.00460723 0.000786792 0.999896 -0.0143538 0.00461877 0.0143492 0.999887 -0.099652 0.333319 -1.25118
FixedParameters: 0 0 0

#Transform 74
Transform: AffineTransform_float_3_3
Parameters: 0.999989 -0.00438102 -0.00117161 0.00435697 0.999795 -0.0197733 0.00125838 0.0197677 0.999804 0.0289966 0.345375 -1.33762
FixedParameters: 0 0 0

#Transform 75
Transform: AffineTransform_float_3_3
Parameters: 0.999993 -0.0031398 -0.00166808 0.0031052 0.999785 -0.0204703 0.00173192 0.0204647 0.999789 -0.00661631 0.344344 -1.42313
FixedParameters: 0 0 0

#Transform 76
Transform: AffineTransform_float_3_3
Parameters: 0.999996 -0.00245883 -0.0017847 0.00241917 0.999767 -0.0214404 0.00183729 0.0214366 0.999769 -0.0101806 0.334429 -1.48269
FixedParameters: 0 0 0

#Transform 77
Transform: AffineTransform_float_3_3
Parameters: 0.999993 -0.00294671 -0.00221622 0.0029003 0.99978 -0.0207926 0.00227679 0.0207855 0.999782 0.0188069 0.35028 -1.47549
FixedParameters: 0 0 0

#Transform 78
Transform: AffineTransform_float_3_3
Parameters: 0.999999 0.000123611 -0.00082836 -0.000126387 0.999996 -0.0028839 0.000827639 0.0028841 0.999996 -0.230668 0.361045 -1.19892
FixedParameters: 0 0 0

#Transform 79
Transform: AffineTransform_float_3_3
Parameters: 0.999862 0.00432048 -0.0160732 -0.00405552 0.999857 0.0164515 0.0161418 -0.0163835 0.999736 -0.270914 0.4427 -0.0271806
FixedParameters: 0 0 0

#Transform 80
Transform: AffineTransform_float_3_3
Parameters: 0.999909 0.00343802 -0.013058 -0.00341898 0.999993 0.00147878 0.013063 -0.00143422 0.999913 -0.0995354 0.238471 -0.210149
FixedParameters: 0 0 0

#Transform 81
Transform: AffineTransform_float_3_3
Parameters: 0.99993 0.00323887 -0.0113599 -0.00322112 0.999993 0.0015917 0.0113651 -0.0015543 0.999934 -0.0738714 0.38537 -0.415641
FixedParameters: 0 0 0

#Transform 82
Transform: AffineTransform_float_3_3
Parameters: 0.999964 0.00277152 -0.00808986 -0.00271248 0.999969 0.00735922 0.00811016 -0.00733679 0.99994 -0.0919973 0.339528 0.510923
FixedParameters: 0 0 0

#Transform 83
Transform: AffineTransform_float_3_3
Parameters: 0.999958 0.00336683 -0.00844053 -0.00334316 0.999991 0.00283634 0.00845047 -0.00280767 0.999961 -0.0595419 0.308127 0.111341
FixedParameters: 0 0 0

#Transform 84
Transform: AffineTransform_float_3_3
Parameters: 0.999916 0.0030609 -0.0125878 -0.0029341 0.999945 0.0100868 0.0126182 -0.0100492 0.99987 -0.0856054 0.30523 -0.180167
FixedParameters: 0 0 0

#Transform 85
Transform: AffineTransform_float_3_3
Parameters: 0.999955 0.00218921 -0.00923349 -0.00211379 0.999964 0.00814688 0.00925151 -0.00812711 0.999924 -0.117626 0.280672 -0.121496
FixedParameters: 0 0 0

#Transform 86
Transform: AffineTransform_float_3_3
Parameters: 0.999974 0.00178341 -0.0069263 -0.0017696 0.999997 0.00208531 0.00692969 -0.00207369 0.999974 -0.0377758 0.30114 -0.308609
FixedParameters: 0 0 0

#Transform 87
Transform: AffineTransform_float_3_3
Parameters: 0.999985 0.00107018 -0.00526962 -0.00108382 0.999997 -0.00243033 0.00526738 0.00243667 0.999983 0.0124587 0.315959 -0.486359
FixedParameters: 0 0 0

#Transform 88
Transform: AffineTransform_float_3_3
Parameters: 0.999995 0.000164922 -0.0032007 -0.000178077 0.999991 -0.00408545 0.0032003 0.00408655 0.999986 0.0357626 0.298856 -0.367766
FixedParameters: 0 0 0

#Transform 89
Transform: AffineTransform_float_3_3
Parameters: 0.999995 -0.000159445 -0.00309006 0.000139557 0.99998 -0.00629147 0.00309094 0.00629154 0.999976 0.0528348 0.280597 -0.440747
FixedParameters: 0 0 0

#Transform 90
Transform: AffineTransform_float_3_3
Parameters: 0.999994 0.000467731 -0.00345309 -0.00049027 0.999979 -0.00645135 0.00344991 0.00645265 0.999973 0.0661506 0.328214 -0.402785
FixedParameters: 0 0 0

#Transform 91
Transform: AffineTransform_float_3_3
Parameters: 0.999997 0.0010394 -0.00223422 -0.0010586 0.999961 -0.00879066 0.00222478 0.00879334 0.999959 0.0561567 0.301553 -0.419246
FixedParameters: 0 0 0

#Transform 92
Transform: AffineTransform_float_3_3
Parameters: 0.999995 0.000789946 -0.00302818 -0.000828066 0.999921 -0.0125866 0.00301882 0.0125885 0.999916 0.0852918 0.33842 -0.638326
FixedParameters: 0 0 0

#Transform 93
Transform: AffineTransform_float_3_3
Parameters: 0.999997 0.000119864 -0.00249663 -0.000150142 0.999927 -0.0120747 0.00249537 0.0120743 0.999924 0.101588 0.368104 -0.409142
FixedParameters: 0 0 0

#Transform 94
Transform: AffineTransform_float_3_3
Parameters: 0.999996 0.000304441 -0.00272583 -0.000336546 0.999928 -0.0119511 0.00272117 0.0119529 0.999925 0.111122 0.374914 -0.379222
FixedParameters: 0 0 0

#Transform 95
Transform: AffineTransform_float_3_3
Parameters: 0.999996 0.000113765 -0.00261583 -0.000150222 0.999904 -0.0138556 0.00261317 0.0138563 0.9999 0.120356 0.37897 -0.500106
FixedParameters: 0 0 0

#Transform 96
Transform: AffineTransform_float_3_3
Parameters: 0.999996 0.000111658 -0.00257095 -0.000149341 0.999888 -0.0149177 0.00256906 0.0149183 0.999886 0.118137 0.364069 -0.538938
FixedParameters: 0 0 0

#Transform 97
Transform: AffineTransform_float_3_3
Parameters: 0.999999 0.000138859 -0.0018379 -0.000162129 0.99992 -0.0125967 0.0018351 0.0125973 0.999919 0.112067 0.363931 -0.388393
FixedParameters: 0 0 0

#Transform 98
Transform: AffineTransform_float_3_3
Parameters: 0.999997 -5.62084e-05 -0.00240551 2.77856e-05 0.999932 -0.0117251 0.00240649 0.0117249 0.999929 0.103645 0.382048 -0.273265
FixedParameters: 0 0 0

#Transform 99
Transform: AffineTransform_float_3_3
Parameters: 0.999995 0.000151322 -0.00314241 -0.000195674 0.999904 -0.0139045 0.00313958 0.0139046 0.999899 0.125246 0.39644 -0.441444
FixedParameters: 0 0 0

#Transform 100
Transform: AffineTransform_float_3_3
Parameters: 0.999995 -0.000151141 -0.00313809 0.000104862 0.999887 -0.0150164 0.00313993 0.0150166 0.999883 0.114884 0.413552 -0.492383
FixedParameters: 0 0 0

#Transform 101
Transform: AffineTransform_float_3_3
Parameters: 0.999999 -7.13005e-05 -0.00175901 3.96996e-05 0.999842 -0.0177881 0.00175999 0.0177879 0.99984 0.111694 0.371965 -0.567184
FixedParameters: 0 0 0

#Transform 102
Transform: AffineTransform_float_3_3
Parameters: 0.999998 0.000265897 -0.00198571 -0.000299107 0.99986 -0.0166884 0.00198128 0.0166896 0.999859 0.101575 0.403736 -0.432466
FixedParameters: 0 0 0

#Transform 103
Transform: AffineTransform_float_3_3
Parameters: 0.999998 -0.000369235 -0.00198159 0.000332777 0.999834 -0.0182547 0.00198741 0.0182543 0.999832 0.0941594 0.39699 -0.553955
FixedParameters: 0 0 0

#Transform 104
Transform: AffineTransform_float_3_3
Parameters: 0.999998 0.000163559 -0.00223143 -0.000205453 0.999828 -0.0185846 0.00222857 0.0185844 0.999825 0.104323 0.434563 -0.448732
FixedParameters: 0 0 0

#Transform 105
Transform: AffineTransform_float_3_3
Parameters: 0.999997 -4.85621e-05 -0.00253753 -5.7102e-07 0.999817 -0.0191341 0.00253845 0.0191339 0.999813 0.106696 0.418817 -0.483172
FixedParameters: 0 0 0

#Transform 106
Transform: AffineTransform_float_3_3
Parameters: 0.999997 -0.000375395 -0.00217511 0.000333604 0.99981 -0.0194598 0.0021819 0.0194582 0.999809 0.123205 0.412659 -0.546153
FixedParameters: 0 0 0

#Transform 107
Transform: AffineTransform_float_3_3
Parameters: 0.999996 -0.000381006 -0.00253124 0.000332998 0.99982 -0.0189389 0.00253776 0.0189381 0.999818 0.124548 0.405125 -0.573067
FixedParameters: 0 0 0

#Transform 108
Transform: AffineTransform_float_3_3
Parameters: 0.999997 -0.000246109 -0.00211992 0.000207891 0.999838 -0.0179575 0.00212407 0.0179575 0.999836 0.137443 0.415993 -0.415316
FixedParameters: 0 0 0

#Transform 109
Transform: AffineTransform_float_3_3
Parameters: 0.999998 -0.00087662 -0.00173176 0.000826372 0.999595 -0.0284495 0.00175622 0.0284475 0.999593 0.180215 0.346545 -1.23564
FixedParameters: 0 0 0

#Transform 110
Transform: AffineTransform_float_3_3
Parameters: 0.999996 -0.00129226 -0.00221021 0.00122974 0.999596 -0.0283878 0.00224581 0.0283852 0.999594 0.19696 0.357555 -1.22374
FixedParameters: 0 0 0

#Transform 111
Transform: AffineTransform_float_3_3
Parameters: 0.999998 -0.000960807 -0.00170397 0.00091519 0.999643 -0.0266836 0.00172904 0.0266814 0.999643 0.200388 0.390002 -1.14317
FixedParameters: 0 0 0

#Transform 112
Transform: AffineTransform_float_3_3
Parameters: 0.999997 -0.000748528 -0.00239493 0.00068047 0.999605 -0.0280737 0.00241505 0.0280723 0.999603 0.210757 0.390086 -1.20114
FixedParameters: 0 0 0

#Transform 113
Transform: AffineTransform_float_3_3
Parameters: 0.999986 -0.00125905 -0.00503272 0.00117495 0.999861 -0.0166682 0.00505328 0.0166629 0.999849 0.159416 0.354303 -1.1524
FixedParameters: 0 0 0

#Transform 114
Transform: AffineTransform_float_3_3
Parameters: 0.999714 -0.0119395 -0.0206948 0.0118105 0.99991 -0.00636923 0.0207682 0.00612378 0.999765 0.158519 0.425116 -1.62716
FixedParameters: 0 0 0

#Transform 115
Transform: AffineTransform_float_3_3
Parameters: 0.999947 0.0020892 -0.0101375 -0.0021908 0.999947 -0.0100413 0.0101155 0.0100627 0.999898 -0.0157537 0.290206 -1.91342
FixedParameters: 0 0 0

#Transform 116
Transform: AffineTransform_float_3_3
Parameters: 0.999854 -0.0126223 -0.0115819 0.0124317 0.999787 -0.0164464 0.0117871 0.0162996 0.999797 0.0215057 0.411904 -2.80573
FixedParameters: 0 0 0

#Transform 117
Transform: AffineTransform_float_3_3
Parameters: 0.999955 -0.00684447 -0.00646224 0.00661953 0.99939 -0.0342903 0.00669277 0.0342457 0.999391 0.134525 0.445487 -3.39872
FixedParameters: 0 0 0

#Transform 118
Transform: AffineTransform_float_3_3
Parameters: 0.999973 -0.00490868 -0.00559092 0.00470335 0.999332 -0.0362253 0.0057641 0.0361977 0.999328 0.148714 0.369418 -3.01401
FixedParameters: 0 0 0

#Transform 119
Transform: AffineTransform_float_3_3
Parameters: 0.999982 -0.00411853 -0.0041923 0.00395649 0.999268 -0.0380642 0.00434571 0.0380468 0.999266 0.164143 0.411073 -2.62595
FixedParameters: 0 0 0

#Transform 120
Transform: AffineTransform_float_3_3
Parameters: 0.999955 -0.00154377 -0.00938632 0.00135823 0.999803 -0.0197666 0.00941467 0.0197523 0.99976 0.133382 0.327737 -2.19418
FixedParameters: 0 0 0

#Transform 121
Transform: AffineTransform_float_3_3
Parameters: 0.999923 -0.00132082 -0.0122826 0.00113717 0.999888 -0.0149611 0.0123014 0.0149459 0.999812 0.162653 0.521259 -2.19951
FixedParameters: 0 0 0

#Transform 122
Transform: AffineTransform_float_3_3
Parameters: 0.999931 -0.00135065 -0.0116612 0.00113734 0.999831 -0.0183085 0.0116848 0.0182945 0.999765 0.15623 0.538577 -2.04199
FixedParameters: 0 0 0

#Transform 123
Transform: AffineTransform_float_3_3
Parameters: 0.999963 -0.00193498 -0.00838917 0.00173402 0.999713 -0.0238984 0.00843284 0.0238836 0.999679 0.133043 0.501741 -1.73686
FixedParameters: 0 0 0

#Transform 124
Transform: AffineTransform_float_3_3
Parameters: 0.999977 -0.00207926 -0.00635704 0.00186874 0.999456 -0.0329046 0.00642196 0.0328924 0.999439 0.1387 0.547758 -1.42066
FixedParameters: 0 0 0

#Transform 125
Transform: AffineTransform_float_3_3
Parameters: 0.999975 -0.00163479 -0.0069 0.0014172 0.999504 -0.0314526 0.00694801 0.0314415 0.999482 0.140943 0.453542 -1.62293
FixedParameters: 0 0 0

#Transform 126
Transform: AffineTransform_float_3_3
Parameters: 0.999972 -0.00122014 -0.00729645 0.000998843 0.999543 -0.0302351 0.00733055 0.0302269 0.999516 0.13244 0.482146 -1.70775
FixedParameters: 0 0 0

#Transform 127
Transform: AffineTransform_float_3_3
Parameters: 0.999971 -0.00154759 -0.0073937 0.00132339 0.999545 -0.0301517 0.00743727 0.0301404 0.999518 0.12966 0.4774 -1.6492
FixedParameters: 0 0 0

#Transform 128
Transform: AffineTransform_float_3_3
Parameters: 0.999974 -0.0013268 -0.00717544 0.00111018 0.99955 -0.0299968 0.00721255 0.0299872 0.999524 0.119511 0.408139 -1.73588
FixedParameters: 0 0 0

#Transform 129
Transform: AffineTransform_float_3_3
Parameters: 0.99997 -0.00141184 -0.007533 0.00118516 0.999548 -0.0300328 0.007572 0.0300232 0.99952 0.132703 0.510407 -1.6581
FixedParameters: 0 0 0

#Transform 130
Transform: AffineTransform_float_3_3
Parameters: 0.999969 -0.00180903 -0.00766675 0.00158099 0.999559 -0.0296451 0.00771625 0.029632 0.999531 0.12363 0.424059 -1.70943
FixedParameters: 0 0 0

#Transform 131
Transform: AffineTransform_float_3_3
Parameters: 0.99996 -0.00121218 -0.00886322 0.000987828 0.99968 -0.0252537 0.00889077 0.0252442 0.999642 0.0872602 0.469038 -1.72362
FixedParameters: 0 0 0

#Transform 132
Transform: AffineTransform_float_3_3
Parameters: 0.999966 -0.00126754 -0.00815572 0.00108546 0.999749 -0.0223466 0.00818229 0.0223374 0.999717 0.087863 0.50359 -1.4821
FixedParameters: 0 0 0

#Transform 133
Transform: AffineTransform_float_3_3
Parameters: 0.999973 -0.00100724 -0.00728157 0.000793783 0.999569 -0.0293646 0.00730746 0.0293585 0.999542 0.0990033 0.451771 -1.75329
FixedParameters: 0 0 0

#Transform 134
Transform: AffineTransform_float_3_3
Parameters: 0.999968 -0.00134817 -0.00791466 0.00111382 0.999563 -0.0295168 0.00795133 0.0295072 0.999533 0.117851 0.475439 -1.76347
FixedParameters: 0 0 0

#Transform 135
Transform: AffineTransform_float_3_3
Parameters: 0.999968 -0.000743357 -0.0080399 0.00051164 0.999583 -0.0288641 0.00805813 0.028859 0.999551 0.120113 0.466968 -1.73823
FixedParameters: 0 0 0

#Transform 136
Transform: AffineTransform_float_3_3
Parameters: 0.999957 -0.0010646 -0.00921994 0.000795396 0.999576 -0.0290876 0.00924705 0.0290784 0.999535 0.136596 0.444504 -1.89999
FixedParameters: 0 0 0

#Transform 137
Transform: AffineTransform_float_3_3
Parameters: 0.999958 -0.00128612 -0.00910023 0.00101888 0.99957 -0.0292975 0.00913377 0.0292865 0.99953 0.154495 0.466611 -1.83433
FixedParameters: 0 0 0

#Transform 138
Transform: AffineTransform_float_3_3
Parameters: 0.99996 -0.00117344 -0.00887241 0.000902538 0.999536 -0.0304242 0.00890457 0.0304147 0.999497 0.156799 0.501923 -1.77233
FixedParameters: 0 0 0

#Transform 139
Transform: AffineTransform_float_3_3
Parameters: 0.999963 -0.00154311 -0.00853218 0.0012839 0.999541 -0.0302911 0.00857482 0.0302789 0.999504 0.146895 0.476126 -1.76293
FixedParameters: 0 0 0

#Transform 140
Transform: AffineTransform_float_3_3
Parameters: 0.999967 -0.00152414 -0.008007 0.00128487 0.999552 -0.0299103 0.00804903 0.0298997 0.999521 0.150703 0.493812 -1.73618
FixedParameters: 0 0 0

#Transform 141
Transform: AffineTransform_float_3_3
Parameters: 0.999964 -0.00176392 -0.008273 0.00151608 0.999553 -0.0298786 0.00832201 0.0298644 0.99952 0.140623 0.448539 -1.82855
FixedParameters: 0 0 0

#Transform 142
Transform: AffineTransform_float_3_3
Parameters: 0.999962 -0.00186755 -0.00849771 0.00160648 0.999528 -0.0306818 0.0085503 0.0306672 0.999493 0.159599 0.467553 -1.79121
FixedParameters: 0 0 0

#Transform 143
Transform: AffineTransform_float_3_3
Parameters: 0.999962 -0.00182149 -0.00852914 0.00155852 0.999528 -0.0306815 0.00858084 0.0306675 0.999493 0.165528 0.483123 -1.65649
FixedParameters: 0 0 0

#Transform 144
Transform: AffineTransform_float_3_3
Parameters: 0.999954 -0.00214552 -0.00942339 0.00184449 0.999489 -0.0318899 0.00948663 0.0318711 0.999447 0.180619 0.462312 -1.91931
FixedParameters: 0 0 0

#Transform 145
Transform: AffineTransform_float_3_3
Parameters: 0.99996 -0.00261171 -0.00852665 0.00234827 0.999523 -0.0307933 0.00860337 0.0307718 0.99949 0.183664 0.449424 -1.78194
FixedParameters: 0 0 0

#Transform 146
Transform: AffineTransform_float_3_3
Parameters: 0.999963 -0.00253746 -0.00814646 0.00227052 0.999464 -0.0326747 0.00822555 0.0326553 0.999433 0.188064 0.426174 -1.7632
FixedParameters: 0 0 0

#Transform 147
Transform: AffineTransform_float_3_3
Parameters: 0.999975 -0.00499258 -0.00499533 0.00483544 0.999506 -0.0310739 0.00514768 0.0310491 0.999504 0.118961 0.526342 -2.31704
FixedParameters: 0 0 0

#Transform 148
Transform: AffineTransform_float_3_3
Parameters: 0.999981 -0.00116495 -0.0060837 0.00100607 0.999659 -0.0260656 0.00611129 0.0260594 0.999641 0.108531 0.521655 -1.19478
FixedParameters: 0 0 0

#Transform 149
Transform: AffineTransform_float_3_3
Parameters: 0.99997 -0.00156147 -0.00760779 0.00132852 0.999531 -0.030597 0.00765222 0.030586 0.999503 0.147214 0.47305 -1.45511
FixedParameters: 0 0 0

#Transform 150
Transform: AffineTransform_float_3_3
Parameters: 0.99997 -0.00149025 -0.00767972 0.00125875 0.999548 -0.0300286 0.00772127 0.0300184 0.999519 0.150726 0.478789 -1.4364
FixedParameters: 0 0 0

#Transform 151
Transform: AffineTransform_float_3_3
Parameters: 0.999966 -0.00145961 -0.00803363 0.00121037 0.999519 -0.0309888 0.00807538 0.0309773 0.999488 0.157026 0.506762 -1.4617
FixedParameters: 0 0 0

#Transform 152
Transform: AffineTransform_float_3_3
Parameters: 0.999966 -0.0015332 -0.00801613 0.0012888 0.999537 -0.0303813 0.00805887 0.0303696 0.999506 0.167296 0.47513 -1.42989
FixedParameters: 0 0 0

#Transform 153
Transform: AffineTransform_float_3_3
Parameters: 0.999966 -0.00147511 -0.0081223 0.0012099 0.99947 -0.032548 0.0081657 0.0325371 0.999437 0.170278 0.493566 -1.58596
FixedParameters: 0 0 0

#Transform 154
Transform: AffineTransform_float_3_3
Parameters: 0.99997 -0.00123506 -0.00761786 0.00100194 0.999533 -0.0305215 0.00765214 0.0305134 0.999505 0.149578 0.495649 -1.37805
FixedParameters: 0 0 0

#Transform 155
Transform: AffineTransform_float_3_3
Parameters: 0.999978 -0.00092832 -0.00655442 0.000742668 0.999602 -0.0282195 0.00657858 0.0282145 0.999581 0.157036 0.497376 -1.23032
FixedParameters: 0 0 0

#Transform 156
Transform: AffineTransform_float_3_3
Parameters: 0.99998 -0.00119684 -0.00618404 0.00102416 0.999611 -0.0278779 0.00621497 0.0278711 0.999592 0.143438 0.468143 -1.2731
FixedParameters: 0 0 0

#Transform 157
Transform: AffineTransform_float_3_3
Parameters: 0.999975 -0.00134732 -0.00693193 0.00113468 0.999529 -0.0306856 0.0069701 0.0306774 0.999505 0.176158 0.483756 -1.42331
FixedParameters: 0 0 0

#Transform 158
Transform: AffineTransform_float_3_3
Parameters: 0.99998 -0.000760458 -0.00638301 0.000544542 0.999432 -0.0336892 0.00640498 0.0336848 0.999412 0.163423 0.505403 -1.53324
FixedParameters: 0 0 0

#Transform 159
Transform: AffineTransform_float_3_3
Parameters: 0.999956 -0.00233278 -0.0091512 0.00204423 0.999503 -0.0314391 0.00921981 0.0314199 0.999464 0.230355 0.448823 -2.01477
FixedParameters: 0 0 0
