# transform file /out/sourcedata/freesurfer/sub-v2s1x29874_ses-1/mri/transforms/cc_up.lta
# created by oesteban on Wed Mar 11 21:46:53 2026

type      = 0 # LINEAR_VOX_TO_VOX
nxforms   = 1
mean      = 132.0000 131.0000 129.0000
sigma     = 10000.0000
1 4 4
9.953044652938843e-01 -1.070998515933752e-02 9.619817137718201e-02 -1.242202472686768e+01 
1.066030841320753e-02 9.999425411224365e-01 1.030340208671987e-03 1.248945522308350e+01 
-9.620369225740433e-02 0.000000000000000e+00 9.953615665435791e-01 1.610836982727051e+01 
0.000000000000000e+00 0.000000000000000e+00 0.000000000000000e+00 1.000000000000000e+00 
src volume info
valid = 1  # volume info valid
filename = /out/sourcedata/freesurfer/sub-v2s1x29874_ses-1/mri/norm.mgz
volume = 256 256 256
voxelsize = 8.999999165534973e-01 8.999999165534973e-01 8.999999165534973e-01
xras   = -1.000000119209290e+00 0.000000000000000e+00 0.000000000000000e+00
yras   = 0.000000000000000e+00 0.000000000000000e+00 -1.000000000000000e+00
zras   = 0.000000000000000e+00 1.000000119209290e+00 0.000000000000000e+00
cras   = 1.744720458984375e+00 1.114540100097656e+01 8.270385742187500e+00
dst volume info
valid = 1  # volume info valid
filename = /out/sourcedata/freesurfer/sub-v2s1x29874_ses-1/mri/norm.mgz
volume = 256 256 256
voxelsize = 8.999999165534973e-01 8.999999165534973e-01 8.999999165534973e-01
xras   = -1.000000119209290e+00 0.000000000000000e+00 0.000000000000000e+00
yras   = 0.000000000000000e+00 0.000000000000000e+00 -1.000000000000000e+00
zras   = 0.000000000000000e+00 1.000000119209290e+00 0.000000000000000e+00
cras   = 1.744720458984375e+00 1.114540100097656e+01 8.270385742187500e+00
