#Insight Transform File V1.0
#Transform 0
Transform: AffineTransform_float_3_3
Parameters: 0.999995 -0.00203135 -0.00237955 0.00203964 0.999993 0.00321516 0.00237245 -0.00321983 0.999992 0.0449838 -0.105115 0.714383
FixedParameters: 0 0 0

#Transform 1
Transform: AffineTransform_float_3_3
Parameters: 0.999997 -0.00144449 -0.00163711 0.00144751 0.999996 0.00214664 0.0016339 -0.00214837 0.999997 -0.00286042 0.0513295 0.29781
FixedParameters: 0 0 0

#Transform 2
Transform: AffineTransform_float_3_3
Parameters: 0.999999 -0.00114429 -0.00144536 0.00114571 0.999998 0.00118435 0.00144464 -0.00118665 0.999999 -0.00533884 0.0418373 0.175207
FixedParameters: 0 0 0

#Transform 3
Transform: AffineTransform_float_3_3
Parameters: 0.999999 -0.00072742 -0.00131632 0.000728579 0.999999 0.000440041 0.00131568 -0.000440957 0.999999 -0.00299007 0.0724516 0.181863
FixedParameters: 0 0 0

#Transform 4
Transform: AffineTransform_float_3_3
Parameters: 0.999999 -0.000728013 -0.00136699 0.000727987 0.999999 -9.99516e-06 0.00136701 9.00481e-06 0.999999 -0.00487481 0.0839616 0.169866
FixedParameters: 0 0 0

#Transform 5
Transform: AffineTransform_float_3_3
Parameters: 0.999999 -0.000866011 -0.00123699 0.000865988 0.999999 -1.00712e-05 0.00123701 8.92875e-06 0.999999 -0.00839873 0.052873 0.171364
FixedParameters: 0 0 0

#Transform 6
Transform: AffineTransform_float_3_3
Parameters: 0.999999 -0.000729894 -0.00167017 0.000728107 0.999999 -0.00113422 0.00167083 0.00113278 0.999998 -0.000845245 0.0877377 0.185365
FixedParameters: 0 0 0

#Transform 7
Transform: AffineTransform_float_3_3
Parameters: 0.999999 -0.00111335 -0.000764494 0.00111265 1 -0.000454851 0.000764506 0.000454149 0.999999 -0.0136754 0.098412 0.164137
FixedParameters: 0 0 0

#Transform 8
Transform: AffineTransform_float_3_3
Parameters: 0.999999 -0.00051461 -0.000670532 0.00051439 1 -0.000910346 0.000670468 0.000909656 1 0.00355052 0.0431784 0.147566
FixedParameters: 0 0 0

#Transform 9
Transform: AffineTransform_float_3_3
Parameters: 0.999999 -0.000263865 -0.00144484 0.000263134 1 -0.000599381 0.00144516 0.000598619 0.999999 0.0289056 0.0738199 0.244716
FixedParameters: 0 0 0

#Transform 10
Transform: AffineTransform_float_3_3
Parameters: 0.999999 -0.000263831 -0.000733701 0.000263169 1 -0.00113319 0.000733298 0.00113281 0.999999 0.0130763 0.0933862 0.163375
FixedParameters: 0 0 0

#Transform 11
Transform: AffineTransform_float_3_3
Parameters: 0.999999 -0.000360342 -0.000727336 0.000358658 0.999998 -0.00184526 0.000727663 0.00184474 0.999998 0.00703768 0.0629617 0.136878
FixedParameters: 0 0 0

#Transform 12
Transform: AffineTransform_float_3_3
Parameters: 1 -0.00106003 -3.62675e-05 0.00105998 0.999999 -0.000691039 3.67324e-05 0.000690961 1 -0.00410611 0.105369 0.294323
FixedParameters: 0 0 0

#Transform 13
Transform: AffineTransform_float_3_3
Parameters: 1 -0.000622952 4.56566e-05 0.000623047 1 -0.00105397 -4.43433e-05 0.00105403 1 -0.00546506 0.0725477 0.214858
FixedParameters: 0 0 0

#Transform 14
Transform: AffineTransform_float_3_3
Parameters: 0.999999 -0.000622775 -0.00073719 0.000622225 1 0.000305541 0.00073681 -0.000305459 0.999999 0.0111392 0.0462109 0.275406
FixedParameters: 0 0 0

#Transform 15
Transform: AffineTransform_float_3_3
Parameters: 1 -0.000207161 -0.000176811 0.000207839 0.999999 -0.000910036 0.000177189 0.000909963 0.999999 0.00995636 0.0821306 0.186496
FixedParameters: 0 0 0

#Transform 16
Transform: AffineTransform_float_3_3
Parameters: 1 -0.000207174 -0.000200821 0.000207826 0.999999 -0.000866041 0.00020118 0.000865958 0.999999 0.00757089 0.0131419 0.0883899
FixedParameters: 0 0 0

#Transform 17
Transform: AffineTransform_float_3_3
Parameters: 1 -0.000207542 -0.000460757 0.000207459 1 -0.0011741 0.000461244 0.00117491 0.999999 0.0100551 0.0793605 0.0678608
FixedParameters: 0 0 0

#Transform 18
Transform: AffineTransform_float_3_3
Parameters: 1 -0.000206968 -0.00065001 0.000207032 1 4.88654e-05 0.00064999 -4.91345e-05 1 0.0101622 0.0236166 0.0910473
FixedParameters: 0 0 0

#Transform 19
Transform: AffineTransform_float_3_3
Parameters: 0.999999 -0.000366547 -0.000650255 0.000366452 0.999999 0.000695761 0.000649745 -0.000696238 0.999999 0.00548438 0.044884 0.116889
FixedParameters: 0 0 0

#Transform 20
Transform: AffineTransform_float_3_3
Parameters: 1 4.99398e-05 -0.000533005 -5.00602e-05 1 -0.000112973 0.000532994 0.000113027 1 0.0172317 0.0130581 0.00908279
FixedParameters: 0 0 0

#Transform 21
Transform: AffineTransform_float_3_3
Parameters: 1 0.000147988 -0.000115015 -0.000148011 1 -9.9983e-05 0.000114985 0.000100017 1 0.0190395 0.0108852 -0.0461513
FixedParameters: 0 0 0

#Transform 22
Transform: AffineTransform_float_3_3
Parameters: 1 1.20152e-05 3.6995e-05 -1.19848e-05 1 -0.000412 -3.70049e-05 0.000411999 1 0.0103487 0.0589184 0.16457
FixedParameters: 0 0 0

#Transform 23
Transform: AffineTransform_float_3_3
Parameters: 1 0.000351491 0.00038355 -0.000351509 0.999999 -0.00128014 -0.00038345 0.00127987 0.999999 0.0125745 0.0352819 0.108511
FixedParameters: 0 0 0

#Transform 24
Transform: AffineTransform_float_3_3
Parameters: 1 0.000176613 0.000682842 -0.000175387 1 -0.000897121 -0.000683158 0.00089688 1 0.00719763 0.0528358 0.103496
FixedParameters: 0 0 0

#Transform 25
Transform: AffineTransform_float_3_3
Parameters: 0.999999 0.000427842 0.000661456 -0.000426159 0.999999 -0.00127228 -0.000661542 0.00127172 0.999999 0.0105424 0.0161392 -0.0531172
FixedParameters: 0 0 0

#Transform 26
Transform: AffineTransform_float_3_3
Parameters: 0.999999 0.000513935 0.000635245 -0.000513066 0.999999 -0.00147033 -0.000635755 0.00147067 0.999998 0.0123942 0.0622811 0.0092722
FixedParameters: 0 0 0

#Transform 27
Transform: AffineTransform_float_3_3
Parameters: 0.999999 0.000513953 0.000727327 -0.000513047 0.999999 -0.00131037 -0.000727672 0.00130963 0.999999 0.00971591 0.0676146 0.011293
FixedParameters: 0 0 0

#Transform 28
Transform: AffineTransform_float_3_3
Parameters: 1 -5.68704e-06 0.000384005 5.31296e-06 0.999999 -0.000814997 -0.000383996 0.000815002 0.999999 0.0140448 0.0393384 0.0383226
FixedParameters: 0 0 0

#Transform 29
Transform: AffineTransform_float_3_3
Parameters: 0.999999 -0.000329855 0.000732065 0.000330145 1 -0.000197758 -0.000731934 0.000198241 0.999999 0.0208644 0.0695538 0.215958
FixedParameters: 0 0 0

#Transform 30
Transform: AffineTransform_float_3_3
Parameters: 0.999998 -5.78191e-06 0.001913 5.21807e-06 1 -0.00011399 -0.001913 0.000114011 0.999998 -0.0100292 0.0496678 0.102835
FixedParameters: 0 0 0

#Transform 31
Transform: AffineTransform_float_3_3
Parameters: 0.999999 0.000595247 0.00124488 -0.000594753 1 -0.000198741 -0.00124512 0.000198259 0.999999 0.0302176 0.0475285 0.106166
FixedParameters: 0 0 0

#Transform 32
Transform: AffineTransform_float_3_3
Parameters: 0.999999 0.000595285 0.00109785 -0.000594715 1 -0.000259653 -0.00109816 0.000259347 1 0.0203169 0.0849239 0.114485
FixedParameters: 0 0 0

#Transform 33
Transform: AffineTransform_float_3_3
Parameters: 0.999998 -0.000494781 0.00185953 0.00049322 1 0.000957919 -0.00185947 -0.000957082 0.999998 0.00475399 0.00602135 0.0679864
FixedParameters: 0 0 0

#Transform 34
Transform: AffineTransform_float_3_3
Parameters: 0.999997 0.000281334 0.00243608 -0.000281667 1 0.000273315 -0.00243592 -0.000273686 0.999997 -0.00344314 0.0720878 0.107407
FixedParameters: 0 0 0

#Transform 35
Transform: AffineTransform_float_3_3
Parameters: 0.999997 0.000283877 0.00243578 -0.000282124 0.999999 -0.000770689 -0.00243522 0.000770311 0.999996 -0.00974657 0.0630751 0.0623017
FixedParameters: 0 0 0

#Transform 36
Transform: AffineTransform_float_3_3
Parameters: 0.999998 0.000667157 0.00198128 -0.000664844 0.999999 -0.00108832 -0.00198273 0.00108768 0.999998 -8.7141e-05 0.0917169 0.0951129
FixedParameters: 0 0 0

#Transform 37
Transform: AffineTransform_float_3_3
Parameters: 0.999997 0.000966069 0.00219665 -0.000962932 0.999998 -0.00139712 -0.00219835 0.00139588 0.999996 0.0107978 0.0544954 -0.0388526
FixedParameters: 0 0 0

#Transform 38
Transform: AffineTransform_float_3_3
Parameters: 0.999997 0.000968003 0.00234694 -0.000962996 0.999998 -0.00213227 -0.00234906 0.00212973 0.999995 0.00640415 0.0583608 -0.0151332
FixedParameters: 0 0 0

#Transform 39
Transform: AffineTransform_float_3_3
Parameters: 0.999999 0.00096684 0.0015416 -0.000963163 0.999997 -0.00248949 -0.0015434 0.00248751 0.999995 0.02211 0.0997078 0.0733003
FixedParameters: 0 0 0

#Transform 40
Transform: AffineTransform_float_3_3
Parameters: 0.999999 0.000966732 0.00152865 -0.000963269 0.999996 -0.00244048 -0.00153035 0.00243852 0.999996 0.0217441 0.122585 0.107172
FixedParameters: 0 0 0

#Transform 41
Transform: AffineTransform_float_3_3
Parameters: 0.999998 3.35173e-05 0.00230594 -2.84844e-05 0.999998 -0.00195907 -0.00230506 0.00195893 0.999996 0.023817 0.0971963 0.120821
FixedParameters: 0 0 0

#Transform 42
Transform: AffineTransform_float_3_3
Parameters: 0.999998 0.000537466 0.00185129 -0.000534535 0.999999 -0.00133199 -0.00185171 0.00133101 0.999998 0.0309335 0.0822174 0.118866
FixedParameters: 0 0 0

#Transform 43
Transform: AffineTransform_float_3_3
Parameters: 1 0.000291797 0.00109352 -0.000290204 0.999998 -0.00164332 -0.00109348 0.00164268 0.999998 0.0298278 0.106372 0.0961877
FixedParameters: 0 0 0

#Transform 44
Transform: AffineTransform_float_3_3
Parameters: 0.999999 0.00067539 0.00166463 -0.000671609 0.999997 -0.00203612 -0.00166637 0.00203488 0.999996 0.0171952 0.0691543 -0.0130602
FixedParameters: 0 0 0

#Transform 45
Transform: AffineTransform_float_3_3
Parameters: 0.999999 0.000315167 0.00134526 -0.00031283 0.999997 -0.00235442 -0.00134674 0.00235358 0.999997 0.0225567 0.114577 -0.0226295
FixedParameters: 0 0 0

#Transform 46
Transform: AffineTransform_float_3_3
Parameters: 0.999998 0.000677164 0.00223744 -0.000671836 0.999997 -0.00230851 -0.00223856 0.00230649 0.999995 0.0124905 0.0750026 -0.144202
FixedParameters: 0 0 0

#Transform 47
Transform: AffineTransform_float_3_3
Parameters: 0.999998 0.000677021 0.00223749 -0.000671979 0.999998 -0.00224451 -0.00223851 0.00224249 0.999995 0.008087 0.0616192 -0.170312
FixedParameters: 0 0 0

#Transform 48
Transform: AffineTransform_float_3_3
Parameters: 0.999996 0.000739114 0.00295398 -0.000731885 0.999996 -0.00274717 -0.00295602 0.00274483 0.999992 0.0174228 0.0439311 -0.229594
FixedParameters: 0 0 0

#Transform 49
Transform: AffineTransform_float_3_3
Parameters: 0.999995 0.000679376 0.0031194 -0.000671625 0.999997 -0.00236411 -0.0031216 0.00236289 0.999993 0.0138649 0.0446858 -0.263741
FixedParameters: 0 0 0

#Transform 50
Transform: AffineTransform_float_3_3
Parameters: 0.999996 0.000882812 0.00248123 -0.000875187 0.999994 -0.00314818 -0.00248377 0.00314582 0.999992 0.0224247 0.0557594 -0.321778
FixedParameters: 0 0 0

#Transform 51
Transform: AffineTransform_float_3_3
Parameters: 0.999996 0.00111594 0.00254153 -0.00110806 0.999994 -0.00312283 -0.00254447 0.00311917 0.999992 0.024667 0.0924369 -0.289402
FixedParameters: 0 0 0

#Transform 52
Transform: AffineTransform_float_3_3
Parameters: 0.999995 0.00114282 0.00274234 -0.00113418 0.999994 -0.00321613 -0.00274666 0.00321288 0.999991 0.0211244 0.119471 -0.287073
FixedParameters: 0 0 0

#Transform 53
Transform: AffineTransform_float_3_3
Parameters: 0.999996 0.000679303 0.00248201 -0.000671698 0.999996 -0.00294168 -0.00248398 0.00294032 0.999992 0.0176808 0.0842711 -0.299884
FixedParameters: 0 0 0

#Transform 54
Transform: AffineTransform_float_3_3
Parameters: 0.999995 0.00106347 0.00298529 -0.00105253 0.999994 -0.00350716 -0.00298871 0.00350384 0.99999 0.00274112 0.155711 -0.271692
FixedParameters: 0 0 0

#Transform 55
Transform: AffineTransform_float_3_3
Parameters: 0.999995 0.000682242 0.00326388 -0.000671761 0.999995 -0.00313721 -0.00326612 0.00313579 0.99999 -0.00263684 0.0843883 -0.301707
FixedParameters: 0 0 0

#Transform 56
Transform: AffineTransform_float_3_3
Parameters: 0.999996 0.00067609 0.00272099 -0.00067191 0.999998 -0.00150383 -0.00272201 0.00150217 0.999995 0.0253355 0.087943 -0.252784
FixedParameters: 0 0 0

#Transform 57
Transform: AffineTransform_float_3_3
Parameters: 0.999997 0.000676258 0.00235278 -0.000671743 0.999998 -0.00180959 -0.00235422 0.00180841 0.999995 0.0212907 0.107297 -0.230755
FixedParameters: 0 0 0

#Transform 58
Transform: AffineTransform_float_3_3
Parameters: 0.999997 0.000677857 0.00227526 -0.000671145 0.999997 -0.00257354 -0.00227674 0.00257247 0.999994 0.0345021 0.0671101 -0.303297
FixedParameters: 0 0 0

#Transform 59
Transform: AffineTransform_float_3_3
Parameters: 0.999997 0.00100617 0.00246089 -0.00100083 0.999998 -0.00210047 -0.00246311 0.00209853 0.999995 0.0242483 0.119688 -0.264738
FixedParameters: 0 0 0

#Transform 60
Transform: AffineTransform_float_3_3
Parameters: 0.999996 0.000964976 0.00288568 -0.000958023 0.999996 -0.00241777 -0.00288832 0.00241522 0.999993 0.0145298 0.0777931 -0.309476
FixedParameters: 0 0 0

#Transform 61
Transform: AffineTransform_float_3_3
Parameters: 0.999997 0.000676859 0.00241164 -0.000671141 0.999997 -0.00201462 -0.00241336 0.00201337 0.999995 0.0325686 0.0831348 -0.264898
FixedParameters: 0 0 0

#Transform 62
Transform: AffineTransform_float_3_3
Parameters: 0.999996 0.000936059 0.00286002 -0.000929943 0.999998 -0.00211867 -0.00286198 0.00211633 0.999993 0.0158662 0.128596 -0.236013
FixedParameters: 0 0 0

#Transform 63
Transform: AffineTransform_float_3_3
Parameters: 0.999995 0.000871388 0.00284605 -0.00086561 0.999997 -0.00224547 -0.00284795 0.00224253 0.999994 0.0240039 0.0701752 -0.276984
FixedParameters: 0 0 0

#Transform 64
Transform: AffineTransform_float_3_3
Parameters: 0.999996 0.000678216 0.00270645 -0.000671786 0.999997 -0.00229683 -0.00270755 0.00229517 0.999993 0.0231598 0.0979049 -0.23849
FixedParameters: 0 0 0

#Transform 65
Transform: AffineTransform_float_3_3
Parameters: 0.999995 0.000679524 0.00289524 -0.000671474 0.999997 -0.00259896 -0.00289775 0.00259704 0.999993 0.020706 0.119705 -0.22324
FixedParameters: 0 0 0

#Transform 66
Transform: AffineTransform_float_3_3
Parameters: 0.999996 0.000677264 0.00293679 -0.000671736 0.999998 -0.00179298 -0.00293821 0.00179102 0.999994 0.0318475 0.105805 -0.136229
FixedParameters: 0 0 0

#Transform 67
Transform: AffineTransform_float_3_3
Parameters: 0.999995 0.000673535 0.00304666 -0.000671464 0.999999 -0.000505048 -0.00304734 0.00050295 0.999995 0.0210644 0.0958816 -0.142246
FixedParameters: 0 0 0

#Transform 68
Transform: AffineTransform_float_3_3
Parameters: 0.999993 0.000678127 0.00347881 -0.000671872 0.999998 -0.00176235 -0.00348019 0.00175965 0.999993 0.0161612 0.106844 -0.080128
FixedParameters: 0 0 0

#Transform 69
Transform: AffineTransform_float_3_3
Parameters: 0.999996 0.000617686 0.00294102 -0.000613314 0.999998 -0.00159381 -0.00294198 0.00159219 0.999995 0.0314016 0.102237 -0.0609304
FixedParameters: 0 0 0

#Transform 70
Transform: AffineTransform_float_3_3
Parameters: 0.999995 0.0001454 0.00337765 -0.0001366 0.999997 -0.00248748 -0.00337735 0.00248652 0.999991 0.0202744 0.128291 -0.118769
FixedParameters: 0 0 0

#Transform 71
Transform: AffineTransform_float_3_3
Parameters: 0.999997 -0.000724897 0.00261548 0.000722105 1 0.000725892 -0.00261553 -0.000724107 0.999997 0.0274943 0.0798961 -0.100131
FixedParameters: 0 0 0

#Transform 72
Transform: AffineTransform_float_3_3
Parameters: 0.999994 -8.06361e-05 0.00327508 8.43662e-05 1 -0.00102773 -0.00327491 0.00102727 0.999994 0.0329063 0.110783 -0.122066
FixedParameters: 0 0 0

#Transform 73
Transform: AffineTransform_float_3_3
Parameters: 0.999992 -8.11925e-05 0.00382406 8.381e-05 0.999999 -0.000734685 -0.00382394 0.000734316 0.999993 0.0169446 0.0736537 -0.117202
FixedParameters: 0 0 0

#Transform 74
Transform: AffineTransform_float_3_3
Parameters: 0.999989 -8.02471e-05 0.00468406 8.3751e-05 0.999999 -0.000800616 -0.00468393 0.000801384 0.999988 0.0216568 0.105604 -0.130947
FixedParameters: 0 0 0

#Transform 75
Transform: AffineTransform_float_3_3
Parameters: 0.999987 -0.000482112 0.00509046 0.000486886 1 -0.000958534 -0.00509053 0.000961467 0.999986 0.00528619 0.0527692 -0.127001
FixedParameters: 0 0 0

#Transform 76
Transform: AffineTransform_float_3_3
Parameters: 0.999984 -0.000483644 0.00552529 0.000487357 0.999999 -0.000606316 -0.0055247 0.000608681 0.999984 -0.000334584 0.0996848 -0.0881306
FixedParameters: 0 0 0

#Transform 77
Transform: AffineTransform_float_3_3
Parameters: 0.999988 -0.000111995 0.00499809 0.000116002 0.999999 -0.00080043 -0.00499791 0.00080157 0.999987 0.0120035 0.09426 -0.15346
FixedParameters: 0 0 0

#Transform 78
Transform: AffineTransform_float_3_3
Parameters: 0.999988 -2.48665e-05 0.00488406 3.41328e-05 0.999999 -0.00186986 -0.00488395 0.00187014 0.999987 -0.0115624 0.106623 -0.167513
FixedParameters: 0 0 0

#Transform 79
Transform: AffineTransform_float_3_3
Parameters: 0.99999 -2.38476e-05 0.00450807 3.41517e-05 0.999998 -0.00225187 -0.00450794 0.00225213 0.999988 -0.007651 0.161294 -0.161807
FixedParameters: 0 0 0

#Transform 80
Transform: AffineTransform_float_3_3
Parameters: 0.99999 0.000390472 0.00444684 -0.000376529 0.999996 -0.0030297 -0.00444816 0.00302829 0.999985 -0.017303 0.129973 -0.247501
FixedParameters: 0 0 0

#Transform 81
Transform: AffineTransform_float_3_3
Parameters: 0.999988 0.00126695 0.0045718 -0.00125905 0.999997 -0.00174078 -0.00457419 0.00173522 0.999988 -0.00453499 0.10838 -0.188501
FixedParameters: 0 0 0

#Transform 82
Transform: AffineTransform_float_3_3
Parameters: 0.99999 0.000798921 0.00426789 -0.00079308 0.999998 -0.0013884 -0.0042691 0.0013856 0.99999 0.019522 0.11163 -0.167812
FixedParameters: 0 0 0

#Transform 83
Transform: AffineTransform_float_3_3
Parameters: 0.999985 0.000686698 0.00541078 -0.000676305 0.999998 -0.00179369 -0.00541122 0.00179031 0.999984 0.0136282 0.105567 -0.221541
FixedParameters: 0 0 0

#Transform 84
Transform: AffineTransform_float_3_3
Parameters: 0.999989 0.000440409 0.004525 -0.000430591 0.999998 -0.00230097 -0.004526 0.00229903 0.999987 0.0307894 0.0828954 -0.192837
FixedParameters: 0 0 0

#Transform 85
Transform: AffineTransform_float_3_3
Parameters: 0.999987 0.00027973 0.00499868 -0.000273267 1 -0.00114738 -0.00499931 0.00114562 0.999987 0.00578364 0.103954 -0.229254
FixedParameters: 0 0 0

#Transform 86
Transform: AffineTransform_float_3_3
Parameters: 0.999984 0.000249038 0.00560956 -0.00023896 0.999999 -0.00179037 -0.00561044 0.00178863 0.999982 0.00695665 0.118407 -0.295866
FixedParameters: 0 0 0

#Transform 87
Transform: AffineTransform_float_3_3
Parameters: 0.999986 0.000197922 0.00538765 -0.000188078 0.999999 -0.00184204 -0.00538836 0.00184096 0.999984 0.0204087 0.0964867 -0.258542
FixedParameters: 0 0 0

#Transform 88
Transform: AffineTransform_float_3_3
Parameters: 0.999985 0.000687838 0.00540163 -0.000677163 0.999998 -0.00200769 -0.00540337 0.00200431 0.999984 0.0311736 0.126813 -0.255729
FixedParameters: 0 0 0

#Transform 89
Transform: AffineTransform_float_3_3
Parameters: 0.999984 0.000363508 0.00552419 -0.000350493 0.999998 -0.00226497 -0.00552481 0.00226303 0.999982 0.0287493 0.131488 -0.165146
FixedParameters: 0 0 0

#Transform 90
Transform: AffineTransform_float_3_3
Parameters: 0.999987 -0.000387096 0.00505854 0.000393905 0.999999 -0.00136403 -0.00505847 0.00136598 0.999987 0.0102868 0.0835055 -0.0230508
FixedParameters: 0 0 0

#Transform 91
Transform: AffineTransform_float_3_3
Parameters: 0.999987 -0.000357593 0.0050586 0.000365408 0.999998 -0.00166117 -0.0050584 0.00166283 0.999986 0.0178503 0.150441 0.0661567
FixedParameters: 0 0 0

#Transform 92
Transform: AffineTransform_float_3_3
Parameters: 0.999982 7.28649e-05 0.00589179 -5.4138e-05 0.999995 -0.00320137 -0.0058922 0.00320162 0.999977 0.00340894 0.136856 0.0386734
FixedParameters: 0 0 0

#Transform 93
Transform: AffineTransform_float_3_3
Parameters: 0.99998 7.02363e-05 0.00641785 -5.37608e-05 0.999997 -0.0025304 -0.00641816 0.0025296 0.999976 0.0106866 0.156583 -0.0245186
FixedParameters: 0 0 0

#Transform 94
Transform: AffineTransform_float_3_3
Parameters: 0.999982 6.15368e-05 0.00601093 -5.34611e-05 0.999999 -0.00125434 -0.00601107 0.00125365 0.999981 0.0123696 0.126584 -0.189038
FixedParameters: 0 0 0

#Transform 95
Transform: AffineTransform_float_3_3
Parameters: 0.999975 5.53355e-05 0.00699898 -5.36618e-05 1 -0.00019138 -0.006999 0.000190617 0.999975 0.0131507 0.0646301 -0.137986
FixedParameters: 0 0 0

#Transform 96
Transform: AffineTransform_float_3_3
Parameters: 0.999975 6.21588e-05 0.00710193 -5.38394e-05 1 -0.00114941 -0.00710107 0.00114859 0.999974 0.0108607 0.136286 -0.0492182
FixedParameters: 0 0 0

#Transform 97
Transform: AffineTransform_float_3_3
Parameters: 0.999974 0.000195131 0.00712247 -0.000174872 0.999996 -0.00282632 -0.00712352 0.00282568 0.99997 -0.00517291 0.144694 -0.111623
FixedParameters: 0 0 0

#Transform 98
Transform: AffineTransform_float_3_3
Parameters: 0.999974 7.79774e-05 0.00710678 -5.40186e-05 0.999995 -0.00337447 -0.00710722 0.00337353 0.999969 0.00995155 0.156397 -0.146465
FixedParameters: 0 0 0

#Transform 99
Transform: AffineTransform_float_3_3
Parameters: 0.999971 8.89287e-05 0.00759167 -5.40733e-05 0.99999 -0.00460054 -0.00759233 0.00460046 0.99996 0.00167227 0.208343 -0.145066
FixedParameters: 0 0 0

#Transform 100
Transform: AffineTransform_float_3_3
Parameters: 0.999973 0.000285234 0.00731713 -0.000261767 0.999995 -0.003176 -0.00731787 0.003174 0.999968 0.0138745 0.124804 -0.166897
FixedParameters: 0 0 0

#Transform 101
Transform: AffineTransform_float_3_3
Parameters: 0.999975 -0.00121304 0.00689026 0.00123696 0.999993 -0.00347456 -0.00688674 0.00348244 0.99997 0.00480781 0.278889 -0.0700936
FixedParameters: 0 0 0

#Transform 102
Transform: AffineTransform_float_3_3
Parameters: 0.999978 -0.000297503 0.00670094 0.000318504 0.999996 -0.00305893 -0.00670006 0.00306006 0.999973 0.0179594 0.146178 -0.0179951
FixedParameters: 0 0 0

#Transform 103
Transform: AffineTransform_float_3_3
Parameters: 0.999975 -0.000159885 0.00698351 0.000180122 0.999996 -0.00302382 -0.00698348 0.00302419 0.999971 0.0124884 0.16962 -0.0193553
FixedParameters: 0 0 0

#Transform 104
Transform: AffineTransform_float_3_3
Parameters: 0.999975 0.000309825 0.00709704 -0.000287174 0.999995 -0.00321712 -0.00709796 0.00321488 0.999969 0.0082424 0.163912 -0.109615
FixedParameters: 0 0 0

#Transform 105
Transform: AffineTransform_float_3_3
Parameters: 0.999974 0.000261731 0.00730119 -0.000237263 0.999994 -0.00325182 -0.00730181 0.00324917 0.999968 0.006606 0.133589 -0.215031
FixedParameters: 0 0 0

#Transform 106
Transform: AffineTransform_float_3_3
Parameters: 0.999973 0.000418358 0.0073526 -0.000393644 0.999994 -0.00344999 -0.0073534 0.00344702 0.999967 0.0205842 0.197856 -0.178309
FixedParameters: 0 0 0

#Transform 107
Transform: AffineTransform_float_3_3
Parameters: 0.99997 0.000422993 0.00771041 -0.000393016 0.999993 -0.00389015 -0.00771159 0.00388785 0.999962 0.0150741 0.149873 -0.254284
FixedParameters: 0 0 0

#Transform 108
Transform: AffineTransform_float_3_3
Parameters: 0.999966 0.000425343 0.0082534 -0.000393663 0.999992 -0.00391938 -0.00825461 0.00391662 0.999959 0.00992407 0.156246 -0.298281
FixedParameters: 0 0 0

#Transform 109
Transform: AffineTransform_float_3_3
Parameters: 0.999973 0.000427093 0.00742412 -0.000392908 0.99999 -0.00459305 -0.00742588 0.00458996 0.999962 0.0262798 0.193399 -0.241479
FixedParameters: 0 0 0

#Transform 110
Transform: AffineTransform_float_3_3
Parameters: 0.999974 0.000360039 0.00721357 -0.000329967 0.999992 -0.00416449 -0.00721444 0.00416251 0.999966 0.0141579 0.176672 -0.166073
FixedParameters: 0 0 0

#Transform 111
Transform: AffineTransform_float_3_3
Parameters: 0.999974 0.000420585 0.00727646 -0.000393417 0.999992 -0.00379196 -0.00727755 0.00378904 0.999967 0.0210466 0.192015 -0.190613
FixedParameters: 0 0 0

#Transform 112
Transform: AffineTransform_float_3_3
Parameters: 0.999974 0.000414433 0.00718779 -0.000393567 0.999996 -0.00298291 -0.0071892 0.0029801 0.999969 0.0120615 0.146047 -0.196808
FixedParameters: 0 0 0

#Transform 113
Transform: AffineTransform_float_3_3
Parameters: 0.999973 -4.31018e-05 0.00738009 5.68953e-05 0.999998 -0.00188263 -0.0073799 0.00188337 0.999971 0.0303303 0.197102 -0.0251366
FixedParameters: 0 0 0

#Transform 114
Transform: AffineTransform_float_3_3
Parameters: 0.999975 3.42821e-05 0.00705395 -2.17164e-05 0.999998 -0.0018832 -0.00705406 0.00188281 0.999974 0.012825 0.158485 -0.0605634
FixedParameters: 0 0 0

#Transform 115
Transform: AffineTransform_float_3_3
Parameters: 0.999967 0.000677115 0.0080059 -0.000675889 1 -0.000141416 -0.00800609 0.000136583 0.999968 0.00753179 0.0791325 -0.103269
FixedParameters: 0 0 0

#Transform 116
Transform: AffineTransform_float_3_3
Parameters: 0.999967 0.000682431 0.00800545 -0.000676574 1 -0.000805442 -0.00800554 0.000800563 0.999967 0.0249583 0.0956462 -0.158381
FixedParameters: 0 0 0

#Transform 117
Transform: AffineTransform_float_3_3
Parameters: 0.999972 0.000687392 0.00744296 -0.000676614 0.999998 -0.00153208 -0.00744405 0.00152793 0.999971 0.0293397 0.145673 -0.143305
FixedParameters: 0 0 0

#Transform 118
Transform: AffineTransform_float_3_3
Parameters: 0.999971 0.000106752 0.00764091 -0.000100242 0.999999 -0.000884792 -0.00764109 0.00088321 0.999971 0.0235583 0.139168 -0.150291
FixedParameters: 0 0 0

#Transform 119
Transform: AffineTransform_float_3_3
Parameters: 0.999972 0.000421618 0.0073914 -0.000410388 0.999999 -0.00143707 -0.00739259 0.00143492 0.999971 0.0355067 0.130232 -0.0831088
FixedParameters: 0 0 0

#Transform 120
Transform: AffineTransform_float_3_3
Parameters: 0.999967 0.000272662 0.00811281 -0.000267336 0.999999 -0.000699192 -0.00811319 0.00069681 0.999967 0.0279495 0.135457 -0.164687
FixedParameters: 0 0 0

#Transform 121
Transform: AffineTransform_float_3_3
Parameters: 0.999966 0.00069177 0.00819468 -0.000676225 0.999998 -0.00192761 -0.00819631 0.00192139 0.999964 0.0353352 0.150588 -0.225125
FixedParameters: 0 0 0

#Transform 122
Transform: AffineTransform_float_3_3
Parameters: 0.999968 0.000435601 0.00805581 -0.000412395 0.999996 -0.00280741 -0.00805719 0.00280358 0.999963 0.0535265 0.154768 -0.214215
FixedParameters: 0 0 0

#Transform 123
Transform: AffineTransform_float_3_3
Parameters: 0.999972 0.000531401 0.00745778 -0.000514599 0.999997 -0.0023349 -0.00745922 0.0023311 0.99997 0.0569039 0.175886 0.00405697
FixedParameters: 0 0 0

#Transform 124
Transform: AffineTransform_float_3_3
Parameters: 0.99997 0.000573369 0.00770351 -0.000552638 0.999997 -0.00264534 -0.00770449 0.00264166 0.999967 0.0432219 0.191478 -0.0773112
FixedParameters: 0 0 0

#Transform 125
Transform: AffineTransform_float_3_3
Parameters: 0.999973 0.000695943 0.00740015 -0.000676058 0.999996 -0.00269708 -0.00740185 0.00269192 0.999969 0.0468347 0.20217 -0.0957081
FixedParameters: 0 0 0

#Transform 126
Transform: AffineTransform_float_3_3
Parameters: 0.999972 0.000263631 0.0074456 -0.000251369 0.999998 -0.00156291 -0.0074464 0.00156108 0.999971 0.0547439 0.232822 -0.0247423
FixedParameters: 0 0 0

#Transform 127
Transform: AffineTransform_float_3_3
Parameters: 0.999966 0.000279835 0.00831611 -0.000251164 0.999995 -0.00334821 -0.00831689 0.00334579 0.99996 0.0286803 0.197404 -0.10674
FixedParameters: 0 0 0

#Transform 128
Transform: AffineTransform_float_3_3
Parameters: 0.999965 0.000283862 0.00839098 -0.000251136 0.999993 -0.00379824 -0.00839201 0.00379575 0.999957 0.0587853 0.201146 -0.105367
FixedParameters: 0 0 0

#Transform 129
Transform: AffineTransform_float_3_3
Parameters: 0.999958 0.000287137 0.00923198 -0.000251867 0.999992 -0.00380649 -0.00923303 0.00380451 0.99995 0.0338553 0.219895 -0.165169
FixedParameters: 0 0 0

#Transform 130
Transform: AffineTransform_float_3_3
Parameters: 0.999966 -0.000396292 0.00814634 0.000422707 0.999994 -0.00327666 -0.00814565 0.00328033 0.999961 0.0318986 0.168756 -0.197096
FixedParameters: 0 0 0

#Transform 131
Transform: AffineTransform_float_3_3
Parameters: 0.999976 -0.000570286 0.00701072 0.000590713 0.999996 -0.00295293 -0.00700829 0.00295707 0.999971 0.049626 0.243131 0.0399597
FixedParameters: 0 0 0

#Transform 132
Transform: AffineTransform_float_3_3
Parameters: 0.99997 -0.000143707 0.00776853 0.00017029 0.999995 -0.00338378 -0.00776747 0.00338522 0.999964 0.0369926 0.187003 -0.0437352
FixedParameters: 0 0 0

#Transform 133
Transform: AffineTransform_float_3_3
Parameters: 0.999965 -2.08498e-06 0.00829501 1.69143e-05 0.999999 -0.00179792 -0.00829498 0.00179808 0.999964 0.0443756 0.175597 -0.0562543
FixedParameters: 0 0 0

#Transform 134
Transform: AffineTransform_float_3_3
Parameters: 0.999965 0.000125634 0.0082946 -9.6365e-05 0.999993 -0.00357292 -0.0082954 0.00357208 0.999959 0.0392394 0.19885 -0.117966
FixedParameters: 0 0 0

#Transform 135
Transform: AffineTransform_float_3_3
Parameters: 0.999968 2.64805e-06 0.00801904 2.46472e-05 0.999995 -0.00332291 -0.00801896 0.00332309 0.999963 0.0663057 0.167988 -0.123777
FixedParameters: 0 0 0

#Transform 136
Transform: AffineTransform_float_3_3
Parameters: 0.999967 0.000240975 0.00811414 -0.000210019 0.999992 -0.00381883 -0.00811486 0.00381617 0.99996 0.0480545 0.220196 -0.176616
FixedParameters: 0 0 0

#Transform 137
Transform: AffineTransform_float_3_3
Parameters: 0.99997 0.000512267 0.00772618 -0.000483735 0.999993 -0.00365985 -0.00772782 0.00365615 0.999964 0.0569014 0.184915 -0.191511
FixedParameters: 0 0 0

#Transform 138
Transform: AffineTransform_float_3_3
Parameters: 0.999976 -0.000149837 0.00690647 0.000170164 0.999995 -0.00291889 -0.00690653 0.0029201 0.999972 0.0554438 0.187913 -0.138821
FixedParameters: 0 0 0

#Transform 139
Transform: AffineTransform_float_3_3
Parameters: 0.999975 -0.000147497 0.00700051 0.000169501 0.999995 -0.00321389 -0.00699949 0.00321511 0.999971 0.0505979 0.237482 -0.109059
FixedParameters: 0 0 0

#Transform 140
Transform: AffineTransform_float_3_3
Parameters: 0.999975 -0.000549109 0.00708189 0.000572892 0.999994 -0.00337203 -0.00708011 0.00337597 0.999969 0.050996 0.22322 -0.128614
FixedParameters: 0 0 0

#Transform 141
Transform: AffineTransform_float_3_3
Parameters: 0.999968 -0.00054085 0.00800759 0.000564147 0.999995 -0.00288857 -0.0080064 0.00289342 0.999964 0.0450008 0.166549 -0.150647
FixedParameters: 0 0 0

#Transform 142
Transform: AffineTransform_float_3_3
Parameters: 0.999968 -0.00014592 0.00800648 0.000170077 0.999996 -0.00300674 -0.00800553 0.00300827 0.999964 0.0452358 0.227924 -0.108468
FixedParameters: 0 0 0

#Transform 143
Transform: AffineTransform_float_3_3
Parameters: 0.999968 -0.000139322 0.00800659 0.000169685 0.999992 -0.00383176 -0.0080064 0.00383224 0.99996 0.0650545 0.199492 -0.124174
FixedParameters: 0 0 0

#Transform 144
Transform: AffineTransform_float_3_3
Parameters: 0.999972 -0.000449953 0.00748519 0.000485042 0.999989 -0.0046805 -0.00748281 0.0046845 0.999961 0.0662618 0.243692 0.0132285
FixedParameters: 0 0 0

#Transform 145
Transform: AffineTransform_float_3_3
Parameters: 0.999965 -0.00053668 0.00843306 0.000568323 0.999993 -0.00371234 -0.00843095 0.00371666 0.999958 0.0490435 0.269369 -0.0181624
FixedParameters: 0 0 0

#Transform 146
Transform: AffineTransform_float_3_3
Parameters: 0.999969 -0.000546292 0.00792518 0.000577712 0.999993 -0.00387355 -0.00792282 0.00387745 0.999961 0.0634992 0.236711 -0.0450089
FixedParameters: 0 0 0

#Transform 147
Transform: AffineTransform_float_3_3
Parameters: 0.999972 -0.000140853 0.00749961 0.000170144 0.999993 -0.00388584 -0.0074984 0.00388717 0.999965 0.0616852 0.179309 -0.175312
FixedParameters: 0 0 0

#Transform 148
Transform: AffineTransform_float_3_3
Parameters: 0.99997 -0.000720013 0.00762259 0.000746979 0.999993 -0.00353741 -0.0076194 0.00354359 0.999964 0.0483414 0.24818 -0.077432
FixedParameters: 0 0 0

#Transform 149
Transform: AffineTransform_float_3_3
Parameters: 0.999974 -0.000720539 0.00724169 0.000746461 0.999993 -0.00365169 -0.00723932 0.00365731 0.999967 0.0406465 0.239159 -0.0575664
FixedParameters: 0 0 0

#Transform 150
Transform: AffineTransform_float_3_3
Parameters: 0.999974 -0.000722965 0.00724145 0.000747036 0.999994 -0.00331668 -0.00723957 0.00332232 0.999969 0.0556816 0.25748 0.0217777
FixedParameters: 0 0 0

#Transform 151
Transform: AffineTransform_float_3_3
Parameters: 0.99997 -0.000144389 0.00771655 0.000170619 0.999994 -0.00344879 -0.00771646 0.00344922 0.999965 0.0363671 0.243277 -0.118754
FixedParameters: 0 0 0

#Transform 152
Transform: AffineTransform_float_3_3
Parameters: 0.99997 -3.22388e-05 0.00771616 5.97614e-05 0.999994 -0.00346764 -0.00771684 0.00346835 0.999964 0.0460385 0.184869 -0.16627
FixedParameters: 0 0 0

#Transform 153
Transform: AffineTransform_float_3_3
Parameters: 0.999971 -0.000435571 0.00750645 0.000460428 0.999994 -0.00325263 -0.00750554 0.00325636 0.999966 0.0557681 0.221644 -0.15163
FixedParameters: 0 0 0

#Transform 154
Transform: AffineTransform_float_3_3
Parameters: 0.999978 -0.000141428 0.00671856 0.00016557 0.999994 -0.00365697 -0.00671744 0.00365803 0.99997 0.0491847 0.261961 -0.0962171
FixedParameters: 0 0 0

#Transform 155
Transform: AffineTransform_float_3_3
Parameters: 0.999972 -0.000268722 0.0074052 0.000300276 0.999991 -0.00422289 -0.00740379 0.0042251 0.999963 0.0321919 0.23146 -0.176417
FixedParameters: 0 0 0

#Transform 156
Transform: AffineTransform_float_3_3
Parameters: 0.999968 3.15828e-05 0.00791293 1.58405e-06 0.999991 -0.00424412 -0.00791306 0.00424388 0.999959 0.0239801 0.25575 -0.207831
FixedParameters: 0 0 0

#Transform 157
Transform: AffineTransform_float_3_3
Parameters: 0.999968 0.000116819 0.00799158 -8.31773e-05 0.999991 -0.0042328 -0.00799142 0.0042312 0.999959 0.0322002 0.17417 -0.222626
FixedParameters: 0 0 0

#Transform 158
Transform: AffineTransform_float_3_3
Parameters: 0.999967 -4.57762e-05 0.00803426 7.92187e-05 0.999992 -0.0041345 -0.00803374 0.0041355 0.999959 0.0445499 0.219755 -0.16867
FixedParameters: 0 0 0

#Transform 159
Transform: AffineTransform_float_3_3
Parameters: 0.999967 3.26429e-05 0.00805593 -3.55735e-07 0.999992 -0.00405213 -0.00805607 0.00405187 0.99996 0.0411153 0.182824 -0.215888
FixedParameters: 0 0 0
