# transform file /out/sourcedata/freesurfer/sub-v2s1x29911_ses-1/mri/transforms/cc_up.lta
# created by oesteban on Thu Mar 12 21:42:57 2026

type      = 0 # LINEAR_VOX_TO_VOX
nxforms   = 1
mean      = 129.0000 131.0000 115.0000
sigma     = 10000.0000
1 4 4
9.995318055152893e-01 2.169707231223583e-02 2.157647162675858e-02 -6.517189979553223e+00 
-2.169202081859112e-02 9.997646212577820e-01 -4.682565340772271e-04 1.089105415344238e+01 
-2.158155106008053e-02 0.000000000000000e+00 9.997671246528625e-01 1.482121372222900e+01 
0.000000000000000e+00 0.000000000000000e+00 0.000000000000000e+00 1.000000000000000e+00 
src volume info
valid = 1  # volume info valid
filename = /out/sourcedata/freesurfer/sub-v2s1x29911_ses-1/mri/norm.mgz
volume = 256 256 256
voxelsize = 8.999999761581421e-01 8.999999761581421e-01 8.999999761581421e-01
xras   = -9.999999403953552e-01 0.000000000000000e+00 0.000000000000000e+00
yras   = 0.000000000000000e+00 0.000000000000000e+00 -1.000000000000000e+00
zras   = 0.000000000000000e+00 1.000000000000000e+00 0.000000000000000e+00
cras   = 8.385383605957031e+00 4.535195922851562e+01 3.188789367675781e+01
dst volume info
valid = 1  # volume info valid
filename = /out/sourcedata/freesurfer/sub-v2s1x29911_ses-1/mri/norm.mgz
volume = 256 256 256
voxelsize = 8.999999761581421e-01 8.999999761581421e-01 8.999999761581421e-01
xras   = -9.999999403953552e-01 0.000000000000000e+00 0.000000000000000e+00
yras   = 0.000000000000000e+00 0.000000000000000e+00 -1.000000000000000e+00
zras   = 0.000000000000000e+00 1.000000000000000e+00 0.000000000000000e+00
cras   = 8.385383605957031e+00 4.535195922851562e+01 3.188789367675781e+01
