# transform file /out/sourcedata/freesurfer/sub-v2s1x29876_ses-1/mri/transforms/cc_up.lta
# created by oesteban on Wed Mar 11 21:52:46 2026

type      = 0 # LINEAR_VOX_TO_VOX
nxforms   = 1
mean      = 124.0000 131.0000 118.0000
sigma     = 10000.0000
1 4 4
9.960108399391174e-01 6.420361250638962e-02 6.196886301040649e-02 -1.003734779357910e+01 
-6.407970935106277e-02 9.979367256164551e-01 -3.986850846558809e-03 2.270946884155273e+01 
-6.209698319435120e-02 0.000000000000000e+00 9.980700612068176e-01 1.297421455383301e+01 
0.000000000000000e+00 0.000000000000000e+00 0.000000000000000e+00 1.000000000000000e+00 
src volume info
valid = 1  # volume info valid
filename = /out/sourcedata/freesurfer/sub-v2s1x29876_ses-1/mri/norm.mgz
volume = 256 256 256
voxelsize = 9.000000357627869e-01 9.000000357627869e-01 9.000000357627869e-01
xras   = -9.999999403953552e-01 0.000000000000000e+00 0.000000000000000e+00
yras   = 0.000000000000000e+00 0.000000000000000e+00 -1.000000000000000e+00
zras   = 0.000000000000000e+00 1.000000000000000e+00 0.000000000000000e+00
cras   = 8.268363952636719e+00 3.338635253906250e+01 2.963050842285156e+01
dst volume info
valid = 1  # volume info valid
filename = /out/sourcedata/freesurfer/sub-v2s1x29876_ses-1/mri/norm.mgz
volume = 256 256 256
voxelsize = 9.000000357627869e-01 9.000000357627869e-01 9.000000357627869e-01
xras   = -9.999999403953552e-01 0.000000000000000e+00 0.000000000000000e+00
yras   = 0.000000000000000e+00 0.000000000000000e+00 -1.000000000000000e+00
zras   = 0.000000000000000e+00 1.000000000000000e+00 0.000000000000000e+00
cras   = 8.268363952636719e+00 3.338635253906250e+01 2.963050842285156e+01
