# transform file transforms/talairach.lta
# created by oesteban on Wed Mar 11 20:25:11 2026

type      = 0 # LINEAR_VOX_TO_VOX
nxforms   = 1
mean      = 123.0000 133.0000 118.0000
sigma     = 10000.0000
1 4 4
9.708430171012878e-01 5.354976281523705e-02 5.921103060245514e-02 -6.993180751800537e+00 
-7.562097907066345e-02 1.087631106376648e+00 3.828074783086777e-02 -1.646037483215332e+01 
-6.992746144533157e-02 -5.684162676334381e-02 9.384346604347229e-01 1.585001945495605e+01 
0.000000000000000e+00 0.000000000000000e+00 0.000000000000000e+00 1.000000000000000e+00 
src volume info
valid = 1  # volume info valid
filename = nu.mgz
volume = 256 256 256
voxelsize = 9.000000357627869e-01 9.000000357627869e-01 9.000000357627869e-01
xras   = -9.999999403953552e-01 0.000000000000000e+00 0.000000000000000e+00
yras   = 0.000000000000000e+00 0.000000000000000e+00 -1.000000000000000e+00
zras   = 0.000000000000000e+00 1.000000000000000e+00 0.000000000000000e+00
cras   = 8.268363952636719e+00 3.338635253906250e+01 2.963050842285156e+01
dst volume info
valid = 1  # volume info valid
filename = /opt/freesurfer/average/RB_all_2020-01-02.gca
volume = 256 256 256
voxelsize = 1.000000000000000e+00 1.000000000000000e+00 1.000000000000000e+00
xras   = -1.000000000000000e+00 0.000000000000000e+00 0.000000000000000e+00
yras   = 0.000000000000000e+00 0.000000000000000e+00 -1.000000000000000e+00
zras   = 0.000000000000000e+00 1.000000000000000e+00 0.000000000000000e+00
cras   = 0.000000000000000e+00 0.000000000000000e+00 0.000000000000000e+00
