# transform file /out/sourcedata/freesurfer/sub-v2s1x29894_ses-1/mri/transforms/cc_up.lta
# created by oesteban on Thu Mar 12 21:29:18 2026

type      = 0 # LINEAR_VOX_TO_VOX
nxforms   = 1
mean      = 132.0000 130.0000 126.0000
sigma     = 10000.0000
1 4 4
9.907839894294739e-01 -6.092113908380270e-03 1.353152394294739e-01 -1.883318138122559e+01 
6.036080420017242e-03 9.999815225601196e-01 8.243710617534816e-04 1.009719657897949e+01 
-1.353177577257156e-01 0.000000000000000e+00 9.908024072647095e-01 2.010891914367676e+01 
0.000000000000000e+00 0.000000000000000e+00 0.000000000000000e+00 1.000000000000000e+00 
src volume info
valid = 1  # volume info valid
filename = /out/sourcedata/freesurfer/sub-v2s1x29894_ses-1/mri/norm.mgz
volume = 256 256 256
voxelsize = 8.999999165534973e-01 8.999999165534973e-01 8.999999165534973e-01
xras   = -1.000000119209290e+00 0.000000000000000e+00 0.000000000000000e+00
yras   = 0.000000000000000e+00 0.000000000000000e+00 -1.000000000000000e+00
zras   = 0.000000000000000e+00 1.000000119209290e+00 0.000000000000000e+00
cras   = 5.729316711425781e+00 1.977937316894531e+01 3.815541076660156e+01
dst volume info
valid = 1  # volume info valid
filename = /out/sourcedata/freesurfer/sub-v2s1x29894_ses-1/mri/norm.mgz
volume = 256 256 256
voxelsize = 8.999999165534973e-01 8.999999165534973e-01 8.999999165534973e-01
xras   = -1.000000119209290e+00 0.000000000000000e+00 0.000000000000000e+00
yras   = 0.000000000000000e+00 0.000000000000000e+00 -1.000000000000000e+00
zras   = 0.000000000000000e+00 1.000000119209290e+00 0.000000000000000e+00
cras   = 5.729316711425781e+00 1.977937316894531e+01 3.815541076660156e+01
