# transform file /out/sourcedata/freesurfer/sub-v2s1x29886_ses-1/mri/transforms/cc_up.lta
# created by oesteban on Wed Mar 11 22:04:46 2026

type      = 0 # LINEAR_VOX_TO_VOX
nxforms   = 1
mean      = 128.0000 137.0000 120.0000
sigma     = 10000.0000
1 4 4
9.944178462028503e-01 9.364268183708191e-02 -4.862282797694206e-02 -4.599271297454834e+00 
-9.353094547986984e-02 9.956058263778687e-01 4.573267884552479e-03 1.492006111145020e+01 
4.883742704987526e-02 -4.656612873077393e-10 9.988067746162415e-01 1.093009567260742e+01 
0.000000000000000e+00 0.000000000000000e+00 0.000000000000000e+00 1.000000000000000e+00 
src volume info
valid = 1  # volume info valid
filename = /out/sourcedata/freesurfer/sub-v2s1x29886_ses-1/mri/norm.mgz
volume = 256 256 256
voxelsize = 8.999999165534973e-01 8.999999165534973e-01 8.999999165534973e-01
xras   = -9.999998807907104e-01 0.000000000000000e+00 0.000000000000000e+00
yras   = 0.000000000000000e+00 0.000000000000000e+00 -9.999999403953552e-01
zras   = 0.000000000000000e+00 9.999999403953552e-01 0.000000000000000e+00
cras   = 8.388442993164062e+00 3.539070892333984e+01 5.138703155517578e+01
dst volume info
valid = 1  # volume info valid
filename = /out/sourcedata/freesurfer/sub-v2s1x29886_ses-1/mri/norm.mgz
volume = 256 256 256
voxelsize = 8.999999165534973e-01 8.999999165534973e-01 8.999999165534973e-01
xras   = -9.999998807907104e-01 0.000000000000000e+00 0.000000000000000e+00
yras   = 0.000000000000000e+00 0.000000000000000e+00 -9.999999403953552e-01
zras   = 0.000000000000000e+00 9.999999403953552e-01 0.000000000000000e+00
cras   = 8.388442993164062e+00 3.539070892333984e+01 5.138703155517578e+01
