# transform file /out/sourcedata/freesurfer/sub-v2s1x29916_ses-1/mri/transforms/cc_up.lta
# created by oesteban on Thu Mar 12 22:25:56 2026

type      = 0 # LINEAR_VOX_TO_VOX
nxforms   = 1
mean      = 129.0000 128.0000 122.0000
sigma     = 10000.0000
1 4 4
9.872038960456848e-01 8.108650147914886e-02 1.373078972101212e-01 -2.453825759887695e+01 
-8.031337708234787e-02 9.967070817947388e-01 -1.117060054093599e-02 2.711768531799316e+01 
-1.377615332603455e-01 -9.313225746154785e-10 9.904654622077942e-01 2.295351791381836e+01 
0.000000000000000e+00 0.000000000000000e+00 0.000000000000000e+00 1.000000000000000e+00 
src volume info
valid = 1  # volume info valid
filename = /out/sourcedata/freesurfer/sub-v2s1x29916_ses-1/mri/norm.mgz
volume = 256 256 256
voxelsize = 8.999999761581421e-01 8.999999761581421e-01 8.999999761581421e-01
xras   = -9.999999403953552e-01 0.000000000000000e+00 0.000000000000000e+00
yras   = 0.000000000000000e+00 0.000000000000000e+00 -1.000000000000000e+00
zras   = 0.000000000000000e+00 1.000000000000000e+00 0.000000000000000e+00
cras   = 1.128123474121094e+01 2.940024566650391e+01 2.529489135742188e+01
dst volume info
valid = 1  # volume info valid
filename = /out/sourcedata/freesurfer/sub-v2s1x29916_ses-1/mri/norm.mgz
volume = 256 256 256
voxelsize = 8.999999761581421e-01 8.999999761581421e-01 8.999999761581421e-01
xras   = -9.999999403953552e-01 0.000000000000000e+00 0.000000000000000e+00
yras   = 0.000000000000000e+00 0.000000000000000e+00 -1.000000000000000e+00
zras   = 0.000000000000000e+00 1.000000000000000e+00 0.000000000000000e+00
cras   = 1.128123474121094e+01 2.940024566650391e+01 2.529489135742188e+01
