#Insight Transform File V1.0
#Transform 0
Transform: AffineTransform_float_3_3
Parameters: 1 -0.000107001 0.000241445 0.000108001 0.999992 -0.00414098 -0.000241555 0.00414103 0.999992 -0.0182808 0.19201 0.108528
FixedParameters: 0 0 0

#Transform 1
Transform: AffineTransform_float_3_3
Parameters: 0.999999 0.000698909 -0.000190333 -0.00069909 0.999999 -0.000475867 0.000189667 0.000476132 1 -0.0212459 0.115858 -0.0491691
FixedParameters: 0 0 0

#Transform 2
Transform: AffineTransform_float_3_3
Parameters: 0.999999 0.000585727 -0.000568351 -0.000587275 0.999992 -0.00400667 0.000566651 0.00400733 0.999992 0.000874451 0.274842 -0.0138683
FixedParameters: 0 0 0

#Transform 3
Transform: AffineTransform_float_3_3
Parameters: 1 0.000587103 -0.000170126 -0.000587896 0.999985 -0.0053209 0.000166874 0.0053211 0.999986 -0.016137 0.214876 -0.0178941
FixedParameters: 0 0 0

#Transform 4
Transform: AffineTransform_float_3_3
Parameters: 1 0.000588008 3.88926e-06 -0.000587991 0.999998 -0.001889 -5.11072e-06 0.001889 0.999998 -0.0365289 0.167584 -0.0669074
FixedParameters: 0 0 0

#Transform 5
Transform: AffineTransform_float_3_3
Parameters: 0.999999 0.000587186 -0.000445076 -0.000587814 0.999998 -0.00183074 0.000443925 0.00183026 0.999998 0.00649599 0.199704 -0.0651301
FixedParameters: 0 0 0

#Transform 6
Transform: AffineTransform_float_3_3
Parameters: 0.999999 0.000658882 0.000390515 -0.000658117 0.999997 -0.00225526 -0.000392485 0.00225474 0.999998 -0.0474334 0.230987 -0.0820283
FixedParameters: 0 0 0

#Transform 7
Transform: AffineTransform_float_3_3
Parameters: 0.999999 0.00058947 0.000460123 -0.000587527 0.999994 -0.00318827 -0.000462876 0.00318873 0.999995 -0.0663003 0.25897 -0.188901
FixedParameters: 0 0 0

#Transform 8
Transform: AffineTransform_float_3_3
Parameters: 1 0.00058836 9.88842e-05 -0.00058764 0.999994 -0.00359706 -0.000101114 0.00359694 0.999993 -0.0426569 0.293418 -0.126392
FixedParameters: 0 0 0

#Transform 9
Transform: AffineTransform_float_3_3
Parameters: 0.999999 0.000590122 0.000459287 -0.000587875 0.999989 -0.00460627 -0.000462713 0.00460673 0.99999 -0.0662897 0.311944 -0.21379
FixedParameters: 0 0 0

#Transform 10
Transform: AffineTransform_float_3_3
Parameters: 0.999999 0.000590024 0.000459412 -0.000587973 0.99999 -0.00439427 -0.000462588 0.00439373 0.99999 -0.0662638 0.334306 -0.188421
FixedParameters: 0 0 0

#Transform 11
Transform: AffineTransform_float_3_3
Parameters: 0.999999 0.000665268 0.000458728 -0.00066273 0.999987 -0.0049263 -0.000462271 0.00492669 0.999988 -0.064474 0.338748 -0.206034
FixedParameters: 0 0 0

#Transform 12
Transform: AffineTransform_float_3_3
Parameters: 0.999999 0.00106925 0.000654723 -0.00106575 0.999987 -0.00494371 -0.000659277 0.0049433 0.999988 -0.0676163 0.372638 -0.211913
FixedParameters: 0 0 0

#Transform 13
Transform: AffineTransform_float_3_3
Parameters: 1 0.000935462 0.000456997 -0.00093254 0.999985 -0.00535543 -0.000462001 0.00535557 0.999985 -0.0786284 0.358096 -0.234476
FixedParameters: 0 0 0

#Transform 14
Transform: AffineTransform_float_3_3
Parameters: 0.999999 0.000880002 0.000395575 -0.000878 0.999987 -0.00503435 -0.000399425 0.00503365 0.999988 -0.0497261 0.391704 -0.163218
FixedParameters: 0 0 0

#Transform 15
Transform: AffineTransform_float_3_3
Parameters: 0.999999 0.00101671 0.000116989 -0.00101629 0.999982 -0.00591412 -0.000123012 0.00591388 0.999982 -0.0586902 0.40057 -0.187799
FixedParameters: 0 0 0

#Transform 16
Transform: AffineTransform_float_3_3
Parameters: 1 0.0010079 0.000351614 -0.0010061 0.999985 -0.00534936 -0.000357387 0.00534864 0.999985 -0.0482696 0.389639 -0.127985
FixedParameters: 0 0 0

#Transform 17
Transform: AffineTransform_float_3_3
Parameters: 0.999999 0.00123811 0.000336316 -0.00123688 0.99998 -0.00621142 -0.000344689 0.00621058 0.99998 -0.0662614 0.410582 -0.187097
FixedParameters: 0 0 0

#Transform 18
Transform: AffineTransform_float_3_3
Parameters: 0.999999 0.00112058 0.000638766 -0.00111642 0.999984 -0.00557272 -0.000645232 0.00557228 0.999985 -0.0648469 0.393457 -0.183318
FixedParameters: 0 0 0

#Transform 19
Transform: AffineTransform_float_3_3
Parameters: 0.999999 0.00124811 0.000794028 -0.00124289 0.999978 -0.00640099 -0.000801972 0.00640001 0.999979 -0.0785585 0.413148 -0.207845
FixedParameters: 0 0 0

#Transform 20
Transform: AffineTransform_float_3_3
Parameters: 1 0.0010428 0.000502229 -0.0010402 0.999984 -0.00554152 -0.000507772 0.00554147 0.999984 -0.0641893 0.3963 -0.174979
FixedParameters: 0 0 0

#Transform 21
Transform: AffineTransform_float_3_3
Parameters: 0.999999 0.00117681 0.000417167 -0.0011732 0.999977 -0.00666449 -0.000424827 0.0066635 0.999977 -0.0570727 0.44724 -0.208978
FixedParameters: 0 0 0

#Transform 22
Transform: AffineTransform_float_3_3
Parameters: 0.999999 0.00113019 0.00096983 -0.00112381 0.999979 -0.0063621 -0.000977169 0.00636091 0.99998 -0.0900249 0.443119 -0.200247
FixedParameters: 0 0 0

#Transform 23
Transform: AffineTransform_float_3_3
Parameters: 0.999999 0.00116938 0.000969356 -0.00116262 0.999978 -0.00655513 -0.000976641 0.00655386 0.999978 -0.0846685 0.456961 -0.20577
FixedParameters: 0 0 0

#Transform 24
Transform: AffineTransform_float_3_3
Parameters: 0.999999 0.000592543 0.000683084 -0.000587456 0.999978 -0.0066334 -0.000686911 0.00663259 0.999978 -0.0773062 0.435234 -0.202842
FixedParameters: 0 0 0

#Transform 25
Transform: AffineTransform_float_3_3
Parameters: 0.999999 0.00078319 0.000972046 -0.00077681 0.999979 -0.00635176 -0.000976954 0.00635124 0.99998 -0.0983196 0.439251 -0.225219
FixedParameters: 0 0 0

#Transform 26
Transform: AffineTransform_float_3_3
Parameters: 0.999999 0.00103445 0.000968052 -0.00102655 0.999961 -0.008686 -0.000976953 0.00868499 0.999962 -0.0922874 0.490434 -0.23735
FixedParameters: 0 0 0

#Transform 27
Transform: AffineTransform_float_3_3
Parameters: 0.999999 0.00168874 0.00071459 -0.00168326 0.999967 -0.00795522 -0.000728413 0.00795378 0.999968 -0.0602497 0.532135 -0.248332
FixedParameters: 0 0 0

#Transform 28
Transform: AffineTransform_float_3_3
Parameters: 0.999998 0.00127904 0.00147421 -0.00126996 0.99998 -0.00611588 -0.00148179 0.00611311 0.99998 -0.0730737 0.414686 -0.191714
FixedParameters: 0 0 0

#Transform 29
Transform: AffineTransform_float_3_3
Parameters: 0.999998 0.00111014 0.00158194 -0.00109986 0.999979 -0.00639375 -0.00158906 0.00639225 0.999979 -0.0881029 0.468319 -0.162338
FixedParameters: 0 0 0

#Transform 30
Transform: AffineTransform_float_3_3
Parameters: 0.999998 0.00128145 0.00164313 -0.00127055 0.999975 -0.00695111 -0.00165187 0.0069489 0.999975 -0.104731 0.466476 -0.195586
FixedParameters: 0 0 0

#Transform 31
Transform: AffineTransform_float_3_3
Parameters: 0.999998 0.00128398 0.00181519 -0.00127002 0.999969 -0.00768232 -0.00182481 0.00768067 0.999969 -0.116013 0.508696 -0.285174
FixedParameters: 0 0 0

#Transform 32
Transform: AffineTransform_float_3_3
Parameters: 0.999999 0.0012832 0.00132635 -0.0012698 0.99995 -0.0099067 -0.00133865 0.0099053 0.99995 -0.0843958 0.632757 -0.338282
FixedParameters: 0 0 0

#Transform 33
Transform: AffineTransform_float_3_3
Parameters: 0.999999 0.00127859 0.000743422 -0.00127042 0.999934 -0.01144 -0.000757583 0.011439 0.999935 -0.0886603 0.728372 -0.477801
FixedParameters: 0 0 0

#Transform 34
Transform: AffineTransform_float_3_3
Parameters: 0.999999 0.000684966 0.00134196 -0.000673034 0.99996 -0.00889691 -0.00134804 0.00889608 0.999959 -0.0749997 0.679875 -0.433306
FixedParameters: 0 0 0

#Transform 35
Transform: AffineTransform_float_3_3
Parameters: 0.999999 0.00127901 0.00117527 -0.00126999 0.99997 -0.00763551 -0.00118473 0.0076345 0.99997 -0.0738424 0.558777 -0.308094
FixedParameters: 0 0 0

#Transform 36
Transform: AffineTransform_float_3_3
Parameters: 0.999999 0.00127925 0.00117501 -0.00126975 0.999969 -0.0078365 -0.00118499 0.0078355 0.999968 -0.0656559 0.550162 -0.2183
FixedParameters: 0 0 0

#Transform 37
Transform: AffineTransform_float_3_3
Parameters: 0.999997 0.000594794 0.00258831 -0.00057421 0.999967 -0.00802651 -0.00259269 0.00802549 0.999965 -0.201444 0.446182 -0.564028
FixedParameters: 0 0 0

#Transform 38
Transform: AffineTransform_float_3_3
Parameters: 0.999963 0.000416119 0.00859011 -0.000475872 0.999975 0.00696917 -0.00858689 -0.00697383 0.999939 -0.52055 -0.318334 -2.46022
FixedParameters: 0 0 0

#Transform 39
Transform: AffineTransform_float_3_3
Parameters: 0.999985 0.00107642 0.0054156 -0.00113858 0.999934 0.01138 -0.00540339 -0.011386 0.99992 -0.436645 -0.627519 -3.20778
FixedParameters: 0 0 0

#Transform 40
Transform: AffineTransform_float_3_3
Parameters: 0.999994 0.0029903 0.0016446 -0.00300769 0.999937 0.0108661 -0.00161141 -0.0108709 0.999939 -0.275012 -0.691991 -4.25998
FixedParameters: 0 0 0

#Transform 41
Transform: AffineTransform_float_3_3
Parameters: 0.999985 0.00535593 0.000169475 -0.00535806 0.99985 0.0165143 -8.05255e-05 -0.0165147 0.999863 -0.179543 -0.814175 -4.53566
FixedParameters: 0 0 0

#Transform 42
Transform: AffineTransform_float_3_3
Parameters: 0.99994 0.00702475 0.00838848 -0.00730924 0.999383 0.0343507 -0.00814151 -0.0344102 0.999374 -0.467437 -1.55009 -5.12315
FixedParameters: 0 0 0

#Transform 43
Transform: AffineTransform_float_3_3
Parameters: 0.999991 0.00265535 0.00338168 -0.00275463 0.999551 0.0298129 -0.00330033 -0.029822 0.99955 -0.217408 -1.37584 -3.89247
FixedParameters: 0 0 0

#Transform 44
Transform: AffineTransform_float_3_3
Parameters: 0.999999 -2.22323e-05 0.000894738 4.76268e-06 0.999814 0.019255 -0.000895258 -0.019255 0.999814 -0.122403 -0.657711 -2.48334
FixedParameters: 0 0 0

#Transform 45
Transform: AffineTransform_float_3_3
Parameters: 1 2.54458e-06 0.00112618 -2.04681e-05 0.99988 0.0155 -0.00112682 -0.0155 0.999879 -0.140884 -0.471803 -2.40956
FixedParameters: 0 0 0

#Transform 46
Transform: AffineTransform_float_3_3
Parameters: 0.999999 0.000829265 -0.000257719 -0.00082573 0.999922 0.0124222 0.000268278 -0.0124218 0.999923 -0.0539189 -0.35811 -2.32616
FixedParameters: 0 0 0

#Transform 47
Transform: AffineTransform_float_3_3
Parameters: 0.999999 0.00120517 -0.000534502 -0.00119984 0.999953 0.00956165 0.000545498 -0.00956135 0.999954 -0.0534988 -0.134228 -2.30862
FixedParameters: 0 0 0

#Transform 48
Transform: AffineTransform_float_3_3
Parameters: 0.999997 0.00212242 0.000431898 -0.00212458 0.99998 0.0060731 -0.000419104 -0.0060739 0.999981 -0.13411 -0.0298414 -2.60366
FixedParameters: 0 0 0

#Transform 49
Transform: AffineTransform_float_3_3
Parameters: 0.999973 0.00617588 0.00404236 -0.00622212 0.999915 0.0114992 -0.00397063 -0.0115238 0.999925 -0.406718 -0.371206 -4.08187
FixedParameters: 0 0 0

#Transform 50
Transform: AffineTransform_float_3_3
Parameters: 0.999957 0.00871046 0.0029912 -0.00879852 0.999492 0.030616 -0.00272278 -0.030641 0.999526 -0.292916 -1.33264 -5.25884
FixedParameters: 0 0 0

#Transform 51
Transform: AffineTransform_float_3_3
Parameters: 0.999977 0.00639774 -0.0019928 -0.00632525 0.999397 0.0341374 0.00221017 -0.0341236 0.999415 -0.119338 -1.58504 -5.84813
FixedParameters: 0 0 0

#Transform 52
Transform: AffineTransform_float_3_3
Parameters: 0.99926 0.0139727 -0.0358184 -0.0138893 0.9999 0.0025854 0.0358515 -0.0020866 0.999355 1.36482 0.00888296 -3.99506
FixedParameters: 0 0 0

#Transform 53
Transform: AffineTransform_float_3_3
Parameters: 0.999469 0.0136997 -0.0295888 -0.0140463 0.999835 -0.0115275 0.0294262 0.0119375 0.999495 1.07128 1.11292 -2.69853
FixedParameters: 0 0 0

#Transform 54
Transform: AffineTransform_float_3_3
Parameters: 0.999423 0.0136329 -0.0311152 -0.0140261 0.999824 -0.0124498 0.0309408 0.0128793 0.999439 1.13605 1.0709 -2.90053
FixedParameters: 0 0 0

#Transform 55
Transform: AffineTransform_float_3_3
Parameters: 0.999478 0.0117924 -0.0300815 -0.0121296 0.999865 -0.0110649 0.0299465 0.0114231 0.999486 1.1136 0.982162 -2.80449
FixedParameters: 0 0 0

#Transform 56
Transform: AffineTransform_float_3_3
Parameters: 0.999427 0.0113302 -0.0319107 -0.0117458 0.999848 -0.0128716 0.0317603 0.0132394 0.999408 1.19417 1.08127 -2.83682
FixedParameters: 0 0 0

#Transform 57
Transform: AffineTransform_float_3_3
Parameters: 0.999436 0.0114265 -0.0315806 -0.0119055 0.999816 -0.0150375 0.0314034 0.0154055 0.999388 1.17325 1.17866 -2.77657
FixedParameters: 0 0 0

#Transform 58
Transform: AffineTransform_float_3_3
Parameters: 0.999575 0.0116602 -0.0267165 -0.0120077 0.999845 -0.0128927 0.0265625 0.0132083 0.99956 0.836921 0.988725 -2.73244
FixedParameters: 0 0 0

#Transform 59
Transform: AffineTransform_float_3_3
Parameters: 0.999619 0.011557 -0.0250366 -0.011862 0.999858 -0.0120266 0.0248944 0.0123184 0.999614 0.857824 0.984304 -2.60564
FixedParameters: 0 0 0

#Transform 60
Transform: AffineTransform_float_3_3
Parameters: 0.99961 0.0114442 -0.0254713 -0.0117858 0.999842 -0.01331 0.0253147 0.013605 0.999587 0.923365 1.05444 -2.06306
FixedParameters: 0 0 0

#Transform 61
Transform: AffineTransform_float_3_3
Parameters: 0.999596 0.0119793 -0.0257824 -0.0123827 0.999803 -0.015555 0.0255906 0.015868 0.999546 0.9505 1.1874 -2.01426
FixedParameters: 0 0 0

#Transform 62
Transform: AffineTransform_float_3_3
Parameters: 0.999576 0.0125519 -0.0262957 -0.0129802 0.999785 -0.0161755 0.0260873 0.0165095 0.999524 0.967045 1.21935 -1.96887
FixedParameters: 0 0 0

#Transform 63
Transform: AffineTransform_float_3_3
Parameters: 0.999572 0.0125426 -0.0264013 -0.0129794 0.99978 -0.0164634 0.0261887 0.0167987 0.999516 0.973526 1.22493 -1.85854
FixedParameters: 0 0 0

#Transform 64
Transform: AffineTransform_float_3_3
Parameters: 0.999586 0.0131959 -0.0255581 -0.0136491 0.999752 -0.0176355 0.0253189 0.0179765 0.999518 0.92018 1.15731 -1.92453
FixedParameters: 0 0 0

#Transform 65
Transform: AffineTransform_float_3_3
Parameters: 0.999621 0.0118675 -0.0248474 -0.0122355 0.999816 -0.0147316 0.0246676 0.0150304 0.999582 0.893735 1.09061 -1.78943
FixedParameters: 0 0 0

#Transform 66
Transform: AffineTransform_float_3_3
Parameters: 0.99964 0.011097 -0.0244299 -0.011489 0.999806 -0.0159641 0.0242471 0.0162389 0.999574 0.91132 1.13503 -1.72657
FixedParameters: 0 0 0

#Transform 67
Transform: AffineTransform_float_3_3
Parameters: 0.999667 0.0111112 -0.0232841 -0.0114888 0.999804 -0.0161569 0.0230999 0.0164191 0.999599 0.848747 1.14023 -1.56108
FixedParameters: 0 0 0

#Transform 68
Transform: AffineTransform_float_3_3
Parameters: 0.999666 0.0113461 -0.0232458 -0.0117699 0.999766 -0.0181805 0.0230343 0.0184475 0.999565 0.821874 1.23926 -1.63697
FixedParameters: 0 0 0

#Transform 69
Transform: AffineTransform_float_3_3
Parameters: 0.999657 0.011051 -0.0237507 -0.011489 0.999765 -0.0183844 0.0235412 0.0186506 0.999549 0.836 1.24684 -1.65155
FixedParameters: 0 0 0

#Transform 70
Transform: AffineTransform_float_3_3
Parameters: 0.999657 0.0116529 -0.0234588 -0.0121181 0.999731 -0.0197835 0.0232222 0.0200605 0.999529 0.809868 1.29644 -1.66704
FixedParameters: 0 0 0

#Transform 71
Transform: AffineTransform_float_3_3
Parameters: 0.999667 0.0115999 -0.023044 -0.0120461 0.999741 -0.0193138 0.022814 0.0195852 0.999548 0.787596 1.2766 -1.59991
FixedParameters: 0 0 0

#Transform 72
Transform: AffineTransform_float_3_3
Parameters: 0.99961 0.0111252 -0.0256172 -0.0116908 0.999688 -0.0220451 0.0253638 0.0223359 0.999428 0.853277 1.44379 -1.62352
FixedParameters: 0 0 0

#Transform 73
Transform: AffineTransform_float_3_3
Parameters: 0.999647 0.0121165 -0.0236761 -0.0126235 0.999692 -0.0213617 0.0234099 0.0216523 0.999492 0.809448 1.41461 -1.67987
FixedParameters: 0 0 0

#Transform 74
Transform: AffineTransform_float_3_3
Parameters: 0.999666 0.0120734 -0.0228569 -0.0125366 0.999717 -0.0202492 0.022606 0.0205288 0.999533 0.783889 1.36443 -1.64812
FixedParameters: 0 0 0

#Transform 75
Transform: AffineTransform_float_3_3
Parameters: 0.999647 0.0121701 -0.0236103 -0.0126679 0.999698 -0.0210533 0.0233466 0.0213457 0.999499 0.834854 1.38703 -1.60844
FixedParameters: 0 0 0

#Transform 76
Transform: AffineTransform_float_3_3
Parameters: 0.999615 0.0131768 -0.0244137 -0.0137582 0.999623 -0.0237913 0.0240913 0.0241187 0.999419 0.891385 1.42409 -1.6395
FixedParameters: 0 0 0

#Transform 77
Transform: AffineTransform_float_3_3
Parameters: 0.999619 0.0123788 -0.024662 -0.0129782 0.999621 -0.0242862 0.024352 0.0245968 0.999401 0.952633 1.37297 -1.65967
FixedParameters: 0 0 0

#Transform 78
Transform: AffineTransform_float_3_3
Parameters: 0.999621 0.0117375 -0.0249253 -0.0122935 0.999677 -0.022253 0.0246557 0.0225509 0.999441 0.974086 1.29615 -1.61237
FixedParameters: 0 0 0

#Transform 79
Transform: AffineTransform_float_3_3
Parameters: 0.999702 0.0125176 -0.0209284 -0.0128584 0.999786 -0.0162087 0.0207216 0.0164723 0.999649 0.782123 0.900051 -1.97885
FixedParameters: 0 0 0

#Transform 80
Transform: AffineTransform_float_3_3
Parameters: 0.999826 0.0175207 -0.0063067 -0.0175313 0.999845 -0.00158271 0.0062783 0.00169229 0.999979 -0.186075 0.324375 -5.35535
FixedParameters: 0 0 0

#Transform 81
Transform: AffineTransform_float_3_3
Parameters: 0.999608 0.0165508 -0.0225792 -0.0164622 0.999856 0.00411131 0.0226438 -0.00373769 0.999736 0.696278 0.000702597 -6.77705
FixedParameters: 0 0 0

#Transform 82
Transform: AffineTransform_float_3_3
Parameters: 0.99953 0.0169116 -0.0255908 -0.0166984 0.999825 0.00849933 0.0257303 -0.00806766 0.999637 0.755465 -0.0795926 -5.20053
FixedParameters: 0 0 0

#Transform 83
Transform: AffineTransform_float_3_3
Parameters: 0.999548 0.0137332 -0.0267671 -0.0136038 0.999895 0.0050044 0.0268329 -0.0046376 0.999629 0.886483 0.212737 -4.09733
FixedParameters: 0 0 0

#Transform 84
Transform: AffineTransform_float_3_3
Parameters: 0.999522 0.0134106 -0.0278298 -0.0134594 0.999908 -0.00158719 0.0278062 0.00196084 0.999612 0.984508 0.551678 -4.09334
FixedParameters: 0 0 0

#Transform 85
Transform: AffineTransform_float_3_3
Parameters: 0.999509 0.01457 -0.0277443 -0.014765 0.999867 -0.00683871 0.0276407 0.00724428 0.999591 1.04535 0.689749 -3.91476
FixedParameters: 0 0 0

#Transform 86
Transform: AffineTransform_float_3_3
Parameters: 0.999401 0.0135902 -0.0318192 -0.0140248 0.999811 -0.0134808 0.0316298 0.0139192 0.999402 1.24851 1.01921 -3.04739
FixedParameters: 0 0 0

#Transform 87
Transform: AffineTransform_float_3_3
Parameters: 0.999489 0.0134928 -0.0290005 -0.0141452 0.999649 -0.0224023 0.0286876 0.0228007 0.999329 1.0525 1.54802 -2.2055
FixedParameters: 0 0 0

#Transform 88
Transform: AffineTransform_float_3_3
Parameters: 0.999447 0.0139509 -0.0302057 -0.0147291 0.999562 -0.0256933 0.0298333 0.0261237 0.999214 1.10347 1.70704 -2.421
FixedParameters: 0 0 0

#Transform 89
Transform: AffineTransform_float_3_3
Parameters: 0.999435 0.0141375 -0.0304713 -0.0149645 0.999521 -0.0270693 0.0300737 0.0275107 0.999169 1.12237 1.6865 -2.31326
FixedParameters: 0 0 0

#Transform 90
Transform: AffineTransform_float_3_3
Parameters: 0.999453 0.014122 -0.0299074 -0.0146851 0.999718 -0.018691 0.0296356 0.01912 0.999378 1.05526 1.33273 -2.06896
FixedParameters: 0 0 0

#Transform 91
Transform: AffineTransform_float_3_3
Parameters: 0.999507 0.0128875 -0.0286544 -0.0134065 0.999748 -0.0180127 0.0284157 0.0183883 0.999427 0.994829 1.30167 -1.50435
FixedParameters: 0 0 0

#Transform 92
Transform: AffineTransform_float_3_3
Parameters: 0.999424 0.0135071 -0.0311326 -0.0142059 0.999649 -0.0223376 0.0308194 0.0227674 0.999265 1.12274 1.44962 -1.51346
FixedParameters: 0 0 0

#Transform 93
Transform: AffineTransform_float_3_3
Parameters: 0.999444 0.014143 -0.0302163 -0.0148141 0.999646 -0.0221017 0.0298927 0.0225363 0.999299 1.08013 1.35645 -1.43109
FixedParameters: 0 0 0

#Transform 94
Transform: AffineTransform_float_3_3
Parameters: 0.999439 0.0146666 -0.0301113 -0.0153624 0.999617 -0.0230283 0.0297627 0.0234777 0.999281 1.07953 1.3887 -1.48004
FixedParameters: 0 0 0

#Transform 95
Transform: AffineTransform_float_3_3
Parameters: 0.999451 0.0143407 -0.0298698 -0.0150303 0.999623 -0.0229807 0.0295292 0.0234173 0.999289 1.0676 1.38199 -1.43126
FixedParameters: 0 0 0

#Transform 96
Transform: AffineTransform_float_3_3
Parameters: 0.999428 0.0145589 -0.0305037 -0.0152711 0.999613 -0.0232765 0.0301533 0.0237296 0.999263 1.08385 1.38026 -1.48702
FixedParameters: 0 0 0

#Transform 97
Transform: AffineTransform_float_3_3
Parameters: 0.999409 0.0148247 -0.031015 -0.0155853 0.999581 -0.0244171 0.03064 0.0248859 0.99922 1.11661 1.44056 -1.5031
FixedParameters: 0 0 0

#Transform 98
Transform: AffineTransform_float_3_3
Parameters: 0.999427 0.0145326 -0.0305852 -0.0152144 0.999638 -0.0221654 0.0302528 0.0226176 0.999287 1.10835 1.36101 -1.40921
FixedParameters: 0 0 0

#Transform 99
Transform: AffineTransform_float_3_3
Parameters: 0.999535 0.0133242 -0.0274425 -0.0138358 0.999733 -0.018544 0.0271876 0.0189151 0.999452 0.929265 1.35263 -1.64203
FixedParameters: 0 0 0

#Transform 100
Transform: AffineTransform_float_3_3
Parameters: 0.999599 0.0127116 -0.0253283 -0.0131704 0.999751 -0.0180136 0.0250927 0.0183403 0.999517 0.836599 1.37849 -2.0009
FixedParameters: 0 0 0

#Transform 101
Transform: AffineTransform_float_3_3
Parameters: 0.999568 0.0127599 -0.0264968 -0.0132801 0.99972 -0.0195476 0.0262402 0.0198914 0.999458 0.934194 1.37132 -1.28146
FixedParameters: 0 0 0

#Transform 102
Transform: AffineTransform_float_3_3
Parameters: 0.999527 0.0124878 -0.0281119 -0.0131201 0.999662 -0.0224518 0.0278221 0.0228102 0.999352 0.994854 1.50444 -1.43446
FixedParameters: 0 0 0

#Transform 103
Transform: AffineTransform_float_3_3
Parameters: 0.999474 0.0144734 -0.0290229 -0.0152506 0.999526 -0.0267514 0.028622 0.0271805 0.99922 1.07371 1.61932 -1.64608
FixedParameters: 0 0 0

#Transform 104
Transform: AffineTransform_float_3_3
Parameters: 0.999709 0.0160898 -0.0180122 -0.0163842 0.999733 -0.0163046 0.0177448 0.0165953 0.999705 0.713739 0.861578 -3.07914
FixedParameters: 0 0 0

#Transform 105
Transform: AffineTransform_float_3_3
Parameters: 0.999716 0.0154342 -0.018145 -0.0153998 0.99988 0.002021 0.018174 -0.00174099 0.999834 0.347189 0.150139 -6.24562
FixedParameters: 0 0 0

#Transform 106
Transform: AffineTransform_float_3_3
Parameters: 0.999538 0.0208602 -0.022074 -0.0202978 0.999472 0.0253918 0.022592 -0.0249322 0.999434 0.602529 -1.14909 -7.59526
FixedParameters: 0 0 0

#Transform 107
Transform: AffineTransform_float_3_3
Parameters: 0.999392 0.019207 -0.0290749 -0.017751 0.998614 0.0495342 0.0299861 -0.0489888 0.998349 0.752882 -2.05496 -7.1337
FixedParameters: 0 0 0

#Transform 108
Transform: AffineTransform_float_3_3
Parameters: 0.99925 0.0120891 -0.0368038 -0.0108049 0.999332 0.0348908 0.0372013 -0.0344671 0.998713 1.44887 -1.56351 -3.20978
FixedParameters: 0 0 0

#Transform 109
Transform: AffineTransform_float_3_3
Parameters: 0.999253 0.012182 -0.0366598 -0.011258 0.999617 0.0253056 0.0369542 -0.0248744 0.999008 1.42583 -0.855506 -2.34679
FixedParameters: 0 0 0

#Transform 110
Transform: AffineTransform_float_3_3
Parameters: 0.999264 0.0118897 -0.0364761 -0.0110743 0.999686 0.0224845 0.0367319 -0.0220635 0.999081 1.40733 -0.709437 -2.30395
FixedParameters: 0 0 0

#Transform 111
Transform: AffineTransform_float_3_3
Parameters: 0.999262 0.0119942 -0.0364869 -0.0112568 0.999729 0.0203427 0.0367211 -0.0199173 0.999127 1.43004 -0.62355 -2.13092
FixedParameters: 0 0 0

#Transform 112
Transform: AffineTransform_float_3_3
Parameters: 0.999268 0.0121361 -0.036274 -0.0115019 0.999779 0.0176391 0.03648 -0.0172089 0.999186 1.41597 -0.51048 -1.97412
FixedParameters: 0 0 0

#Transform 113
Transform: AffineTransform_float_3_3
Parameters: 0.999301 0.0120224 -0.0353985 -0.0115016 0.999824 0.0148675 0.0355715 -0.0144494 0.999262 1.39315 -0.378441 -1.83177
FixedParameters: 0 0 0

#Transform 114
Transform: AffineTransform_float_3_3
Parameters: 0.999308 0.0112385 -0.0354539 -0.0106975 0.999824 0.0154259 0.0356211 -0.0150361 0.999252 1.37091 -0.419136 -1.65702
FixedParameters: 0 0 0

#Transform 115
Transform: AffineTransform_float_3_3
Parameters: 0.999333 0.011607 -0.0346215 -0.011054 0.999809 0.0161225 0.0348025 -0.0157295 0.999271 1.30616 -0.47731 -1.59961
FixedParameters: 0 0 0

#Transform 116
Transform: AffineTransform_float_3_3
Parameters: 0.999385 0.0113784 -0.0331646 -0.0108626 0.999818 0.0156799 0.0333364 -0.0153101 0.999327 1.23012 -0.445594 -1.49879
FixedParameters: 0 0 0

#Transform 117
Transform: AffineTransform_float_3_3
Parameters: 0.999399 0.0117315 -0.0325973 -0.0112745 0.999837 0.014152 0.0327577 -0.013776 0.999369 1.2137 -0.408993 -1.28889
FixedParameters: 0 0 0

#Transform 118
Transform: AffineTransform_float_3_3
Parameters: 0.999394 0.0117125 -0.0327957 -0.0113115 0.99986 0.0123705 0.0329363 -0.0119925 0.999386 1.22554 -0.304403 -1.31838
FixedParameters: 0 0 0

#Transform 119
Transform: AffineTransform_float_3_3
Parameters: 0.999379 0.0124012 -0.0329788 -0.0120738 0.999876 0.0101025 0.0330992 -0.00969855 0.999405 1.23356 -0.204292 -1.32397
FixedParameters: 0 0 0

#Transform 120
Transform: AffineTransform_float_3_3
Parameters: 0.999359 0.012391 -0.0336035 -0.012073 0.99988 0.00964888 0.0337195 -0.0092371 0.999388 1.27212 -0.163737 -1.27536
FixedParameters: 0 0 0

#Transform 121
Transform: AffineTransform_float_3_3
Parameters: 0.999334 0.0122928 -0.0343762 -0.0120732 0.999906 0.00659443 0.0344538 -0.00617559 0.999387 1.29379 -0.0334723 -1.39441
FixedParameters: 0 0 0

#Transform 122
Transform: AffineTransform_float_3_3
Parameters: 0.999364 0.0118517 -0.0336341 -0.0116313 0.999909 0.0067495 0.033712 -0.0063535 0.999412 1.25658 -0.00481534 -1.34611
FixedParameters: 0 0 0

#Transform 123
Transform: AffineTransform_float_3_3
Parameters: 0.999394 0.0119375 -0.0326767 -0.0116795 0.999899 0.00809055 0.0327703 -0.00770447 0.999433 1.21373 -0.124281 -1.20629
FixedParameters: 0 0 0

#Transform 124
Transform: AffineTransform_float_3_3
Parameters: 0.999362 0.0117029 -0.033728 -0.0114601 0.999908 0.00735622 0.0338109 -0.00696476 0.999404 1.28947 -0.0624332 -1.15009
FixedParameters: 0 0 0

#Transform 125
Transform: AffineTransform_float_3_3
Parameters: 0.999339 0.0121811 -0.0342513 -0.0120089 0.999914 0.00522677 0.0343117 -0.00481122 0.999399 1.29996 0.0505131 -1.36397
FixedParameters: 0 0 0

#Transform 126
Transform: AffineTransform_float_3_3
Parameters: 0.999356 0.0122343 -0.03374 -0.0120737 0.999914 0.00497957 0.0337971 -0.00456946 0.999419 1.274 0.0419885 -1.36635
FixedParameters: 0 0 0

#Transform 127
Transform: AffineTransform_float_3_3
Parameters: 0.999363 0.0122112 -0.033527 -0.0120738 0.999918 0.00432155 0.033577 -0.00391348 0.999429 1.25808 0.0969463 -1.44499
FixedParameters: 0 0 0

#Transform 128
Transform: AffineTransform_float_3_3
Parameters: 0.999347 0.0124728 -0.0339178 -0.0123411 0.999915 0.00409426 0.0339662 -0.00367274 0.999416 1.2833 0.109648 -1.40823
FixedParameters: 0 0 0

#Transform 129
Transform: AffineTransform_float_3_3
Parameters: 0.999356 0.0121916 -0.0337644 -0.0120734 0.99992 0.00371405 0.0338066 -0.00330397 0.999423 1.27076 0.153709 -1.43474
FixedParameters: 0 0 0

#Transform 130
Transform: AffineTransform_float_3_3
Parameters: 0.999489 0.010981 -0.0300032 -0.010844 0.99993 0.00472377 0.0300527 -0.00439623 0.999538 1.02064 -0.021285 -1.94355
FixedParameters: 0 0 0

#Transform 131
Transform: AffineTransform_float_3_3
Parameters: 0.999232 0.01531 -0.0360727 -0.014627 0.99971 0.0191223 0.0363553 -0.0185807 0.999166 1.54809 -0.831059 -4.11717
FixedParameters: 0 0 0

#Transform 132
Transform: AffineTransform_float_3_3
Parameters: 0.999399 0.0164479 -0.0304955 -0.015213 0.999072 0.0402951 0.0311305 -0.0398069 0.998723 1.08855 -1.74135 -6.64717
FixedParameters: 0 0 0

#Transform 133
Transform: AffineTransform_float_3_3
Parameters: 0.999555 0.0109715 -0.0277151 -0.00905251 0.997613 0.0684583 0.0284 -0.0681767 0.997269 0.827718 -3.13541 -5.69746
FixedParameters: 0 0 0

#Transform 134
Transform: AffineTransform_float_3_3
Parameters: 0.999756 0.0119722 -0.0185707 -0.0102498 0.995871 0.0902064 0.0195743 -0.0899946 0.99575 0.425039 -4.32864 -4.02961
FixedParameters: 0 0 0

#Transform 135
Transform: AffineTransform_float_3_3
Parameters: 0.99972 0.0108593 -0.0210184 -0.00955376 0.998077 0.0612349 0.0216426 -0.061017 0.997902 0.646746 -2.8228 -3.52731
FixedParameters: 0 0 0

#Transform 136
Transform: AffineTransform_float_3_3
Parameters: 0.999718 0.0092602 -0.0218458 -0.0086588 0.999586 0.0274559 0.0220912 -0.0272591 0.999385 0.890374 -0.937244 -2.30537
FixedParameters: 0 0 0

#Transform 137
Transform: AffineTransform_float_3_3
Parameters: 0.99979 0.0095295 -0.0181311 -0.0091175 0.999701 0.0226991 0.0183419 -0.0225289 0.999578 0.697998 -0.722678 -2.18025
FixedParameters: 0 0 0

#Transform 138
Transform: AffineTransform_float_3_3
Parameters: 0.999758 0.00994847 -0.0195904 -0.0095985 0.999794 0.0178533 0.0197646 -0.0176606 0.999648 0.790404 -0.487756 -1.83724
FixedParameters: 0 0 0

#Transform 139
Transform: AffineTransform_float_3_3
Parameters: 0.999753 0.00959179 -0.0200524 -0.0092772 0.999833 0.0157329 0.0202006 -0.0155431 0.999675 0.826631 -0.404588 -1.65555
FixedParameters: 0 0 0

#Transform 140
Transform: AffineTransform_float_3_3
Parameters: 0.999817 0.00909897 -0.0168234 -0.00883603 0.999838 0.0156405 0.0169626 -0.0154885 0.999736 0.630266 -0.432471 -1.56664
FixedParameters: 0 0 0

#Transform 141
Transform: AffineTransform_float_3_3
Parameters: 0.999801 0.00953272 -0.0175534 -0.0092483 0.999826 0.0162296 0.0177057 -0.0160644 0.999714 0.67169 -0.473717 -1.48605
FixedParameters: 0 0 0

#Transform 142
Transform: AffineTransform_float_3_3
Parameters: 0.999757 0.0102686 -0.0194685 -0.00998538 0.999844 0.0145589 0.0196144 -0.0143611 0.999704 0.714731 -0.413777 -1.68927
FixedParameters: 0 0 0

#Transform 143
Transform: AffineTransform_float_3_3
Parameters: 0.999761 0.0110463 -0.0188623 -0.0107827 0.999844 0.0140037 0.0190137 -0.0137973 0.999724 0.696228 -0.35707 -1.63715
FixedParameters: 0 0 0

#Transform 144
Transform: AffineTransform_float_3_3
Parameters: 0.999756 0.0114169 -0.0189169 -0.0111901 0.999864 0.0120566 0.0190521 -0.0118424 0.999749 0.681043 -0.267184 -1.64151
FixedParameters: 0 0 0

#Transform 145
Transform: AffineTransform_float_3_3
Parameters: 0.999755 0.0107278 -0.0193719 -0.0104673 0.999854 0.0135121 0.0195131 -0.0133059 0.999721 0.737342 -0.344322 -1.5704
FixedParameters: 0 0 0

#Transform 146
Transform: AffineTransform_float_3_3
Parameters: 0.999741 0.0109665 -0.0199044 -0.0107265 0.999868 0.0121486 0.0200356 -0.0119324 0.999728 0.75104 -0.284371 -1.59633
FixedParameters: 0 0 0

#Transform 147
Transform: AffineTransform_float_3_3
Parameters: 0.999816 0.0103767 -0.0161728 -0.0101894 0.999881 0.0115809 0.0162902 -0.0114141 0.999802 0.479769 -0.25733 -1.89146
FixedParameters: 0 0 0

#Transform 148
Transform: AffineTransform_float_3_3
Parameters: 0.999855 0.0109998 -0.0130173 -0.0108242 0.999852 0.0134259 0.0131627 -0.0132831 0.999825 0.375393 -0.318231 -2.53491
FixedParameters: 0 0 0

#Transform 149
Transform: AffineTransform_float_3_3
Parameters: 0.99985 0.011143 -0.013266 -0.011012 0.999891 0.00990957 0.013375 -0.00976243 0.999863 0.397585 -0.066169 -3.04365
FixedParameters: 0 0 0

#Transform 150
Transform: AffineTransform_float_3_3
Parameters: 0.999884 0.00874136 -0.012471 -0.00862963 0.999922 0.00903567 0.012549 -0.00892634 0.999882 0.365477 -0.00121145 -2.06459
FixedParameters: 0 0 0

#Transform 151
Transform: AffineTransform_float_3_3
Parameters: 0.99989 0.00783165 -0.0125578 -0.00769034 0.999906 0.0112888 0.0126452 -0.0111912 0.999858 0.409795 -0.178273 -1.75246
FixedParameters: 0 0 0

#Transform 152
Transform: AffineTransform_float_3_3
Parameters: 0.999896 0.00813331 -0.0119681 -0.0080217 0.999925 0.00931898 0.0120429 -0.00922202 0.999885 0.369194 -0.108137 -1.80258
FixedParameters: 0 0 0

#Transform 153
Transform: AffineTransform_float_3_3
Parameters: 0.999886 0.00824963 -0.0125876 -0.00808536 0.999882 0.0130743 0.0126944 -0.0129707 0.999836 0.411619 -0.165346 -1.87664
FixedParameters: 0 0 0

#Transform 154
Transform: AffineTransform_float_3_3
Parameters: 0.999873 0.00834846 -0.0135581 -0.00819955 0.999906 0.0110416 0.0136489 -0.0109294 0.999847 0.456039 -0.107555 -1.86833
FixedParameters: 0 0 0

#Transform 155
Transform: AffineTransform_float_3_3
Parameters: 0.999867 0.00855912 -0.013833 -0.00840688 0.999904 0.0110177 0.013926 -0.0109002 0.999843 0.478167 -0.0904762 -1.81606
FixedParameters: 0 0 0

#Transform 156
Transform: AffineTransform_float_3_3
Parameters: 0.999863 0.00862459 -0.0141424 -0.00848541 0.999915 0.00983035 0.0142256 -0.00970964 0.999851 0.496276 -0.0671336 -1.78381
FixedParameters: 0 0 0

#Transform 157
Transform: AffineTransform_float_3_3
Parameters: 0.999856 0.00828529 -0.0148008 -0.0081547 0.999927 0.00884197 0.0148732 -0.00872003 0.999852 0.537942 -0.000251615 -1.74536
FixedParameters: 0 0 0

#Transform 158
Transform: AffineTransform_float_3_3
Parameters: 0.999835 0.00840279 -0.0161011 -0.00828922 0.999941 0.00712064 0.0161599 -0.00698637 0.999845 0.602008 0.0944706 -1.83311
FixedParameters: 0 0 0

#Transform 159
Transform: AffineTransform_float_3_3
Parameters: 0.999811 0.00872469 -0.0173612 -0.00862832 0.999947 0.00557885 0.0174088 -0.00542814 0.999833 0.682344 0.171085 -1.72857
FixedParameters: 0 0 0
