# transform file /out/sourcedata/freesurfer/sub-v2s1x29864_ses-1/mri/transforms/cc_up.lta
# created by oesteban on Wed Mar 11 16:27:02 2026

type      = 0 # LINEAR_VOX_TO_VOX
nxforms   = 1
mean      = 129.0000 134.0000 130.0000
sigma     = 10000.0000
1 4 4
9.985690116882324e-01 2.634165622293949e-02 4.654256626963615e-02 -1.117922878265381e+01 
-2.631309069693089e-02 9.996531009674072e-01 -1.226433669216931e-03 9.625136375427246e+00 
-4.655871912837029e-02 -1.164153357047226e-10 9.989156126976013e-01 1.320809078216553e+01 
0.000000000000000e+00 0.000000000000000e+00 0.000000000000000e+00 1.000000000000000e+00 
src volume info
valid = 1  # volume info valid
filename = /out/sourcedata/freesurfer/sub-v2s1x29864_ses-1/mri/norm.mgz
volume = 256 256 256
voxelsize = 8.999998569488525e-01 8.999998569488525e-01 8.999998569488525e-01
xras   = -1.000000000000000e+00 0.000000000000000e+00 0.000000000000000e+00
yras   = 0.000000000000000e+00 0.000000000000000e+00 -9.999999403953552e-01
zras   = 0.000000000000000e+00 9.999999403953552e-01 0.000000000000000e+00
cras   = -4.724845886230469e+00 1.225838470458984e+01 1.063930511474609e+01
dst volume info
valid = 1  # volume info valid
filename = /out/sourcedata/freesurfer/sub-v2s1x29864_ses-1/mri/norm.mgz
volume = 256 256 256
voxelsize = 8.999998569488525e-01 8.999998569488525e-01 8.999998569488525e-01
xras   = -1.000000000000000e+00 0.000000000000000e+00 0.000000000000000e+00
yras   = 0.000000000000000e+00 0.000000000000000e+00 -9.999999403953552e-01
zras   = 0.000000000000000e+00 9.999999403953552e-01 0.000000000000000e+00
cras   = -4.724845886230469e+00 1.225838470458984e+01 1.063930511474609e+01
