# transform file /out/sourcedata/freesurfer/sub-v2s1x29885_ses-1/mri/transforms/cc_up.lta
# created by oesteban on Wed Mar 11 22:03:19 2026

type      = 0 # LINEAR_VOX_TO_VOX
nxforms   = 1
mean      = 130.0000 128.0000 126.0000
sigma     = 10000.0000
1 4 4
9.939686059951782e-01 -6.462968885898590e-02 8.859732002019882e-02 -4.801616191864014e+00 
6.437446177005768e-02 9.979093670845032e-01 5.738012958317995e-03 8.501423150300980e-02 
-8.878293633460999e-02 4.656612873077393e-10 9.960510730743408e-01 1.012295436859131e+01 
0.000000000000000e+00 0.000000000000000e+00 0.000000000000000e+00 1.000000000000000e+00 
src volume info
valid = 1  # volume info valid
filename = /out/sourcedata/freesurfer/sub-v2s1x29885_ses-1/mri/norm.mgz
volume = 256 256 256
voxelsize = 8.999999761581421e-01 8.999999761581421e-01 8.999999761581421e-01
xras   = -9.999999403953552e-01 0.000000000000000e+00 0.000000000000000e+00
yras   = 0.000000000000000e+00 0.000000000000000e+00 -1.000000000000000e+00
zras   = 0.000000000000000e+00 1.000000000000000e+00 0.000000000000000e+00
cras   = 1.369818878173828e+01 3.074097442626953e+01 3.587187194824219e+01
dst volume info
valid = 1  # volume info valid
filename = /out/sourcedata/freesurfer/sub-v2s1x29885_ses-1/mri/norm.mgz
volume = 256 256 256
voxelsize = 8.999999761581421e-01 8.999999761581421e-01 8.999999761581421e-01
xras   = -9.999999403953552e-01 0.000000000000000e+00 0.000000000000000e+00
yras   = 0.000000000000000e+00 0.000000000000000e+00 -1.000000000000000e+00
zras   = 0.000000000000000e+00 1.000000000000000e+00 0.000000000000000e+00
cras   = 1.369818878173828e+01 3.074097442626953e+01 3.587187194824219e+01
