#Insight Transform File V1.0
#Transform 0
Transform: AffineTransform_float_3_3
Parameters: 0.999997 -0.00181192 -0.00177998 0.00178808 0.99991 -0.0133472 0.00180402 0.0133438 0.99991 0.0783694 0.520648 0.364279
FixedParameters: 0 0 0

#Transform 1
Transform: AffineTransform_float_3_3
Parameters: 0.999999 -0.000754992 3.43676e-06 0.000755006 0.99999 -0.004552 4.36793e-07 0.004552 0.999989 0.00134328 0.249967 0.00721713
FixedParameters: 0 0 0

#Transform 2
Transform: AffineTransform_float_3_3
Parameters: 0.999999 -0.000851354 0.00013901 0.000851644 0.999988 -0.00470788 -0.000134992 0.00470811 0.999989 -0.00541599 0.264591 -0.0633413
FixedParameters: 0 0 0

#Transform 3
Transform: AffineTransform_float_3_3
Parameters: 0.999999 -0.00111894 -0.000908946 0.00111405 0.999984 -0.00542302 0.000915054 0.00542198 0.999985 0.0384865 0.315658 -0.0181291
FixedParameters: 0 0 0

#Transform 4
Transform: AffineTransform_float_3_3
Parameters: 0.999999 0.000295875 -0.000657415 -0.000299127 0.999988 -0.00475781 0.000656584 0.0047582 0.999989 -0.00761296 0.29606 -0.0240212
FixedParameters: 0 0 0

#Transform 5
Transform: AffineTransform_float_3_3
Parameters: 1 1.42728e-05 -0.00122212 -2.17264e-05 0.99998 -0.00632298 0.00122189 0.00632302 0.99998 -0.0140477 0.294756 -0.0668015
FixedParameters: 0 0 0

#Transform 6
Transform: AffineTransform_float_3_3
Parameters: 1 0.000234137 -0.000296481 -0.000235867 0.99998 -0.00630193 0.00029552 0.00630107 0.99998 -0.0267463 0.293389 -0.0836132
FixedParameters: 0 0 0

#Transform 7
Transform: AffineTransform_float_3_3
Parameters: 1 0.000234695 -0.000296039 -0.000235305 0.99999 -0.00441593 0.000294964 0.00441607 0.99999 -0.0183633 0.233998 0.0653015
FixedParameters: 0 0 0

#Transform 8
Transform: AffineTransform_float_3_3
Parameters: 1 -0.000230592 -0.000390063 0.000229408 0.999991 -0.00407709 0.000390939 0.00407791 0.999991 -0.00421119 0.21603 0.0905795
FixedParameters: 0 0 0

#Transform 9
Transform: AffineTransform_float_3_3
Parameters: 0.999998 -0.00127955 -0.001008 0.00127445 0.999984 -0.0054863 0.00101501 0.00548471 0.999985 0.0402908 0.275687 0.0639876
FixedParameters: 0 0 0

#Transform 10
Transform: AffineTransform_float_3_3
Parameters: 1 0.000219939 -0.000148582 -0.000221064 0.999974 -0.00717597 0.000147417 0.00717604 0.999974 -0.0376834 0.321646 0.00801347
FixedParameters: 0 0 0

#Transform 11
Transform: AffineTransform_float_3_3
Parameters: 1 0.000322692 -0.000212004 -0.000324308 0.99998 -0.00619893 0.000209994 0.00619807 0.999981 -0.0256503 0.268215 -0.00718424
FixedParameters: 0 0 0

#Transform 12
Transform: AffineTransform_float_3_3
Parameters: 0.999999 -0.000149153 -0.000711346 0.000146849 0.99999 -0.00443011 0.000711657 0.0044299 0.99999 0.0193717 0.180158 0.0194986
FixedParameters: 0 0 0

#Transform 13
Transform: AffineTransform_float_3_3
Parameters: 1 -0.000285473 -0.000981711 0.000281526 0.999989 -0.00455328 0.000983293 0.00455272 0.999989 0.0279941 0.210129 0.00357851
FixedParameters: 0 0 0

#Transform 14
Transform: AffineTransform_float_3_3
Parameters: 1 -0.000602027 0.000331772 0.000602974 0.999996 -0.0029418 -0.000330227 0.0029422 0.999995 -0.00239181 0.140215 0.048665
FixedParameters: 0 0 0

#Transform 15
Transform: AffineTransform_float_3_3
Parameters: 0.999999 0.000335443 0.000868443 -0.000334555 0.999998 -0.00166229 -0.000869557 0.00166171 0.999998 -0.0558416 0.0772327 0.101586
FixedParameters: 0 0 0

#Transform 16
Transform: AffineTransform_float_3_3
Parameters: 1 0.000478318 0.000106584 -0.000478684 0.999996 -0.00296105 -0.000107418 0.00296095 0.999995 -0.00877433 0.142152 -0.014848
FixedParameters: 0 0 0

#Transform 17
Transform: AffineTransform_float_3_3
Parameters: 1 0.000350254 -0.000296882 -0.000350746 0.999997 -0.0025149 0.000296119 0.0025151 0.999997 -0.00763927 0.110261 -0.0469701
FixedParameters: 0 0 0

#Transform 18
Transform: AffineTransform_float_3_3
Parameters: 0.999998 0.000911498 -0.00145184 -0.000915501 0.999995 -0.00310268 0.00144917 0.00310433 0.999994 0.0112856 0.100462 0.00219726
FixedParameters: 0 0 0

#Transform 19
Transform: AffineTransform_float_3_3
Parameters: 1 0.000464734 -0.00106855 -0.000465267 0.999999 -0.0011855 0.00106845 0.0011855 0.999998 0.00254104 0.074596 0.0538807
FixedParameters: 0 0 0

#Transform 20
Transform: AffineTransform_float_3_3
Parameters: 1 -0.00031524 0.000178577 0.000315759 0.999999 0.00134306 -0.000179424 -0.00134294 0.999999 -0.0149313 -0.0509212 -0.0130646
FixedParameters: 0 0 0

#Transform 21
Transform: AffineTransform_float_3_3
Parameters: 1 0.000239491 0.000232525 -0.000239509 0.999997 0.00218894 -0.000232476 -0.00218905 0.999997 -0.0224422 -0.10506 -0.00978168
FixedParameters: 0 0 0

#Transform 22
Transform: AffineTransform_float_3_3
Parameters: 0.999999 0.000478404 0.000861331 -0.000478595 0.999999 0.000691588 -0.000860669 -0.000691412 1 -0.0359523 -0.0304372 0.0678082
FixedParameters: 0 0 0

#Transform 23
Transform: AffineTransform_float_3_3
Parameters: 0.999999 0.000380879 0.000816056 -0.00038012 1 0.00014769 -0.000815943 -0.000148311 0.999999 -0.0408527 0.00201944 0.0356946
FixedParameters: 0 0 0

#Transform 24
Transform: AffineTransform_float_3_3
Parameters: 0.999999 0.000512366 0.000682725 -0.000511633 0.999999 -0.000536349 -0.000683274 0.00053665 0.999999 -0.0303627 0.0312407 -0.0441338
FixedParameters: 0 0 0

#Transform 25
Transform: AffineTransform_float_3_3
Parameters: 0.999999 -4.42949e-05 0.000816039 4.4705e-05 0.999999 -0.000863964 -0.000815962 0.000864036 1 -0.0379622 0.0300054 -0.0686365
FixedParameters: 0 0 0

#Transform 26
Transform: AffineTransform_float_3_3
Parameters: 1 0.000113921 -0.000117076 -0.000114078 1 -0.000670986 0.000116923 0.000671013 1 -0.00843643 0.0197484 -0.0831219
FixedParameters: 0 0 0

#Transform 27
Transform: AffineTransform_float_3_3
Parameters: 0.999999 0.000662563 0.00038403 -0.000662436 0.999998 -0.00146525 -0.000384971 0.00146474 0.999999 -0.0239113 0.0716015 -0.0210607
FixedParameters: 0 0 0

#Transform 28
Transform: AffineTransform_float_3_3
Parameters: 1 0.000947921 0.000382728 -0.000946079 0.999996 -0.00239836 -0.000385271 0.00239864 0.999997 -0.0228979 0.111078 -0.0493654
FixedParameters: 0 0 0

#Transform 29
Transform: AffineTransform_float_3_3
Parameters: 0.999999 0.000751245 0.000460978 -0.000749755 0.999996 -0.00269435 -0.000463022 0.00269465 0.999997 -0.0287218 0.133482 -0.0404411
FixedParameters: 0 0 0

#Transform 30
Transform: AffineTransform_float_3_3
Parameters: 0.999999 0.00123368 0.000147396 -0.00123332 0.999989 -0.00454418 -0.000152606 0.00454381 0.999989 -0.00979696 0.203296 -0.0870541
FixedParameters: 0 0 0

#Transform 31
Transform: AffineTransform_float_3_3
Parameters: 0.999998 0.00157971 -0.000514081 -0.00158129 0.999988 -0.00447919 0.000506922 0.0044798 0.99999 -0.0192559 0.204267 -0.105831
FixedParameters: 0 0 0

#Transform 32
Transform: AffineTransform_float_3_3
Parameters: 0.999999 0.000749914 -2.29998e-05 -0.000750086 0.999991 -0.00399998 1.99998e-05 0.00400001 0.999992 -0.0128245 0.179381 -0.130006
FixedParameters: 0 0 0

#Transform 33
Transform: AffineTransform_float_3_3
Parameters: 0.999999 0.000749931 -2.24276e-05 -0.000750071 0.999995 -0.00323698 2.05721e-05 0.00323702 0.999995 0.00370242 0.14683 -0.194493
FixedParameters: 0 0 0

#Transform 34
Transform: AffineTransform_float_3_3
Parameters: 1 0.000752409 0.000649218 -0.000749592 0.999993 -0.00370349 -0.00065178 0.00370251 0.999993 -0.0270071 0.144586 -0.194171
FixedParameters: 0 0 0

#Transform 35
Transform: AffineTransform_float_3_3
Parameters: 0.999999 0.000752838 0.000590399 -0.000750159 0.999988 -0.00479245 -0.000594601 0.00479156 0.999989 -0.0194327 0.201735 -0.12071
FixedParameters: 0 0 0

#Transform 36
Transform: AffineTransform_float_3_3
Parameters: 0.999999 0.000819952 0.000257992 -0.000819047 0.999993 -0.00367021 -0.000261008 0.00366979 0.999993 0.00939389 0.143213 -0.12648
FixedParameters: 0 0 0

#Transform 37
Transform: AffineTransform_float_3_3
Parameters: 1 0.00075277 0.00080542 -0.000750231 0.999994 -0.0034346 -0.000807581 0.00343339 0.999994 -0.0184723 0.152849 -0.0739532
FixedParameters: 0 0 0

#Transform 38
Transform: AffineTransform_float_3_3
Parameters: 0.999999 0.000750633 0.000259173 -0.000750367 0.999997 -0.00243519 -0.000260828 0.0024348 0.999997 -0.0437601 0.136163 -0.0818541
FixedParameters: 0 0 0

#Transform 39
Transform: AffineTransform_float_3_3
Parameters: 0.999998 0.00165267 -9.39766e-05 -0.00165333 0.999992 -0.00361585 8.80237e-05 0.00361515 0.999994 -0.042304 0.128648 0.0258613
FixedParameters: 0 0 0

#Transform 40
Transform: AffineTransform_float_3_3
Parameters: 0.999999 0.00165217 0.000409319 -0.00165083 0.999994 -0.00283468 -0.000413681 0.00283432 0.999996 -0.0510417 0.117658 0.0455874
FixedParameters: 0 0 0

#Transform 41
Transform: AffineTransform_float_3_3
Parameters: 0.999998 0.00187985 0.000338293 -0.00187915 0.999995 -0.00250464 -0.000342708 0.00250436 0.999997 -0.0553485 0.0724986 0.017724
FixedParameters: 0 0 0

#Transform 42
Transform: AffineTransform_float_3_3
Parameters: 0.999999 0.00153606 2.18235e-05 -0.00153593 0.999995 -0.00271904 -2.61763e-05 0.00271896 0.999997 -0.0317053 0.0969072 0.0231831
FixedParameters: 0 0 0

#Transform 43
Transform: AffineTransform_float_3_3
Parameters: 0.999998 0.00160033 0.000104019 -0.00159967 0.999994 -0.00311317 -0.00010898 0.00311283 0.999995 -0.0354508 0.115726 0.02026
FixedParameters: 0 0 0

#Transform 44
Transform: AffineTransform_float_3_3
Parameters: 0.999999 0.00136272 0.000486191 -0.00136127 0.999993 -0.00353166 -0.000490809 0.00353033 0.999993 -0.0410151 0.127688 -0.0160228
FixedParameters: 0 0 0

#Transform 45
Transform: AffineTransform_float_3_3
Parameters: 0.999999 0.00123633 0.000937622 -0.00123367 0.999993 -0.00354616 -0.00094138 0.00354484 0.999994 -0.0391766 0.109732 -0.0397508
FixedParameters: 0 0 0

#Transform 46
Transform: AffineTransform_float_3_3
Parameters: 0.999999 0.000937242 0.00149888 -0.000928758 0.999984 -0.0054894 -0.00150412 0.0054886 0.999984 -0.0711608 0.228572 -0.0316553
FixedParameters: 0 0 0

#Transform 47
Transform: AffineTransform_float_3_3
Parameters: 0.999996 0.00276105 0.000213887 -0.00275995 0.999985 -0.00475061 -0.000227114 0.00475039 0.999988 -0.0514836 0.170774 0.0565395
FixedParameters: 0 0 0

#Transform 48
Transform: AffineTransform_float_3_3
Parameters: 0.999996 0.0027607 0.000145227 -0.0027603 0.999986 -0.00462742 -0.000158776 0.00462758 0.99999 -0.0341357 0.189459 0.0225954
FixedParameters: 0 0 0

#Transform 49
Transform: AffineTransform_float_3_3
Parameters: 0.999996 0.00281977 -5.17367e-05 -0.00282023 0.999983 -0.00522588 3.72618e-05 0.00522613 0.999987 -0.0233203 0.186281 -0.098786
FixedParameters: 0 0 0

#Transform 50
Transform: AffineTransform_float_3_3
Parameters: 0.999996 0.00255138 7.26621e-05 -0.00255062 0.999985 -0.0048362 -8.53381e-05 0.0048368 0.999989 -0.0276826 0.169204 -0.103351
FixedParameters: 0 0 0

#Transform 51
Transform: AffineTransform_float_3_3
Parameters: 0.999997 0.0024553 5.61217e-05 -0.0024547 0.999986 -0.00483816 -6.78765e-05 0.00483785 0.999989 -0.0155365 0.16907 -0.134156
FixedParameters: 0 0 0

#Transform 52
Transform: AffineTransform_float_3_3
Parameters: 0.999997 0.00267578 0.000345448 -0.00267422 0.999983 -0.00506694 -0.000358554 0.00506606 0.999987 -0.0128132 0.194549 -0.126771
FixedParameters: 0 0 0

#Transform 53
Transform: AffineTransform_float_3_3
Parameters: 0.999997 0.00267278 0.000345527 -0.00267123 0.999983 -0.00504294 -0.000358475 0.00504206 0.999987 -0.0128707 0.184365 -0.164147
FixedParameters: 0 0 0

#Transform 54
Transform: AffineTransform_float_3_3
Parameters: 0.999996 0.00270368 0.000505876 -0.00270132 0.999982 -0.00522739 -0.000520125 0.00522561 0.999986 -0.0211042 0.18906 -0.169753
FixedParameters: 0 0 0

#Transform 55
Transform: AffineTransform_float_3_3
Parameters: 0.999997 0.00212079 0.00110193 -0.00211521 0.999984 -0.00522834 -0.00111307 0.00522565 0.999985 -0.0367487 0.217422 -0.0826229
FixedParameters: 0 0 0

#Transform 56
Transform: AffineTransform_float_3_3
Parameters: 0.999998 0.0012559 0.00110056 -0.0012521 0.999993 -0.00354138 -0.00110444 0.00353962 0.999993 -0.0542613 0.129857 -0.0292718
FixedParameters: 0 0 0

#Transform 57
Transform: AffineTransform_float_3_3
Parameters: 0.999997 0.00201373 0.00128116 -0.00201027 0.999994 -0.00290458 -0.00128684 0.00290142 0.999995 -0.0528921 0.113341 0.213456
FixedParameters: 0 0 0

#Transform 58
Transform: AffineTransform_float_3_3
Parameters: 0.999998 0.00199217 0.000691774 -0.00198983 0.999993 -0.00312738 -0.000697226 0.00312662 0.999995 -0.0158553 0.128061 0.154114
FixedParameters: 0 0 0

#Transform 59
Transform: AffineTransform_float_3_3
Parameters: 1 0.00108119 0.000442682 -0.00107981 0.999988 -0.00492348 -0.000447321 0.00492252 0.999988 0.0261115 0.204746 0.133427
FixedParameters: 0 0 0

#Transform 60
Transform: AffineTransform_float_3_3
Parameters: 0.999998 0.00230984 0.000173129 -0.00230916 0.999987 -0.00470741 -0.000183871 0.00470659 0.999989 0.00101835 0.168348 0.0558431
FixedParameters: 0 0 0

#Transform 61
Transform: AffineTransform_float_3_3
Parameters: 0.999995 0.00294926 0.000273715 -0.00294874 0.999986 -0.00450583 -0.000287289 0.00450517 0.99999 -0.00889896 0.160162 0.0556197
FixedParameters: 0 0 0

#Transform 62
Transform: AffineTransform_float_3_3
Parameters: 0.999996 0.00279662 0.000352406 -0.00279439 0.999986 -0.004505 -0.000364591 0.004504 0.99999 -0.0154573 0.172008 0.0240808
FixedParameters: 0 0 0

#Transform 63
Transform: AffineTransform_float_3_3
Parameters: 0.999996 0.00237383 0.00145453 -0.00236817 0.999989 -0.00399746 -0.00146348 0.00399454 0.999991 -0.0306507 0.163409 0.0311534
FixedParameters: 0 0 0

#Transform 64
Transform: AffineTransform_float_3_3
Parameters: 0.999998 0.0020173 0.00104466 -0.0020137 0.999993 -0.00314611 -0.00105134 0.00314389 0.999994 -0.018977 0.140292 0.0955465
FixedParameters: 0 0 0

#Transform 65
Transform: AffineTransform_float_3_3
Parameters: 1 2.97289e-05 0.0003871 -3.12707e-05 0.999994 0.00328399 -0.000386899 -0.00328401 0.999994 -0.0246893 -0.0937885 0.254236
FixedParameters: 0 0 0

#Transform 66
Transform: AffineTransform_float_3_3
Parameters: 0.999998 0.00103563 0.00205469 -0.00103637 0.999999 0.000665872 -0.00205431 -0.000668129 0.999997 -0.0951314 -0.00711961 0.250655
FixedParameters: 0 0 0

#Transform 67
Transform: AffineTransform_float_3_3
Parameters: 0.999997 0.00112764 0.00227218 -0.00112736 1 0.000156439 -0.00227182 -0.000158562 0.999998 -0.0815993 -0.00478654 0.199311
FixedParameters: 0 0 0

#Transform 68
Transform: AffineTransform_float_3_3
Parameters: 0.999998 0.00073547 0.00146376 -0.000734529 0.999999 -0.000322075 -0.00146324 0.000320924 0.999999 -0.0424627 0.00259251 0.133544
FixedParameters: 0 0 0

#Transform 69
Transform: AffineTransform_float_3_3
Parameters: 0.999997 0.000690253 0.00263341 -0.000687748 1 -0.000855815 -0.00263459 0.000854185 0.999996 -0.080198 0.0233533 0.0994574
FixedParameters: 0 0 0

#Transform 70
Transform: AffineTransform_float_3_3
Parameters: 0.999997 -8.13342e-05 0.00252102 8.26653e-05 1 -0.000263792 -0.00252098 0.000264206 0.999997 -0.0602538 0.0203079 0.185281
FixedParameters: 0 0 0

#Transform 71
Transform: AffineTransform_float_3_3
Parameters: 0.999995 -7.71798e-05 0.00314612 8.28192e-05 0.999999 -0.00153175 -0.00314588 0.00153225 0.999994 -0.0667787 0.0726888 0.140998
FixedParameters: 0 0 0

#Transform 72
Transform: AffineTransform_float_3_3
Parameters: 0.999995 -0.00020055 0.00295537 0.00020645 0.999999 -0.0018434 -0.00295562 0.0018446 0.999994 -0.0578763 0.0741693 0.132385
FixedParameters: 0 0 0

#Transform 73
Transform: AffineTransform_float_3_3
Parameters: 0.999994 -0.000136775 0.00347925 0.000143226 0.999999 -0.00178951 -0.00347875 0.00178949 0.999993 -0.0848365 0.0760975 0.138066
FixedParameters: 0 0 0

#Transform 74
Transform: AffineTransform_float_3_3
Parameters: 0.999994 -6.85329e-05 0.00358711 7.44661e-05 0.999999 -0.00152374 -0.00358689 0.00152426 0.999993 -0.0897298 0.0720393 0.180965
FixedParameters: 0 0 0

#Transform 75
Transform: AffineTransform_float_3_3
Parameters: 0.999992 -0.000182367 0.00398026 0.000187635 0.999999 -0.00141526 -0.00398074 0.00141574 0.999991 -0.0833366 0.0866259 0.190305
FixedParameters: 0 0 0

#Transform 76
Transform: AffineTransform_float_3_3
Parameters: 0.999995 0.000211853 0.00336314 -0.000214148 1 0.000638283 -0.00336387 -0.000638716 0.999994 -0.0672011 -0.0108927 0.223605
FixedParameters: 0 0 0

#Transform 77
Transform: AffineTransform_float_3_3
Parameters: 0.999991 0.000137251 0.00420106 -0.000139751 1 0.000416417 -0.00420094 -0.00041658 0.999991 -0.125591 0.000913646 0.267185
FixedParameters: 0 0 0

#Transform 78
Transform: AffineTransform_float_3_3
Parameters: 0.999986 -0.000494174 0.00523375 0.000501828 0.999999 -0.00149439 -0.00523326 0.00149661 0.999985 -0.155339 0.0836538 0.152541
FixedParameters: 0 0 0

#Transform 79
Transform: AffineTransform_float_3_3
Parameters: 0.999985 -0.000439349 0.00549294 0.000450654 0.999997 -0.00212056 -0.00549205 0.00212244 0.999982 -0.137002 0.117468 0.0628928
FixedParameters: 0 0 0

#Transform 80
Transform: AffineTransform_float_3_3
Parameters: 0.999984 -0.000489902 0.00551609 0.000502093 0.999997 -0.00219126 -0.00551491 0.00219474 0.999983 -0.134622 0.0977467 0.0484433
FixedParameters: 0 0 0

#Transform 81
Transform: AffineTransform_float_3_3
Parameters: 0.999986 -0.000490556 0.00539506 0.000502445 0.999997 -0.00212032 -0.00539395 0.00212268 0.999983 -0.1216 0.0989003 0.0642105
FixedParameters: 0 0 0

#Transform 82
Transform: AffineTransform_float_3_3
Parameters: 0.999986 -0.000680091 0.00524869 0.000692911 0.999996 -0.0024584 -0.00524731 0.0024616 0.999983 -0.122707 0.113604 0.0365793
FixedParameters: 0 0 0

#Transform 83
Transform: AffineTransform_float_3_3
Parameters: 0.999989 -0.00073773 0.00459699 0.000750268 0.999996 -0.00266758 -0.00459501 0.00267142 0.999986 -0.0889328 0.146459 0.171491
FixedParameters: 0 0 0

#Transform 84
Transform: AffineTransform_float_3_3
Parameters: 0.999992 -0.000931572 0.00405448 0.000937431 0.999999 -0.00158421 -0.00405352 0.00158779 0.99999 -0.0700247 0.0978567 0.211834
FixedParameters: 0 0 0

#Transform 85
Transform: AffineTransform_float_3_3
Parameters: 0.999987 -0.00071169 0.00519157 0.000723313 0.999998 -0.00217728 -0.00519044 0.00218073 0.999984 -0.121877 0.146097 0.227749
FixedParameters: 0 0 0

#Transform 86
Transform: AffineTransform_float_3_3
Parameters: 0.999986 -0.000549168 0.00537764 0.000564831 0.999996 -0.00294301 -0.00537536 0.002946 0.999981 -0.116712 0.135782 0.138304
FixedParameters: 0 0 0

#Transform 87
Transform: AffineTransform_float_3_3
Parameters: 0.999981 -0.000865611 0.0060688 0.000885386 0.999995 -0.00319269 -0.00606521 0.00319831 0.999977 -0.151454 0.142488 0.109777
FixedParameters: 0 0 0

#Transform 88
Transform: AffineTransform_float_3_3
Parameters: 0.999984 -0.000795312 0.00564452 0.000812688 0.999995 -0.00313246 -0.00564148 0.00313654 0.999979 -0.133019 0.148022 0.111311
FixedParameters: 0 0 0

#Transform 89
Transform: AffineTransform_float_3_3
Parameters: 0.999984 -0.000536354 0.00561971 0.000553644 0.999995 -0.00313894 -0.00561729 0.00314206 0.99998 -0.129671 0.148387 0.0730884
FixedParameters: 0 0 0

#Transform 90
Transform: AffineTransform_float_3_3
Parameters: 0.999985 -0.000620986 0.00553406 0.000639018 0.999995 -0.00325452 -0.00553195 0.00325749 0.99998 -0.119013 0.154552 0.0593383
FixedParameters: 0 0 0

#Transform 91
Transform: AffineTransform_float_3_3
Parameters: 0.999984 -0.000294796 0.00569297 0.0003122 0.999995 -0.00319627 -0.00569203 0.00319873 0.999978 -0.124318 0.151371 0.0589322
FixedParameters: 0 0 0

#Transform 92
Transform: AffineTransform_float_3_3
Parameters: 0.999981 -0.000760721 0.00603246 0.000780272 0.999994 -0.00319335 -0.00602953 0.00319864 0.999976 -0.137362 0.150813 0.0262067
FixedParameters: 0 0 0

#Transform 93
Transform: AffineTransform_float_3_3
Parameters: 0.999982 -0.000778603 0.00606952 0.000797393 0.999994 -0.00319322 -0.00606749 0.00319878 0.999977 -0.133475 0.134622 0.0140497
FixedParameters: 0 0 0

#Transform 94
Transform: AffineTransform_float_3_3
Parameters: 0.999982 -0.000740034 0.00607259 0.000760967 0.999994 -0.00345144 -0.00606941 0.00345555 0.999975 -0.1375 0.161926 0.0577911
FixedParameters: 0 0 0

#Transform 95
Transform: AffineTransform_float_3_3
Parameters: 0.999984 -0.000576795 0.00561111 0.000596204 0.999994 -0.00359971 -0.00560889 0.00360329 0.999978 -0.131243 0.182032 0.053715
FixedParameters: 0 0 0

#Transform 96
Transform: AffineTransform_float_3_3
Parameters: 0.999983 -0.000612965 0.00592522 0.000634031 0.999994 -0.00354831 -0.00592279 0.0035527 0.999976 -0.133407 0.192573 0.0544723
FixedParameters: 0 0 0

#Transform 97
Transform: AffineTransform_float_3_3
Parameters: 0.99998 -0.00019205 0.00642773 0.000214949 0.999993 -0.00356969 -0.00642728 0.00357131 0.999973 -0.151861 0.178122 0.0289215
FixedParameters: 0 0 0

#Transform 98
Transform: AffineTransform_float_3_3
Parameters: 0.99998 -0.000191876 0.00621875 0.00021512 0.999993 -0.00371773 -0.00621724 0.00371926 0.999974 -0.14084 0.164996 0.0264964
FixedParameters: 0 0 0

#Transform 99
Transform: AffineTransform_float_3_3
Parameters: 0.999983 -0.000193692 0.00579276 0.000214308 0.999993 -0.00367782 -0.00579225 0.00367919 0.999977 -0.136417 0.162898 0.00445182
FixedParameters: 0 0 0

#Transform 100
Transform: AffineTransform_float_3_3
Parameters: 0.999982 -0.000192987 0.00597775 0.000215012 0.999993 -0.00368178 -0.00597725 0.00368322 0.999976 -0.146049 0.160447 0.0306973
FixedParameters: 0 0 0

#Transform 101
Transform: AffineTransform_float_3_3
Parameters: 0.999983 -0.000190879 0.00583284 0.000215116 0.999992 -0.00413482 -0.00583116 0.00413619 0.999975 -0.14737 0.180691 0.0253702
FixedParameters: 0 0 0

#Transform 102
Transform: AffineTransform_float_3_3
Parameters: 0.999984 -0.000387964 0.00568676 0.000413036 0.99999 -0.00440172 -0.00568524 0.00440428 0.999974 -0.155447 0.194392 -0.0204746
FixedParameters: 0 0 0

#Transform 103
Transform: AffineTransform_float_3_3
Parameters: 0.999985 -0.000244546 0.00554809 0.000268457 0.999991 -0.00422757 -0.00554692 0.00422842 0.999975 -0.146679 0.209036 0.0161307
FixedParameters: 0 0 0

#Transform 104
Transform: AffineTransform_float_3_3
Parameters: 0.999981 -0.000188803 0.00603988 0.000215202 0.99999 -0.00433778 -0.00603912 0.00433822 0.999973 -0.163094 0.194625 -0.0053986
FixedParameters: 0 0 0

#Transform 105
Transform: AffineTransform_float_3_3
Parameters: 0.99998 -0.000294751 0.00641936 0.000323248 0.999991 -0.00440002 -0.00641764 0.00440198 0.999969 -0.172144 0.197895 -0.0206447
FixedParameters: 0 0 0

#Transform 106
Transform: AffineTransform_float_3_3
Parameters: 0.999978 -0.000186549 0.00655187 0.000214449 0.99999 -0.00434169 -0.00655113 0.00434331 0.999969 -0.178296 0.202685 -0.0290033
FixedParameters: 0 0 0

#Transform 107
Transform: AffineTransform_float_3_3
Parameters: 0.999977 -0.000455659 0.00675904 0.00048534 0.999991 -0.00433982 -0.00675696 0.00434318 0.999967 -0.191324 0.219739 0.0122892
FixedParameters: 0 0 0

#Transform 108
Transform: AffineTransform_float_3_3
Parameters: 0.999981 -0.000187426 0.00627488 0.000214575 0.999991 -0.00439474 -0.00627312 0.00439526 0.99997 -0.147172 0.208099 0.0148959
FixedParameters: 0 0 0

#Transform 109
Transform: AffineTransform_float_3_3
Parameters: 0.999975 -0.00053047 0.00694624 0.000559524 0.999992 -0.00410522 -0.00694376 0.00410979 0.999968 -0.162414 0.204887 -0.0141036
FixedParameters: 0 0 0

#Transform 110
Transform: AffineTransform_float_3_3
Parameters: 0.999976 -0.000642458 0.00687302 0.000674546 0.999989 -0.00458847 -0.00686998 0.00459252 0.999966 -0.176847 0.205656 0.00099395
FixedParameters: 0 0 0

#Transform 111
Transform: AffineTransform_float_3_3
Parameters: 0.999963 -0.00110567 0.00846888 0.00112033 0.999998 -0.00168757 -0.00846711 0.00169642 0.999962 -0.221431 0.150743 0.127465
FixedParameters: 0 0 0

#Transform 112
Transform: AffineTransform_float_3_3
Parameters: 0.999967 -0.00076547 0.00810273 0.000803537 0.999989 -0.00475365 -0.00809927 0.00475936 0.999956 -0.201304 0.21659 0.0967884
FixedParameters: 0 0 0

#Transform 113
Transform: AffineTransform_float_3_3
Parameters: 0.999971 -0.00064441 0.00752359 0.000673579 0.999992 -0.00393004 -0.0075204 0.00393596 0.999964 -0.162739 0.21222 0.0907701
FixedParameters: 0 0 0

#Transform 114
Transform: AffineTransform_float_3_3
Parameters: 0.999973 -0.000904256 0.00720605 0.000936739 0.99999 -0.00440237 -0.00720194 0.00440963 0.999965 -0.174751 0.212307 0.0163456
FixedParameters: 0 0 0

#Transform 115
Transform: AffineTransform_float_3_3
Parameters: 0.999976 -0.000643963 0.00686189 0.000674041 0.99999 -0.00437648 -0.00685912 0.00438052 0.999967 -0.154367 0.194895 0.00844014
FixedParameters: 0 0 0

#Transform 116
Transform: AffineTransform_float_3_3
Parameters: 0.999974 -0.000645698 0.0071966 0.000674306 0.999992 -0.00393125 -0.00719441 0.00393575 0.999967 -0.172117 0.190641 -0.00249862
FixedParameters: 0 0 0

#Transform 117
Transform: AffineTransform_float_3_3
Parameters: 0.999974 -0.000525998 0.00715935 0.000557002 0.999991 -0.00432913 -0.00715666 0.00433288 0.999965 -0.169147 0.215895 -0.0135745
FixedParameters: 0 0 0

#Transform 118
Transform: AffineTransform_float_3_3
Parameters: 0.999975 -0.000643951 0.00695985 0.000674053 0.999991 -0.00431642 -0.00695715 0.00432059 0.999967 -0.159974 0.217451 -0.050813
FixedParameters: 0 0 0

#Transform 119
Transform: AffineTransform_float_3_3
Parameters: 0.999975 9.7269e-05 0.00705465 -6.87256e-05 0.999992 -0.00414959 -0.00705534 0.00414842 0.999966 -0.173948 0.17306 -0.0552701
FixedParameters: 0 0 0

#Transform 120
Transform: AffineTransform_float_3_3
Parameters: 0.999977 7.29205e-06 0.00677103 2.22983e-05 0.99999 -0.00432695 -0.00677097 0.00432605 0.999967 -0.172798 0.186533 -0.0621331
FixedParameters: 0 0 0

#Transform 121
Transform: AffineTransform_float_3_3
Parameters: 0.999975 5.89201e-06 0.00708803 2.18986e-05 0.999993 -0.00393595 -0.00708797 0.00393506 0.999967 -0.173298 0.164319 -0.0396752
FixedParameters: 0 0 0

#Transform 122
Transform: AffineTransform_float_3_3
Parameters: 0.999977 9.45376e-06 0.00685403 2.24533e-05 0.99999 -0.00458896 -0.00685397 0.00458905 0.999966 -0.15728 0.205938 0.12404
FixedParameters: 0 0 0

#Transform 123
Transform: AffineTransform_float_3_3
Parameters: 0.999986 3.61086e-05 0.00542593 2.21096e-05 0.999942 -0.010709 -0.00542608 0.010709 0.999928 -0.0894041 0.424477 -0.3251
FixedParameters: 0 0 0

#Transform 124
Transform: AffineTransform_float_3_3
Parameters: 0.999987 -0.000395949 0.00512024 0.000386049 0.999998 0.001944 -0.00512176 -0.001942 0.999985 -0.0721924 -0.00493703 0.464753
FixedParameters: 0 0 0

#Transform 125
Transform: AffineTransform_float_3_3
Parameters: 0.999987 -0.000729525 0.00502236 0.000732476 0.999999 -0.000491328 -0.00502164 0.00049467 0.999988 -0.0316041 0.0595806 0.384704
FixedParameters: 0 0 0

#Transform 126
Transform: AffineTransform_float_3_3
Parameters: 0.999993 -0.000115406 0.00378505 0.000117593 1 -0.000420558 -0.00378495 0.00042144 0.999992 -0.00505723 0.0567142 0.362748
FixedParameters: 0 0 0

#Transform 127
Transform: AffineTransform_float_3_3
Parameters: 0.999992 -0.00011327 0.0041531 0.000117728 1 -0.000897519 -0.0041529 0.000898479 0.999991 -0.00227166 0.0502342 0.159826
FixedParameters: 0 0 0

#Transform 128
Transform: AffineTransform_float_3_3
Parameters: 0.999993 -0.000555062 0.0036566 0.000558937 1 -0.00107596 -0.0036554 0.00107804 0.999992 0.0480183 0.0482977 0.0916651
FixedParameters: 0 0 0

#Transform 129
Transform: AffineTransform_float_3_3
Parameters: 0.999994 0.000610579 0.00337235 -0.000606422 1 -0.00106205 -0.00337264 0.00105995 0.999994 -4.43475e-05 0.0709836 0.0224334
FixedParameters: 0 0 0

#Transform 130
Transform: AffineTransform_float_3_3
Parameters: 0.999993 0.00124584 0.00356862 -0.00123816 0.999998 -0.00191743 -0.00357038 0.00191257 0.999992 -0.030187 0.0987401 0.0508751
FixedParameters: 0 0 0

#Transform 131
Transform: AffineTransform_float_3_3
Parameters: 0.999993 0.00211846 0.00291003 -0.00211354 0.999996 -0.00187716 -0.00291396 0.00187084 0.999994 -0.030866 0.0863735 0.0439352
FixedParameters: 0 0 0

#Transform 132
Transform: AffineTransform_float_3_3
Parameters: 0.999994 0.00171544 0.00321163 -0.00171056 0.999997 -0.0013845 -0.00321437 0.00137849 0.999994 -0.0266349 0.0885835 0.0129265
FixedParameters: 0 0 0

#Transform 133
Transform: AffineTransform_float_3_3
Parameters: 0.999994 0.00124472 0.00328083 -0.00123828 0.999997 -0.00174607 -0.00328316 0.00174192 0.999993 -0.0342065 0.107891 0.0241098
FixedParameters: 0 0 0

#Transform 134
Transform: AffineTransform_float_3_3
Parameters: 0.999993 0.00145153 0.00339822 -0.00144447 0.999997 -0.00192392 -0.00340078 0.00191908 0.999993 -0.0387633 0.0897658 -0.0121772
FixedParameters: 0 0 0

#Transform 135
Transform: AffineTransform_float_3_3
Parameters: 0.999994 0.00196608 0.00283449 -0.00196093 0.999997 -0.00179157 -0.00283751 0.00178643 0.999995 -0.0045991 0.0932432 0.0301136
FixedParameters: 0 0 0

#Transform 136
Transform: AffineTransform_float_3_3
Parameters: 0.999997 0.00181735 0.00162061 -0.00181765 0.999999 -0.000216946 -0.00162139 0.000214054 0.999998 0.0153246 0.0698834 0.346233
FixedParameters: 0 0 0

#Transform 137
Transform: AffineTransform_float_3_3
Parameters: 0.999997 0.00252884 0.000947953 -0.00252216 0.999972 -0.00714742 -0.00096605 0.00714559 0.999974 0.0660601 0.312528 0.286492
FixedParameters: 0 0 0

#Transform 138
Transform: AffineTransform_float_3_3
Parameters: 0.999996 0.00284535 0.00109216 -0.00284065 0.999984 -0.00487012 -0.00110584 0.00486687 0.999987 0.0437164 0.214743 0.298436
FixedParameters: 0 0 0

#Transform 139
Transform: AffineTransform_float_3_3
Parameters: 0.999991 0.00436572 -0.000554239 -0.00436629 0.999991 -0.000511585 0.000552759 0.000514418 0.999999 0.010794 0.0333246 0.341146
FixedParameters: 0 0 0

#Transform 140
Transform: AffineTransform_float_3_3
Parameters: 0.999991 0.00436659 0.000569919 -0.00436441 0.999986 -0.00276851 -0.000581078 0.00276549 0.999996 -0.00155868 0.0942479 0.13228
FixedParameters: 0 0 0

#Transform 141
Transform: AffineTransform_float_3_3
Parameters: 0.999992 0.00388727 0.00106858 -0.00388273 0.999984 -0.00397018 -0.00108441 0.00396581 0.999991 -0.0115846 0.140421 0.13318
FixedParameters: 0 0 0

#Transform 142
Transform: AffineTransform_float_3_3
Parameters: 0.999993 0.00306138 0.00211234 -0.00305361 0.999989 -0.00349047 -0.00212366 0.00348352 0.999991 -0.0525693 0.133185 0.0928431
FixedParameters: 0 0 0

#Transform 143
Transform: AffineTransform_float_3_3
Parameters: 0.99999 0.00356758 0.00241189 -0.00355842 0.999986 -0.00396562 -0.00242512 0.00395739 0.999989 -0.0641414 0.148158 0.0717056
FixedParameters: 0 0 0

#Transform 144
Transform: AffineTransform_float_3_3
Parameters: 0.999992 0.00327294 0.00228987 -0.00326307 0.999986 -0.00432851 -0.00230314 0.0043215 0.999988 -0.0601036 0.190496 0.0865331
FixedParameters: 0 0 0

#Transform 145
Transform: AffineTransform_float_3_3
Parameters: 0.999993 0.00326795 0.00218069 -0.00325705 0.999982 -0.00500414 -0.00219732 0.00499686 0.999985 -0.0363641 0.201914 0.04302
FixedParameters: 0 0 0

#Transform 146
Transform: AffineTransform_float_3_3
Parameters: 0.999992 0.00331828 0.002329 -0.00330671 0.999983 -0.00483374 -0.00234499 0.00482526 0.999985 -0.0436589 0.200903 0.109227
FixedParameters: 0 0 0

#Transform 147
Transform: AffineTransform_float_3_3
Parameters: 0.999991 0.00249781 0.00363644 -0.0024752 0.999978 -0.00626306 -0.00365156 0.00625394 0.999974 -0.0648335 0.272684 0.108675
FixedParameters: 0 0 0

#Transform 148
Transform: AffineTransform_float_3_3
Parameters: 0.999986 0.00200961 0.00504196 -0.00197439 0.999973 -0.00705706 -0.00505605 0.00704695 0.999963 -0.0899825 0.311356 0.118296
FixedParameters: 0 0 0

#Transform 149
Transform: AffineTransform_float_3_3
Parameters: 0.999988 0.00246581 0.00425974 -0.00243419 0.999969 -0.00745646 -0.00427826 0.00744554 0.999963 -0.0590813 0.332532 0.0602894
FixedParameters: 0 0 0

#Transform 150
Transform: AffineTransform_float_3_3
Parameters: 0.999985 0.000942412 0.00527159 -0.000900585 0.999968 -0.00804186 -0.00527941 0.00803714 0.999954 -0.0554515 0.346513 0.030616
FixedParameters: 0 0 0

#Transform 151
Transform: AffineTransform_float_3_3
Parameters: 0.999981 0.000823565 0.00602181 -0.000777442 0.99997 -0.00773082 -0.00602719 0.00772618 0.999952 -0.0657959 0.345909 0.00647008
FixedParameters: 0 0 0

#Transform 152
Transform: AffineTransform_float_3_3
Parameters: 0.999982 0.00057051 0.00590268 -0.000524486 0.999969 -0.00787823 -0.00590731 0.00787476 0.999951 -0.0687078 0.342462 0.0229965
FixedParameters: 0 0 0

#Transform 153
Transform: AffineTransform_float_3_3
Parameters: 0.999986 0.000455054 0.00537838 -0.000409953 0.999965 -0.00837433 -0.00538163 0.00837268 0.999951 -0.0639002 0.388745 0.065891
FixedParameters: 0 0 0

#Transform 154
Transform: AffineTransform_float_3_3
Parameters: 0.999987 0.000474384 0.00518938 -0.000433617 0.999968 -0.00797336 -0.00519262 0.00797064 0.999954 -0.0709623 0.366931 0.140341
FixedParameters: 0 0 0

#Transform 155
Transform: AffineTransform_float_3_3
Parameters: 0.999986 0.000443172 0.00537862 -0.000399837 0.999967 -0.00802427 -0.00538139 0.00802273 0.999954 -0.0770029 0.36947 0.180371
FixedParameters: 0 0 0

#Transform 156
Transform: AffineTransform_float_3_3
Parameters: 0.999983 0.000466064 0.00578633 -0.000417941 0.999965 -0.00830455 -0.00578967 0.00830243 0.999949 -0.0955337 0.367214 0.203576
FixedParameters: 0 0 0

#Transform 157
Transform: AffineTransform_float_3_3
Parameters: 0.99998 0.00060304 0.00640389 -0.000545956 0.99996 -0.00890568 -0.00640912 0.00890132 0.99994 -0.120207 0.385432 0.219725
FixedParameters: 0 0 0

#Transform 158
Transform: AffineTransform_float_3_3
Parameters: 0.99998 0.00054713 0.00619329 -0.000491871 0.999959 -0.00906122 -0.00619771 0.00905778 0.99994 -0.117358 0.404425 0.164767
FixedParameters: 0 0 0

#Transform 159
Transform: AffineTransform_float_3_3
Parameters: 0.999979 0.000758802 0.00654846 -0.000700198 0.99996 -0.00897779 -0.00655455 0.00897223 0.999939 -0.132433 0.409465 0.148734
FixedParameters: 0 0 0
