#Insight Transform File V1.0
#Transform 0
Transform: AffineTransform_float_3_3
Parameters: 1 -4.1808e-08 -0.000624 -4.1808e-08 1 -6.7e-05 0.000624 6.7e-05 1 0.02757 -0.0273388 0.226909
FixedParameters: 0 0 0

#Transform 1
Transform: AffineTransform_float_3_3
Parameters: 0.999999 0.000827999 5.1336e-08 -0.000827999 0.999999 6.2e-05 5.1336e-08 -6.2e-05 1 -0.0174813 0.0695858 -0.0479237
FixedParameters: 0 0 0

#Transform 2
Transform: AffineTransform_float_3_3
Parameters: 0.999999 0.000931999 1.8174e-07 -0.000931999 0.999999 0.000195 1.8174e-07 -0.000195 1 -0.00963921 0.0979867 -0.136695
FixedParameters: 0 0 0

#Transform 3
Transform: AffineTransform_float_3_3
Parameters: 0.999999 0.000716 -1.71124e-07 -0.000716 0.999999 -0.000239 -1.71124e-07 0.000239 1 -0.013289 0.109672 -0.135326
FixedParameters: 0 0 0

#Transform 4
Transform: AffineTransform_float_3_3
Parameters: 0.999999 0.000717997 -1.11881e-05 -0.000718002 0.999999 -0.000261992 1.08119e-05 0.000262008 1 -0.0128933 0.0972661 -0.135049
FixedParameters: 0 0 0

#Transform 5
Transform: AffineTransform_float_3_3
Parameters: 1 5.00002e-05 -2.09995e-05 -4.99998e-05 1 1.0001e-05 2.10005e-05 -9.99895e-06 1 -0.0206254 0.0976883 -0.173998
FixedParameters: 0 0 0

#Transform 6
Transform: AffineTransform_float_3_3
Parameters: 1 0.000201081 9.98377e-05 -0.000200919 0.999999 -0.00080702 -0.000100162 0.000806979 0.999999 -0.0240935 0.140411 -0.138526
FixedParameters: 0 0 0

#Transform 7
Transform: AffineTransform_float_3_3
Parameters: 1 0.000162689 0.000521786 -0.000162311 0.999999 -0.00132009 -0.000522215 0.00131992 0.999999 -0.0167962 0.15117 -0.145014
FixedParameters: 0 0 0

#Transform 8
Transform: AffineTransform_float_3_3
Parameters: 1 0.000409526 0.000278228 -0.000408475 0.999998 -0.00188711 -0.000278771 0.00188689 0.999998 -0.00285879 0.171871 -0.1574
FixedParameters: 0 0 0

#Transform 9
Transform: AffineTransform_float_3_3
Parameters: 0.999999 0.000252293 0.000694531 -0.000250706 0.999998 -0.00186118 -0.000695468 0.00186083 0.999998 -0.023461 0.183411 -0.157414
FixedParameters: 0 0 0

#Transform 10
Transform: AffineTransform_float_3_3
Parameters: 0.999999 0.000267378 0.000762518 -0.000265623 0.999999 -0.0018072 -0.000762481 0.0018068 0.999998 -0.0262754 0.166928 -0.141118
FixedParameters: 0 0 0

#Transform 11
Transform: AffineTransform_float_3_3
Parameters: 1 0.000672541 0.000761642 -0.000671461 0.999997 -0.00202151 -0.000762359 0.00202049 0.999997 -0.0231879 0.184208 -0.138311
FixedParameters: 0 0 0

#Transform 12
Transform: AffineTransform_float_3_3
Parameters: 1 0.000672639 0.000761556 -0.000671363 0.999998 -0.00215051 -0.000762446 0.00214949 0.999998 -0.0210958 0.186894 -0.136661
FixedParameters: 0 0 0

#Transform 13
Transform: AffineTransform_float_3_3
Parameters: 0.999999 0.00067293 0.000761297 -0.000671069 0.999996 -0.00253451 -0.000762703 0.00253349 0.999997 -0.0211995 0.177017 -0.131983
FixedParameters: 0 0 0

#Transform 14
Transform: AffineTransform_float_3_3
Parameters: 0.999999 0.000672754 0.000761453 -0.000671246 0.999997 -0.00230251 -0.000762547 0.00230149 0.999997 -0.0212045 0.170722 -0.134273
FixedParameters: 0 0 0

#Transform 15
Transform: AffineTransform_float_3_3
Parameters: 1 0.000673103 0.000761146 -0.000670898 0.999996 -0.00275951 -0.000762855 0.00275949 0.999996 -0.0210568 0.208626 -0.11255
FixedParameters: 0 0 0

#Transform 16
Transform: AffineTransform_float_3_3
Parameters: 1 0.000672691 0.000761511 -0.000671312 0.999998 -0.00221751 -0.000762491 0.00221749 0.999998 -0.0210622 0.19536 -0.0999929
FixedParameters: 0 0 0

#Transform 17
Transform: AffineTransform_float_3_3
Parameters: 0.999999 0.000672924 0.000761302 -0.000671076 0.999996 -0.00252551 -0.000762696 0.00252449 0.999996 -0.0212137 0.163698 -0.138908
FixedParameters: 0 0 0

#Transform 18
Transform: AffineTransform_float_3_3
Parameters: 1 0.000673061 0.000761184 -0.000670941 0.999996 -0.00270351 -0.000762817 0.00270349 0.999996 -0.0132818 0.194359 -0.136676
FixedParameters: 0 0 0

#Transform 19
Transform: AffineTransform_float_3_3
Parameters: 0.999999 0.000673202 0.000761056 -0.000670796 0.999995 -0.00289151 -0.000762942 0.00289049 0.999995 -0.021184 0.202784 -0.134318
FixedParameters: 0 0 0

#Transform 20
Transform: AffineTransform_float_3_3
Parameters: 1 0.000673478 0.000811951 -0.000671522 0.999995 -0.00304855 -0.000814051 0.00304745 0.999995 -0.0234331 0.203094 -0.132227
FixedParameters: 0 0 0

#Transform 21
Transform: AffineTransform_float_3_3
Parameters: 1 0.000673408 0.000760876 -0.000670595 0.999995 -0.00316051 -0.000762123 0.00315949 0.999994 -0.021083 0.199419 -0.130868
FixedParameters: 0 0 0

#Transform 22
Transform: AffineTransform_float_3_3
Parameters: 0.999999 0.00038573 0.000854773 -0.000383269 0.999995 -0.00319133 -0.000856227 0.00319167 0.999994 -0.0289151 0.252328 -0.148316
FixedParameters: 0 0 0

#Transform 23
Transform: AffineTransform_float_3_3
Parameters: 0.999999 0.000463362 0.00119871 -0.000460637 0.999996 -0.00280356 -0.0012003 0.00280245 0.999996 -0.043252 0.187125 -0.146797
FixedParameters: 0 0 0

#Transform 24
Transform: AffineTransform_float_3_3
Parameters: 0.999999 0.000674183 0.001071 -0.000670817 0.999996 -0.00296972 -0.001073 0.00296828 0.999995 -0.035008 0.213178 -0.150905
FixedParameters: 0 0 0

#Transform 25
Transform: AffineTransform_float_3_3
Parameters: 1 0.000845866 0.000569238 -0.000844136 0.999995 -0.00326948 -0.000571763 0.00326852 0.999995 -0.015658 0.177276 -0.202376
FixedParameters: 0 0 0

#Transform 26
Transform: AffineTransform_float_3_3
Parameters: 0.999999 0.000672892 0.000650046 -0.000671107 0.999995 -0.00290743 -0.000651953 0.00290656 0.999995 -0.0317434 0.218037 -0.155127
FixedParameters: 0 0 0

#Transform 27
Transform: AffineTransform_float_3_3
Parameters: 0.999999 0.00118054 0.000499372 -0.00117946 0.999994 -0.00307559 -0.000502629 0.00307441 0.999995 -0.00324239 0.189087 -0.153182
FixedParameters: 0 0 0

#Transform 28
Transform: AffineTransform_float_3_3
Parameters: 1 0.000860274 0.000780501 -0.000857728 0.999996 -0.00290967 -0.000782499 0.00290833 0.999996 -0.0197329 0.218222 -0.154892
FixedParameters: 0 0 0

#Transform 29
Transform: AffineTransform_float_3_3
Parameters: 0.999999 0.00124572 0.000778666 -0.00124328 0.999993 -0.00348297 -0.000783334 0.00348203 0.999993 -0.0149687 0.187709 -0.18445
FixedParameters: 0 0 0

#Transform 30
Transform: AffineTransform_float_3_3
Parameters: 0.999999 0.000966457 0.0008161 -0.000964544 0.999995 -0.00300479 -0.000818902 0.00300421 0.999995 -0.019951 0.196827 -0.185388
FixedParameters: 0 0 0

#Transform 31
Transform: AffineTransform_float_3_3
Parameters: 0.999999 0.000928063 0.00110059 -0.000923938 0.999993 -0.00368702 -0.00110341 0.00368598 0.999992 -0.0199824 0.197995 -0.160145
FixedParameters: 0 0 0

#Transform 32
Transform: AffineTransform_float_3_3
Parameters: 0.999999 0.000759513 0.000540881 -0.000757486 0.999996 -0.00279241 -0.000543117 0.00279159 0.999996 -0.0103308 0.188264 -0.151471
FixedParameters: 0 0 0

#Transform 33
Transform: AffineTransform_float_3_3
Parameters: 0.999999 0.000749922 0.000391237 -0.000749078 0.999997 -0.00235229 -0.000392763 0.00235271 0.999997 -0.00364098 0.194312 -0.158401
FixedParameters: 0 0 0

#Transform 34
Transform: AffineTransform_float_3_3
Parameters: 0.999999 0.000612944 0.000365421 -0.000612055 0.999997 -0.00257722 -0.000367578 0.00257678 0.999996 0.00618453 0.161446 -0.163089
FixedParameters: 0 0 0

#Transform 35
Transform: AffineTransform_float_3_3
Parameters: 0.999999 0.00085167 0.000205238 -0.000851327 0.999995 -0.00324418 -0.000208763 0.00324382 0.999994 -0.0100421 0.122559 -0.234532
FixedParameters: 0 0 0

#Transform 36
Transform: AffineTransform_float_3_3
Parameters: 0.999999 0.000971212 -0.000247118 -0.000971787 0.999995 -0.00320876 0.000243883 0.00320924 0.999995 0.0111884 0.241617 -0.152103
FixedParameters: 0 0 0

#Transform 37
Transform: AffineTransform_float_3_3
Parameters: 1 0.00030545 -0.000237709 -0.000305551 0.999998 -0.00231893 0.000237292 0.00231807 0.999998 0.0134426 0.192356 -0.16305
FixedParameters: 0 0 0

#Transform 38
Transform: AffineTransform_float_3_3
Parameters: 1 0.000518159 -0.000371177 -0.000518841 0.999998 -0.00226981 0.000369823 0.00227019 0.999998 0.0198068 0.206776 -0.120497
FixedParameters: 0 0 0

#Transform 39
Transform: AffineTransform_float_3_3
Parameters: 0.999999 0.000725295 -0.00037636 -0.000726703 0.999998 -0.00187473 0.000374638 0.00187527 0.999998 0.0217518 0.19039 -0.109596
FixedParameters: 0 0 0

#Transform 40
Transform: AffineTransform_float_3_3
Parameters: 0.999999 0.000725156 -0.000275233 -0.000725843 0.999995 -0.0030778 0.000272767 0.0030782 0.999995 0.00446765 0.165814 -0.151623
FixedParameters: 0 0 0

#Transform 41
Transform: AffineTransform_float_3_3
Parameters: 0.999999 0.000582508 -0.000496756 -0.00058349 0.999996 -0.00300971 0.000494246 0.00300929 0.999996 0.0181172 0.185377 -0.195413
FixedParameters: 0 0 0

#Transform 42
Transform: AffineTransform_float_3_3
Parameters: 1 0.000500726 -0.00101213 -0.000503275 0.999998 -0.00224849 0.00101087 0.00224851 0.999997 0.0216247 0.156034 -0.205187
FixedParameters: 0 0 0

#Transform 43
Transform: AffineTransform_float_3_3
Parameters: 0.999999 0.000629775 -0.000813726 -0.000632222 0.999996 -0.00273649 0.000811273 0.00273651 0.999996 0.0143215 0.187299 -0.198991
FixedParameters: 0 0 0

#Transform 44
Transform: AffineTransform_float_3_3
Parameters: 1 0.000723623 -0.000798162 -0.000726377 0.999996 -0.00298242 0.000795838 0.00298258 0.999995 0.0199618 0.195957 -0.212662
FixedParameters: 0 0 0

#Transform 45
Transform: AffineTransform_float_3_3
Parameters: 1 0.00072387 -0.000653369 -0.00072613 0.999995 -0.00326653 0.000650632 0.00326648 0.999995 0.0218132 0.177159 -0.182542
FixedParameters: 0 0 0

#Transform 46
Transform: AffineTransform_float_3_3
Parameters: 1 0.000389779 -0.000428115 -0.000390223 0.999996 -0.00285583 0.000427887 0.00285617 0.999996 0.0362214 0.190054 -0.1666
FixedParameters: 0 0 0

#Transform 47
Transform: AffineTransform_float_3_3
Parameters: 0.999999 0.00072436 -0.000556143 -0.00072664 0.999996 -0.0029546 0.000553856 0.0029544 0.999996 0.0368494 0.161549 -0.183503
FixedParameters: 0 0 0

#Transform 48
Transform: AffineTransform_float_3_3
Parameters: 1 0.000553432 -0.00105887 -0.000556569 0.999994 -0.00337241 0.00105713 0.00337359 0.999994 0.0452914 0.186565 -0.178704
FixedParameters: 0 0 0

#Transform 49
Transform: AffineTransform_float_3_3
Parameters: 1 0.000723349 -0.000936055 -0.000726651 0.999995 -0.00283532 0.000933943 0.00283568 0.999995 0.0495465 0.187613 -0.162412
FixedParameters: 0 0 0

#Transform 50
Transform: AffineTransform_float_3_3
Parameters: 0.999999 0.000722976 -0.000993209 -0.000726024 0.999995 -0.00304828 0.000990792 0.00304872 0.999995 0.0363581 0.174117 -0.156111
FixedParameters: 0 0 0

#Transform 51
Transform: AffineTransform_float_3_3
Parameters: 0.999999 0.000723678 -0.000643619 -0.000726322 0.999993 -0.00361354 0.000641379 0.00361447 0.999994 0.0324178 0.180806 -0.17091
FixedParameters: 0 0 0

#Transform 52
Transform: AffineTransform_float_3_3
Parameters: 0.999999 0.000724369 -0.000495393 -0.000726633 0.999995 -0.00329964 0.000493605 0.00330036 0.999995 0.0258319 0.207162 -0.127538
FixedParameters: 0 0 0

#Transform 53
Transform: AffineTransform_float_3_3
Parameters: 1 0.00102678 -0.000477634 -0.00102822 0.999996 -0.00256351 0.000474365 0.00256449 0.999996 0.0211142 0.122163 -0.153101
FixedParameters: 0 0 0

#Transform 54
Transform: AffineTransform_float_3_3
Parameters: 1 0.000988121 -0.000629957 -0.000989879 0.999995 -0.00298938 0.000627043 0.00299062 0.999996 0.011967 0.190879 -0.130453
FixedParameters: 0 0 0

#Transform 55
Transform: AffineTransform_float_3_3
Parameters: 0.999999 0.000725671 -0.000135767 -0.000726329 0.999997 -0.0024349 0.000134232 0.0024351 0.999997 0.00100884 0.200725 -0.120401
FixedParameters: 0 0 0

#Transform 56
Transform: AffineTransform_float_3_3
Parameters: 0.999999 0.00140566 -0.00013363 -0.00140534 0.999995 -0.00258181 0.000129372 0.00258218 0.999996 -0.0136292 0.164097 -0.118827
FixedParameters: 0 0 0

#Transform 57
Transform: AffineTransform_float_3_3
Parameters: 0.999999 0.000813067 2.70333e-05 -0.000812932 0.999996 -0.00241902 -2.89666e-05 0.00241898 0.999997 -0.0158377 0.182929 -0.120672
FixedParameters: 0 0 0

#Transform 58
Transform: AffineTransform_float_3_3
Parameters: 1 0.00111209 2.55271e-05 -0.00111192 0.999994 -0.00312303 -2.84727e-05 0.00312297 0.999995 -0.00368844 0.164645 -0.143895
FixedParameters: 0 0 0

#Transform 59
Transform: AffineTransform_float_3_3
Parameters: 1 0.00104008 2.59038e-05 -0.00103992 0.999995 -0.00297703 -2.9096e-05 0.00297697 0.999995 -0.0128598 0.185353 -0.145691
FixedParameters: 0 0 0

#Transform 60
Transform: AffineTransform_float_3_3
Parameters: 1 0.00112008 2.57071e-05 -0.00111992 0.999995 -0.00294003 -2.82927e-05 0.00293997 0.999995 0.000938916 0.168902 -0.146116
FixedParameters: 0 0 0

#Transform 61
Transform: AffineTransform_float_3_3
Parameters: 0.999999 0.001211 0.000334389 -0.00121 0.999995 -0.00298341 -0.000338612 0.00298359 0.999996 -0.0245926 0.180813 -0.132568
FixedParameters: 0 0 0

#Transform 62
Transform: AffineTransform_float_3_3
Parameters: 1 0.000533168 -0.000348277 -0.000534831 0.999997 -0.00239281 0.000346722 0.00239219 0.999997 0.0097724 0.163152 -0.146272
FixedParameters: 0 0 0

#Transform 63
Transform: AffineTransform_float_3_3
Parameters: 1 0.000385641 -0.000424239 -0.000387358 0.999995 -0.00320683 0.00042276 0.00320716 0.999995 0.0247885 0.16386 -0.166042
FixedParameters: 0 0 0

#Transform 64
Transform: AffineTransform_float_3_3
Parameters: 1 0.000385743 -0.000359354 -0.000387259 0.999994 -0.00350386 0.000358645 0.00350414 0.999994 0.0065654 0.223544 -0.14596
FixedParameters: 0 0 0

#Transform 65
Transform: AffineTransform_float_3_3
Parameters: 1 0.000459324 -0.00042482 -0.000460677 0.999992 -0.00395481 0.000423182 0.0039542 0.999992 0.013417 0.222676 -0.17297
FixedParameters: 0 0 0

#Transform 66
Transform: AffineTransform_float_3_3
Parameters: 0.999999 0.000810343 -0.000426166 -0.000812656 0.999992 -0.00390266 0.000422832 0.00390235 0.999993 0.0196379 0.261399 -0.15806
FixedParameters: 0 0 0

#Transform 67
Transform: AffineTransform_float_3_3
Parameters: 0.999999 0.000810069 -0.000426686 -0.000811932 0.99999 -0.00454466 0.000423314 0.00454534 0.999989 0.0114658 0.249724 -0.170742
FixedParameters: 0 0 0

#Transform 68
Transform: AffineTransform_float_3_3
Parameters: 0.999999 0.000812299 7.37773e-05 -0.000812703 0.999992 -0.00396806 -7.62262e-05 0.00396894 0.999992 0.00899378 0.240978 -0.154114
FixedParameters: 0 0 0

#Transform 69
Transform: AffineTransform_float_3_3
Parameters: 0.999999 0.000810436 -0.000364498 -0.000812566 0.999991 -0.00431171 0.000361499 0.00431229 0.99999 0.0171432 0.254649 -0.138629
FixedParameters: 0 0 0

#Transform 70
Transform: AffineTransform_float_3_3
Parameters: 1 0.000808742 -0.000675918 -0.000812259 0.999988 -0.00483445 0.000672082 0.00483455 0.999988 0.0385103 0.260561 -0.132364
FixedParameters: 0 0 0

#Transform 71
Transform: AffineTransform_float_3_3
Parameters: 1 0.000809549 -0.000508922 -0.000812453 0.999988 -0.00483659 0.000505077 0.00483641 0.999988 0.0364913 0.290234 -0.132067
FixedParameters: 0 0 0

#Transform 72
Transform: AffineTransform_float_3_3
Parameters: 0.999998 0.00136708 -0.00150034 -0.00137392 0.999989 -0.00462395 0.00149366 0.00462605 0.999988 0.0500643 0.249244 -0.119459
FixedParameters: 0 0 0

#Transform 73
Transform: AffineTransform_float_3_3
Parameters: 0.999998 0.00108053 -0.0016057 -0.00108547 0.999993 -0.00341126 0.00160131 0.00341273 0.999993 0.0665065 0.226828 -0.12215
FixedParameters: 0 0 0

#Transform 74
Transform: AffineTransform_float_3_3
Parameters: 0.999999 0.00112108 -0.0014187 -0.00112692 0.99999 -0.00418041 0.0014133 0.00418259 0.999991 0.049933 0.286823 -0.112353
FixedParameters: 0 0 0

#Transform 75
Transform: AffineTransform_float_3_3
Parameters: 0.999997 0.00150665 -0.00160892 -0.00151435 0.999989 -0.00457958 0.00160208 0.00458143 0.999988 0.0600846 0.25376 -0.132643
FixedParameters: 0 0 0

#Transform 76
Transform: AffineTransform_float_3_3
Parameters: 0.999998 0.00123497 -0.00150198 -0.00124103 0.999991 -0.00402214 0.00149702 0.00402486 0.999991 0.0515141 0.25157 -0.120199
FixedParameters: 0 0 0

#Transform 77
Transform: AffineTransform_float_3_3
Parameters: 0.999997 0.00205196 -0.00133434 -0.00205804 0.999987 -0.00454426 0.00132466 0.00454673 0.999989 0.0293569 0.220833 -0.134557
FixedParameters: 0 0 0

#Transform 78
Transform: AffineTransform_float_3_3
Parameters: 0.999997 0.00176994 -0.00162174 -0.00177706 0.999989 -0.00436513 0.00161326 0.00436787 0.999989 0.0528309 0.275631 -0.106819
FixedParameters: 0 0 0

#Transform 79
Transform: AffineTransform_float_3_3
Parameters: 0.999997 0.00188879 -0.00188925 -0.00189721 0.999988 -0.00435543 0.00188075 0.00435957 0.999988 0.06 0.244882 -0.107298
FixedParameters: 0 0 0

#Transform 80
Transform: AffineTransform_float_3_3
Parameters: 0.999998 0.00200311 -0.00112475 -0.00200789 0.999989 -0.00436375 0.00111525 0.00436625 0.99999 0.0193819 0.264693 -0.0894765
FixedParameters: 0 0 0

#Transform 81
Transform: AffineTransform_float_3_3
Parameters: 0.999995 0.00251013 -0.00154584 -0.00251786 0.999984 -0.00510713 0.00153315 0.00511187 0.999986 0.0312451 0.276848 -0.116089
FixedParameters: 0 0 0

#Transform 82
Transform: AffineTransform_float_3_3
Parameters: 0.999994 0.00268465 -0.00215621 -0.00269535 0.999982 -0.00528022 0.00214179 0.00528578 0.999983 0.0422556 0.271249 -0.146356
FixedParameters: 0 0 0

#Transform 83
Transform: AffineTransform_float_3_3
Parameters: 0.999995 0.00245136 -0.00201578 -0.00246164 0.999986 -0.00479307 0.00200422 0.00479794 0.999987 0.035683 0.2713 -0.132638
FixedParameters: 0 0 0

#Transform 84
Transform: AffineTransform_float_3_3
Parameters: 0.999994 0.00250745 -0.00234135 -0.00251754 0.999986 -0.00451213 0.00232966 0.00451787 0.999987 0.0508415 0.234284 -0.138169
FixedParameters: 0 0 0

#Transform 85
Transform: AffineTransform_float_3_3
Parameters: 0.999995 0.00250812 -0.0022023 -0.00251788 0.999986 -0.00449348 0.0021917 0.00449852 0.999988 0.0447612 0.272687 -0.114945
FixedParameters: 0 0 0

#Transform 86
Transform: AffineTransform_float_3_3
Parameters: 0.999995 0.00245267 -0.00193886 -0.00246233 0.999986 -0.00482425 0.00192714 0.00482975 0.999987 0.0418604 0.251762 -0.113275
FixedParameters: 0 0 0

#Transform 87
Transform: AffineTransform_float_3_3
Parameters: 0.999995 0.00250886 -0.00197566 -0.00251813 0.999986 -0.00463505 0.00196334 0.00463995 0.999988 0.0345331 0.285434 -0.0867776
FixedParameters: 0 0 0

#Transform 88
Transform: AffineTransform_float_3_3
Parameters: 0.999995 0.00250781 -0.00197699 -0.00251819 0.999984 -0.00516905 0.001964 0.00517395 0.999984 0.0507205 0.265836 -0.107487
FixedParameters: 0 0 0

#Transform 89
Transform: AffineTransform_float_3_3
Parameters: 0.999995 0.0026538 -0.0016195 -0.0026622 0.999983 -0.00507871 0.00160649 0.00508328 0.999986 0.0515383 0.246725 -0.086276
FixedParameters: 0 0 0

#Transform 90
Transform: AffineTransform_float_3_3
Parameters: 0.999996 0.00250873 -0.00176127 -0.00251827 0.999983 -0.00527859 0.00174772 0.00528341 0.999984 0.0560169 0.257568 -0.0838985
FixedParameters: 0 0 0

#Transform 91
Transform: AffineTransform_float_3_3
Parameters: 0.999996 0.00250948 -0.0017066 -0.00251753 0.999985 -0.00501073 0.0016944 0.00501528 0.999986 0.0535867 0.247349 -0.0689804
FixedParameters: 0 0 0

#Transform 92
Transform: AffineTransform_float_3_3
Parameters: 0.999998 0.00191499 -0.000788807 -0.00191901 0.999985 -0.0051155 0.000778191 0.0051175 0.999986 0.0322166 0.220166 -0.0673607
FixedParameters: 0 0 0

#Transform 93
Transform: AffineTransform_float_3_3
Parameters: 0.999997 0.0019912 -0.00102339 -0.00199579 0.999987 -0.00470697 0.00101361 0.00470903 0.999989 0.0300896 0.218311 -0.0892828
FixedParameters: 0 0 0

#Transform 94
Transform: AffineTransform_float_3_3
Parameters: 0.999998 0.00208608 -0.000855622 -0.00208992 0.999987 -0.00460722 0.000846379 0.00460878 0.999989 0.0410085 0.207553 -0.0925971
FixedParameters: 0 0 0

#Transform 95
Transform: AffineTransform_float_3_3
Parameters: 0.999997 0.00208365 -0.000677379 -0.00208634 0.999986 -0.0049766 0.000666625 0.00497741 0.999988 0.0395382 0.224013 -0.0878088
FixedParameters: 0 0 0

#Transform 96
Transform: AffineTransform_float_3_3
Parameters: 0.999998 0.00195138 -0.000655835 -0.00195462 0.99999 -0.00401173 0.000648162 0.00401327 0.999991 0.0370747 0.197796 -0.0998877
FixedParameters: 0 0 0

#Transform 97
Transform: AffineTransform_float_3_3
Parameters: 0.999997 0.002253 -0.000825982 -0.002257 0.999985 -0.00486915 0.000815018 0.00487085 0.999988 0.0385373 0.246557 -0.0703486
FixedParameters: 0 0 0

#Transform 98
Transform: AffineTransform_float_3_3
Parameters: 0.999997 0.00218397 -0.00124762 -0.00219003 0.999986 -0.00485228 0.00123738 0.00485572 0.999988 0.0345299 0.252677 -0.0707915
FixedParameters: 0 0 0

#Transform 99
Transform: AffineTransform_float_3_3
Parameters: 0.999997 0.00219042 -0.000852258 -0.00219458 0.999988 -0.00422214 0.00084274 0.00422386 0.99999 0.0170951 0.23613 -0.0784872
FixedParameters: 0 0 0

#Transform 100
Transform: AffineTransform_float_3_3
Parameters: 0.999998 0.0019616 -0.000794457 -0.00196441 0.999989 -0.00430645 0.000786547 0.00430755 0.999991 0.0168373 0.275682 -0.0369951
FixedParameters: 0 0 0

#Transform 101
Transform: AffineTransform_float_3_3
Parameters: 0.999997 0.00200252 -0.000794823 -0.00200648 0.999989 -0.00440142 0.000786173 0.00440359 0.99999 0.0232178 0.23796 -0.0484087
FixedParameters: 0 0 0

#Transform 102
Transform: AffineTransform_float_3_3
Parameters: 0.999998 0.00212017 -0.000796267 -0.00212383 0.999986 -0.00483732 0.000786733 0.00483968 0.999988 0.0356289 0.282175 -0.0404473
FixedParameters: 0 0 0

#Transform 103
Transform: AffineTransform_float_3_3
Parameters: 0.999997 0.00226315 -0.000797013 -0.00226685 0.999985 -0.0048612 0.000785988 0.00486279 0.999988 0.0155586 0.283371 -0.0402192
FixedParameters: 0 0 0

#Transform 104
Transform: AffineTransform_float_3_3
Parameters: 0.999992 0.0039582 0.000471897 -0.0039558 0.999981 -0.0045759 -0.000490099 0.0045731 0.99999 -0.0545259 0.291741 -0.0348208
FixedParameters: 0 0 0

#Transform 105
Transform: AffineTransform_float_3_3
Parameters: 0.999996 -0.000270967 -0.00301186 0.000258033 0.99999 -0.0043048 0.00301314 0.0043042 0.999986 0.17307 0.2067 -0.108258
FixedParameters: 0 0 0

#Transform 106
Transform: AffineTransform_float_3_3
Parameters: 1 0.00066392 -0.000610368 -0.000667079 0.999987 -0.00506059 0.000606633 0.0050604 0.999987 0.0610207 0.253068 -0.116243
FixedParameters: 0 0 0

#Transform 107
Transform: AffineTransform_float_3_3
Parameters: 0.999987 0.00454807 0.00258011 -0.00453494 0.999977 -0.00504677 -0.0026029 0.00503523 0.999984 -0.103846 0.282785 -0.114276
FixedParameters: 0 0 0

#Transform 108
Transform: AffineTransform_float_3_3
Parameters: 0.999995 0.00292648 0.00108671 -0.00291952 0.999978 -0.0059152 -0.00110428 0.0059118 0.999982 -0.0285858 0.284192 -0.104686
FixedParameters: 0 0 0

#Transform 109
Transform: AffineTransform_float_3_3
Parameters: 0.999998 0.0022625 -0.000491668 -0.00226451 0.999984 -0.0051539 0.000480334 0.0051551 0.999986 0.0261469 0.28518 -0.0819609
FixedParameters: 0 0 0

#Transform 110
Transform: AffineTransform_float_3_3
Parameters: 0.999999 0.00133316 -0.000501615 -0.00133584 0.999983 -0.00570533 0.000494386 0.00570566 0.999983 0.051536 0.254517 -0.13206
FixedParameters: 0 0 0

#Transform 111
Transform: AffineTransform_float_3_3
Parameters: 0.999998 0.00173527 -0.000175338 -0.00173572 0.999989 -0.0042277 0.000167663 0.0042283 0.999991 0.0395029 0.240792 -0.0965616
FixedParameters: 0 0 0

#Transform 112
Transform: AffineTransform_float_3_3
Parameters: 0.999998 0.0014772 -0.000606861 -0.0014808 0.999988 -0.00464011 0.000600133 0.00464189 0.999989 0.0393657 0.242899 -0.0825427
FixedParameters: 0 0 0

#Transform 113
Transform: AffineTransform_float_3_3
Parameters: 0.999998 0.00167023 -0.000388685 -0.00167277 0.999988 -0.00459836 0.00038131 0.00459965 0.99999 0.041977 0.242735 -0.0934122
FixedParameters: 0 0 0

#Transform 114
Transform: AffineTransform_float_3_3
Parameters: 0.999999 0.0015161 1.34979e-05 -0.0015159 0.999983 -0.00560803 -2.25015e-05 0.00560797 0.999985 0.0333164 0.303694 -0.102396
FixedParameters: 0 0 0

#Transform 115
Transform: AffineTransform_float_3_3
Parameters: 0.999998 0.00159858 -0.000454598 -0.00160142 0.999985 -0.00537428 0.0004454 0.00537472 0.999986 0.0384219 0.283444 -0.105737
FixedParameters: 0 0 0

#Transform 116
Transform: AffineTransform_float_3_3
Parameters: 0.999999 0.00146382 -0.000204612 -0.00146518 0.999981 -0.0058807 0.000196386 0.00588129 0.999982 0.0432576 0.311118 -0.0991731
FixedParameters: 0 0 0

#Transform 117
Transform: AffineTransform_float_3_3
Parameters: 0.999998 0.00167073 0.0003057 -0.00166827 0.999983 -0.00556952 -0.000315295 0.00556848 0.999985 0.0229331 0.316967 -0.0885728
FixedParameters: 0 0 0

#Transform 118
Transform: AffineTransform_float_3_3
Parameters: 0.999998 0.00166664 -6.67692e-05 -0.00166736 0.999982 -0.0058609 5.62285e-05 0.0058611 0.999983 0.039516 0.337488 -0.0745327
FixedParameters: 0 0 0

#Transform 119
Transform: AffineTransform_float_3_3
Parameters: 0.999998 0.00193155 -0.000238069 -0.00193345 0.999978 -0.00624555 0.000225928 0.00624644 0.99998 0.0435565 0.320451 -0.069925
FixedParameters: 0 0 0

#Transform 120
Transform: AffineTransform_float_3_3
Parameters: 0.999998 0.00192959 -0.000608905 -0.00193341 0.999982 -0.00564583 0.000598092 0.00564717 0.999984 0.0440824 0.32355 -0.0939389
FixedParameters: 0 0 0

#Transform 121
Transform: AffineTransform_float_3_3
Parameters: 0.999996 0.00221343 -0.00147197 -0.00222257 0.999981 -0.00584875 0.00145902 0.00585125 0.999982 0.0570453 0.332794 -0.0907787
FixedParameters: 0 0 0

#Transform 122
Transform: AffineTransform_float_3_3
Parameters: 0.999996 0.00249467 -0.00176172 -0.00250433 0.999979 -0.00588661 0.00174629 0.00589038 0.999981 0.0594236 0.318095 -0.0880965
FixedParameters: 0 0 0

#Transform 123
Transform: AffineTransform_float_3_3
Parameters: 0.999995 0.0024718 -0.00168506 -0.0024812 0.999979 -0.00607785 0.00166995 0.00608116 0.99998 0.0555889 0.319726 -0.0673544
FixedParameters: 0 0 0

#Transform 124
Transform: AffineTransform_float_3_3
Parameters: 0.999996 0.00247932 -0.0014846 -0.00248768 0.999979 -0.00587533 0.0014704 0.00587867 0.999981 0.0689371 0.317549 -0.0536441
FixedParameters: 0 0 0

#Transform 125
Transform: AffineTransform_float_3_3
Parameters: 0.999996 0.00248746 -0.0014844 -0.00249654 0.99998 -0.00577632 0.0014706 0.00577968 0.999982 0.0629102 0.284058 -0.0508374
FixedParameters: 0 0 0

#Transform 126
Transform: AffineTransform_float_3_3
Parameters: 0.999997 0.00218521 -0.00158817 -0.0021938 0.999982 -0.00555754 0.00157583 0.00556147 0.999984 0.0699734 0.301662 -0.0535786
FixedParameters: 0 0 0

#Transform 127
Transform: AffineTransform_float_3_3
Parameters: 0.999997 0.00226228 -0.00148339 -0.00227173 0.99998 -0.00590465 0.00147061 0.00590835 0.999982 0.0662677 0.291813 -0.0693782
FixedParameters: 0 0 0

#Transform 128
Transform: AffineTransform_float_3_3
Parameters: 0.999996 0.00244116 -0.00148299 -0.00244884 0.999983 -0.00530939 0.00147001 0.00531361 0.999985 0.0632788 0.283873 -0.0645946
FixedParameters: 0 0 0

#Transform 129
Transform: AffineTransform_float_3_3
Parameters: 0.999996 0.00268642 -0.00148562 -0.00269558 0.999979 -0.00580202 0.00147038 0.00580598 0.999982 0.0716267 0.305932 -0.0583072
FixedParameters: 0 0 0

#Transform 130
Transform: AffineTransform_float_3_3
Parameters: 0.999996 0.00261549 -0.00148333 -0.00262252 0.999983 -0.00508613 0.00147068 0.00508987 0.999986 0.0706161 0.292071 -0.0419053
FixedParameters: 0 0 0

#Transform 131
Transform: AffineTransform_float_3_3
Parameters: 0.999996 0.00268684 -0.00148486 -0.00269516 0.999981 -0.00551902 0.00147014 0.00552297 0.999983 0.071644 0.311439 -0.0531719
FixedParameters: 0 0 0

#Transform 132
Transform: AffineTransform_float_3_3
Parameters: 0.999996 0.00268987 -0.000894586 -0.00269513 0.999979 -0.00578761 0.000879412 0.00579039 0.999983 0.0592272 0.283947 -0.0751261
FixedParameters: 0 0 0

#Transform 133
Transform: AffineTransform_float_3_3
Parameters: 0.999995 0.00268546 -0.00166647 -0.00269553 0.99998 -0.00574754 0.00165053 0.00575146 0.999982 0.0796178 0.304683 -0.0666096
FixedParameters: 0 0 0

#Transform 134
Transform: AffineTransform_float_3_3
Parameters: 0.999995 0.00268735 -0.00130686 -0.00269565 0.999979 -0.0058905 0.00129114 0.00589349 0.999982 0.0636212 0.322743 -0.0323575
FixedParameters: 0 0 0

#Transform 135
Transform: AffineTransform_float_3_3
Parameters: 0.999996 0.00269012 -0.000897749 -0.00269488 0.999982 -0.0054766 0.000883252 0.0054784 0.999984 0.0529167 0.296831 -0.0389087
FixedParameters: 0 0 0

#Transform 136
Transform: AffineTransform_float_3_3
Parameters: 0.999997 0.00253138 -0.000896163 -0.00253662 0.999984 -0.00519375 0.000882834 0.00519626 0.999986 0.0473281 0.279839 -0.0425606
FixedParameters: 0 0 0

#Transform 137
Transform: AffineTransform_float_3_3
Parameters: 0.999996 0.0025931 -0.00119311 -0.0025999 0.999979 -0.00581692 0.00117789 0.00582008 0.999983 0.0572515 0.291466 -0.0272992
FixedParameters: 0 0 0

#Transform 138
Transform: AffineTransform_float_3_3
Parameters: 0.999996 0.00268717 -0.00145455 -0.00269482 0.999982 -0.00540611 0.00143945 0.00540989 0.999985 0.0701742 0.277435 -0.0125939
FixedParameters: 0 0 0

#Transform 139
Transform: AffineTransform_float_3_3
Parameters: 0.999995 0.00268854 -0.00121835 -0.00269545 0.999982 -0.00532774 0.00120365 0.00533126 0.999985 0.0596213 0.29825 0.00551509
FixedParameters: 0 0 0

#Transform 140
Transform: AffineTransform_float_3_3
Parameters: 0.999996 0.00268718 -0.00136353 -0.00269483 0.999979 -0.00577035 0.00134847 0.00577365 0.999983 0.0661297 0.277689 0.00851318
FixedParameters: 0 0 0

#Transform 141
Transform: AffineTransform_float_3_3
Parameters: 0.999995 0.00268625 -0.00156116 -0.00269575 0.999981 -0.00563082 0.00154584 0.00563518 0.999983 0.0603084 0.276438 0.00895386
FixedParameters: 0 0 0

#Transform 142
Transform: AffineTransform_float_3_3
Parameters: 0.999995 0.00268648 -0.00158552 -0.00269551 0.999982 -0.00539475 0.00157048 0.00539825 0.999984 0.0600932 0.292609 0.0189127
FixedParameters: 0 0 0

#Transform 143
Transform: AffineTransform_float_3_3
Parameters: 0.999993 0.00302219 -0.00198105 -0.00303181 0.999983 -0.00496803 0.00196595 0.00497397 0.999985 0.0739799 0.239001 0.000290188
FixedParameters: 0 0 0

#Transform 144
Transform: AffineTransform_float_3_3
Parameters: 0.999994 0.00295173 -0.00137966 -0.00295827 0.999981 -0.00529594 0.00136435 0.00530005 0.999985 0.0598034 0.30426 0.015695
FixedParameters: 0 0 0

#Transform 145
Transform: AffineTransform_float_3_3
Parameters: 0.999994 0.00319221 -0.00131363 -0.00319879 0.999982 -0.00520083 0.00129737 0.00520517 0.999985 0.0598126 0.272829 0.0037967
FixedParameters: 0 0 0

#Transform 146
Transform: AffineTransform_float_3_3
Parameters: 0.999995 0.00288554 -0.0014252 -0.00289345 0.999982 -0.0052579 0.0014098 0.0052611 0.999985 0.0610372 0.311624 0.0152635
FixedParameters: 0 0 0

#Transform 147
Transform: AffineTransform_float_3_3
Parameters: 0.999994 0.003018 -0.00129246 -0.003025 0.99998 -0.00544512 0.00127654 0.00544888 0.999985 0.0625921 0.282763 -0.00973087
FixedParameters: 0 0 0

#Transform 148
Transform: AffineTransform_float_3_3
Parameters: 0.999995 0.00281639 -0.00141821 -0.00282361 0.999981 -0.00539102 0.00140379 0.00539498 0.999985 0.0598709 0.312788 0.00632613
FixedParameters: 0 0 0

#Transform 149
Transform: AffineTransform_float_3_3
Parameters: 0.999994 0.002974 -0.00144261 -0.002982 0.99998 -0.00557673 0.00142539 0.00558127 0.999984 0.0627852 0.292393 0.00734376
FixedParameters: 0 0 0

#Transform 150
Transform: AffineTransform_float_3_3
Parameters: 0.999995 0.0028058 -0.00129175 -0.0028122 0.999981 -0.0056044 0.00127626 0.00560761 0.999984 0.054064 0.306077 0.00855422
FixedParameters: 0 0 0

#Transform 151
Transform: AffineTransform_float_3_3
Parameters: 0.999995 0.00265106 -0.00123698 -0.00265894 0.99998 -0.00564273 0.00122201 0.00564526 0.999984 0.0497812 0.326016 0.00913913
FixedParameters: 0 0 0

#Transform 152
Transform: AffineTransform_float_3_3
Parameters: 0.999996 0.0027568 -0.00124212 -0.00276421 0.999979 -0.0058366 0.00122589 0.00583941 0.999982 0.0537514 0.272623 0.0112201
FixedParameters: 0 0 0

#Transform 153
Transform: AffineTransform_float_3_3
Parameters: 0.999996 0.00274598 -0.00124164 -0.00275302 0.99998 -0.00568661 0.00122636 0.00569039 0.999983 0.0704977 0.299409 0.0256036
FixedParameters: 0 0 0

#Transform 154
Transform: AffineTransform_float_3_3
Parameters: 0.999996 0.0027395 -0.00124046 -0.00274651 0.999983 -0.00526962 0.00122654 0.00527339 0.999986 0.0593416 0.275209 0.0243032
FixedParameters: 0 0 0

#Transform 155
Transform: AffineTransform_float_3_3
Parameters: 0.999995 0.00270841 -0.00124049 -0.00271459 0.999982 -0.00534266 0.00122651 0.00534635 0.999985 0.069941 0.303248 0.0253404
FixedParameters: 0 0 0

#Transform 156
Transform: AffineTransform_float_3_3
Parameters: 0.999996 0.0026931 -0.000910609 -0.00269789 0.999981 -0.00541856 0.00089539 0.00542143 0.999985 0.0549863 0.265892 0.000845201
FixedParameters: 0 0 0

#Transform 157
Transform: AffineTransform_float_3_3
Parameters: 0.999996 0.00270832 -0.0012407 -0.00271469 0.999981 -0.00541765 0.00122631 0.00542134 0.999984 0.0647073 0.306703 0.0129317
FixedParameters: 0 0 0

#Transform 158
Transform: AffineTransform_float_3_3
Parameters: 0.999996 0.00255758 -0.00061245 -0.00256142 0.999981 -0.00564545 0.000598548 0.00564655 0.999984 0.0400642 0.291135 0.0127016
FixedParameters: 0 0 0

#Transform 159
Transform: AffineTransform_float_3_3
Parameters: 0.999996 0.00261459 -0.000448268 -0.0026174 0.999981 -0.00545384 0.000433732 0.00545415 0.999985 0.040583 0.292603 0.00990803
FixedParameters: 0 0 0
