# transform file /out/sourcedata/freesurfer/sub-v2s1x29917_ses-1/mri/transforms/cc_up.lta
# created by oesteban on Thu Mar 12 22:09:18 2026

type      = 0 # LINEAR_VOX_TO_VOX
nxforms   = 1
mean      = 127.0000 138.0000 125.0000
sigma     = 10000.0000
1 4 4
9.973121285438538e-01 -2.767189219594002e-02 6.784390658140182e-02 -2.575996160507202e+00 
2.760808542370796e-02 9.996170997619629e-01 1.878088572993875e-03 4.311677455902100e+00 
-6.786989420652390e-02 -1.164153218269348e-10 9.976941347122192e-01 1.189120292663574e+01 
0.000000000000000e+00 0.000000000000000e+00 0.000000000000000e+00 1.000000000000000e+00 
src volume info
valid = 1  # volume info valid
filename = /out/sourcedata/freesurfer/sub-v2s1x29917_ses-1/mri/norm.mgz
volume = 256 256 256
voxelsize = 8.999999761581421e-01 8.999999761581421e-01 8.999999761581421e-01
xras   = -9.999998807907104e-01 0.000000000000000e+00 0.000000000000000e+00
yras   = 0.000000000000000e+00 0.000000000000000e+00 -9.999999403953552e-01
zras   = 0.000000000000000e+00 1.000000000000000e+00 0.000000000000000e+00
cras   = 3.073654174804688e+00 4.003900146484375e+01 3.719986724853516e+01
dst volume info
valid = 1  # volume info valid
filename = /out/sourcedata/freesurfer/sub-v2s1x29917_ses-1/mri/norm.mgz
volume = 256 256 256
voxelsize = 8.999999761581421e-01 8.999999761581421e-01 8.999999761581421e-01
xras   = -9.999998807907104e-01 0.000000000000000e+00 0.000000000000000e+00
yras   = 0.000000000000000e+00 0.000000000000000e+00 -9.999999403953552e-01
zras   = 0.000000000000000e+00 1.000000000000000e+00 0.000000000000000e+00
cras   = 3.073654174804688e+00 4.003900146484375e+01 3.719986724853516e+01
