#Insight Transform File V1.0
#Transform 0
Transform: AffineTransform_float_3_3
Parameters: 0.99999 -0.00445196 0.000372323 0.00445005 0.999977 0.00509571 -0.000394679 -0.00509429 0.999987 -0.0174948 -0.424058 0.813783
FixedParameters: 0 0 0

#Transform 1
Transform: AffineTransform_float_3_3
Parameters: 0.999997 -0.00221338 0.00145331 0.00220262 0.999973 0.00710623 -0.00146869 -0.00710277 0.999973 -0.0608476 -0.295897 0.106472
FixedParameters: 0 0 0

#Transform 2
Transform: AffineTransform_float_3_3
Parameters: 0.999993 -0.00309679 0.00211035 0.0030832 0.999977 0.00603855 -0.00212964 -0.00603144 0.999979 -0.0796008 -0.250464 0.0608593
FixedParameters: 0 0 0

#Transform 3
Transform: AffineTransform_float_3_3
Parameters: 0.999996 -0.0023307 0.00162661 0.0023223 0.999983 0.0053298 -0.0016394 -0.0053262 0.999985 -0.0452221 -0.207642 0.0625233
FixedParameters: 0 0 0

#Transform 4
Transform: AffineTransform_float_3_3
Parameters: 0.999998 -0.00187366 0.000792056 0.00186934 0.999981 0.00584849 -0.000802944 -0.00584651 0.999982 -0.0226425 -0.260195 0.0498583
FixedParameters: 0 0 0

#Transform 5
Transform: AffineTransform_float_3_3
Parameters: 0.999998 -0.00206175 0.000985067 0.00205526 0.999981 0.00579704 -0.000996929 -0.00579496 0.999982 -0.0415156 -0.245335 0.0668534
FixedParameters: 0 0 0

#Transform 6
Transform: AffineTransform_float_3_3
Parameters: 0.999998 -0.00188715 0.000937698 0.00188184 0.999984 0.00546678 -0.0009483 -0.00546522 0.999984 -0.0306075 -0.240988 0.0123364
FixedParameters: 0 0 0

#Transform 7
Transform: AffineTransform_float_3_3
Parameters: 0.999998 -0.00187967 0.000120996 0.00187833 0.999984 0.00532324 -0.000131 -0.00532276 0.999986 0.00145546 -0.206914 -0.0406954
FixedParameters: 0 0 0

#Transform 8
Transform: AffineTransform_float_3_3
Parameters: 0.999998 -0.00197982 0.000662644 0.00197618 0.999989 0.00422432 -0.000671354 -0.00422368 0.999991 -0.0318252 -0.170011 -0.0169239
FixedParameters: 0 0 0

#Transform 9
Transform: AffineTransform_float_3_3
Parameters: 0.999999 -0.00142596 0.000664696 0.00142304 0.999989 0.00442595 -0.000671304 -0.00442505 0.99999 -0.0271153 -0.200548 0.0118626
FixedParameters: 0 0 0

#Transform 10
Transform: AffineTransform_float_3_3
Parameters: 0.999999 -0.00133672 0.000757221 0.00133428 0.999992 0.00357901 -0.00076178 -0.00357799 0.999994 -0.0241847 -0.129407 0.0641638
FixedParameters: 0 0 0

#Transform 11
Transform: AffineTransform_float_3_3
Parameters: 0.999999 -0.00133732 0.000471266 0.00133568 0.999995 0.00279363 -0.000474732 -0.00279237 0.999996 -0.0128949 -0.117126 0.0569875
FixedParameters: 0 0 0

#Transform 12
Transform: AffineTransform_float_3_3
Parameters: 0.999999 -0.00133707 0.000471989 0.00133593 0.999996 0.00225363 -0.000475012 -0.00225337 0.999998 -0.0129266 -0.0837035 0.069438
FixedParameters: 0 0 0

#Transform 13
Transform: AffineTransform_float_3_3
Parameters: 0.999999 -0.00133727 0.000471414 0.00133573 0.999995 0.00268363 -0.000474587 -0.00268337 0.999997 -0.0128796 -0.146501 0.00236644
FixedParameters: 0 0 0

#Transform 14
Transform: AffineTransform_float_3_3
Parameters: 1 -0.00106765 0.000473534 0.00106735 0.999999 0.00137351 -0.000474467 -0.00137349 0.999999 -0.00884904 -0.0614603 0.0574902
FixedParameters: 0 0 0

#Transform 15
Transform: AffineTransform_float_3_3
Parameters: 1 -0.000910991 0.000473097 0.00091001 0.999998 0.00209043 -0.000474903 -0.00208957 0.999997 -0.00632514 -0.096673 0.0261395
FixedParameters: 0 0 0

#Transform 16
Transform: AffineTransform_float_3_3
Parameters: 1 -0.00109062 0.000301757 0.00108938 0.999998 0.00205733 -0.000304241 -0.00205667 0.999998 -0.000362823 -0.106287 0.0171719
FixedParameters: 0 0 0

#Transform 17
Transform: AffineTransform_float_3_3
Parameters: 1 -0.000910783 0.000473499 0.000909219 0.999998 0.00164943 -0.0004745 -0.00164857 0.999998 -0.0226109 -0.0801686 0.0183117
FixedParameters: 0 0 0

#Transform 18
Transform: AffineTransform_float_3_3
Parameters: 1 -0.000505472 0.000261089 0.000505528 0.999998 0.00180413 -0.000261912 -0.00180387 0.999999 -0.00253645 -0.115892 -0.0348019
FixedParameters: 0 0 0

#Transform 19
Transform: AffineTransform_float_3_3
Parameters: 0.999999 -1.91418e-05 0.00072497 1.78581e-05 0.999999 0.00157501 -0.000725028 -0.00157499 0.999998 -0.0253468 -0.0909724 0.0297194
FixedParameters: 0 0 0

#Transform 20
Transform: AffineTransform_float_3_3
Parameters: 1 1.29515e-05 6.10103e-05 -1.30485e-05 0.999999 0.000794999 -6.09896e-05 -0.000795 0.999999 -0.00222034 -0.0515141 -0.00491252
FixedParameters: 0 0 0

#Transform 21
Transform: AffineTransform_float_3_3
Parameters: 1 -0.000393042 6.07304e-05 0.000392958 0.999999 0.000686024 -6.12696e-05 -0.000685976 1 -0.00849025 -0.0429597 -0.0559216
FixedParameters: 0 0 0

#Transform 22
Transform: AffineTransform_float_3_3
Parameters: 1 -0.000738031 0.000806057 0.000736969 0.999999 0.00127859 -0.000806942 -0.0012774 0.999999 -0.0625885 -0.0806298 -0.075998
FixedParameters: 0 0 0

#Transform 23
Transform: AffineTransform_float_3_3
Parameters: 1 -0.000419054 0.000539957 0.000419945 1 0.000101227 -0.000540042 -0.000100774 1 -0.0403362 -0.00451867 -0.0540932
FixedParameters: 0 0 0

#Transform 24
Transform: AffineTransform_float_3_3
Parameters: 1 0.000768844 -0.00075016 -0.000769156 0.999999 -0.000207423 0.00074984 0.000208577 0.999999 0.0342477 0.0115704 -0.0793278
FixedParameters: 0 0 0

#Transform 25
Transform: AffineTransform_float_3_3
Parameters: 1 0.000315911 -9.23058e-05 -0.00031509 1 -0.000967971 9.2695e-05 0.000968029 0.999999 0.00524335 0.0629492 -0.0706006
FixedParameters: 0 0 0

#Transform 26
Transform: AffineTransform_float_3_3
Parameters: 0.999999 0.000610689 -0.000759056 -0.00061131 0.999999 -0.00172754 0.000757944 0.00172846 0.999998 0.0459028 0.0846756 -0.0565616
FixedParameters: 0 0 0

#Transform 27
Transform: AffineTransform_float_3_3
Parameters: 0.999999 0.00109958 -0.000760063 -0.00110042 0.999997 -0.00187416 0.000757939 0.00187483 0.999998 0.0470721 0.125499 0.0172126
FixedParameters: 0 0 0

#Transform 28
Transform: AffineTransform_float_3_3
Parameters: 0.999998 0.00150901 -0.00141918 -0.00151199 0.999996 -0.00210686 0.00141582 0.00210914 0.999997 0.0719897 0.0721656 -0.010787
FixedParameters: 0 0 0

#Transform 29
Transform: AffineTransform_float_3_3
Parameters: 0.999998 0.00179255 -0.00144828 -0.00179645 0.999995 -0.0023814 0.00144472 0.0023846 0.999996 0.078378 0.114934 0.0520651
FixedParameters: 0 0 0

#Transform 30
Transform: AffineTransform_float_3_3
Parameters: 0.999997 0.00219454 -0.000875188 -0.00219646 0.999993 -0.00281708 0.000868814 0.00281891 0.999995 0.0141316 0.148983 0.0952566
FixedParameters: 0 0 0

#Transform 31
Transform: AffineTransform_float_3_3
Parameters: 0.999996 0.00239811 -0.00139941 -0.00240289 0.999991 -0.00350265 0.00139159 0.00350635 0.999993 0.0623851 0.193049 0.12825
FixedParameters: 0 0 0

#Transform 32
Transform: AffineTransform_float_3_3
Parameters: 0.999997 0.00239386 -0.0011854 -0.00239814 0.999991 -0.00350317 0.0011776 0.00350683 0.999993 0.0458242 0.218131 0.167083
FixedParameters: 0 0 0

#Transform 33
Transform: AffineTransform_float_3_3
Parameters: 0.999995 0.00299354 -0.000735243 -0.00299747 0.999984 -0.00475382 0.000721758 0.00475519 0.999989 0.0338865 0.296412 0.16796
FixedParameters: 0 0 0

#Transform 34
Transform: AffineTransform_float_3_3
Parameters: 0.999994 0.00317886 -0.000824139 -0.00318214 0.999982 -0.0050724 0.000807866 0.00507459 0.999987 0.0410026 0.306943 0.0603949
FixedParameters: 0 0 0

#Transform 35
Transform: AffineTransform_float_3_3
Parameters: 0.999995 0.00299315 -0.000824112 -0.00299685 0.999985 -0.00471055 0.000809887 0.00471345 0.999988 0.0453369 0.330165 0.0443978
FixedParameters: 0 0 0

#Transform 36
Transform: AffineTransform_float_3_3
Parameters: 0.999995 0.00299159 -0.000897229 -0.00299741 0.999977 -0.00608634 0.00087877 0.00608866 0.999981 0.0481371 0.3837 0.0231362
FixedParameters: 0 0 0

#Transform 37
Transform: AffineTransform_float_3_3
Parameters: 0.999996 0.00299338 -0.000603236 -0.00299662 0.999977 -0.00608722 0.000585768 0.00608878 0.999982 0.0326279 0.365087 -0.113729
FixedParameters: 0 0 0

#Transform 38
Transform: AffineTransform_float_3_3
Parameters: 0.999992 0.00376248 -0.00135768 -0.00377151 0.999968 -0.00707894 0.00133033 0.00708406 0.999974 0.0866519 0.415408 -0.0507288
FixedParameters: 0 0 0

#Transform 39
Transform: AffineTransform_float_3_3
Parameters: 0.999993 0.00371665 -0.00111953 -0.00372636 0.999957 -0.0084699 0.00108847 0.00847412 0.999964 0.0576271 0.473086 -0.030668
FixedParameters: 0 0 0

#Transform 40
Transform: AffineTransform_float_3_3
Parameters: 0.999992 0.0036459 -0.0013611 -0.0036571 0.99996 -0.00824209 0.00133089 0.00824692 0.999965 0.0512703 0.446328 0.0575516
FixedParameters: 0 0 0

#Transform 41
Transform: AffineTransform_float_3_3
Parameters: 0.999993 0.00349228 -0.00128693 -0.00350073 0.999971 -0.00684154 0.00126307 0.00684646 0.999976 0.0555088 0.371073 -0.0113634
FixedParameters: 0 0 0

#Transform 42
Transform: AffineTransform_float_3_3
Parameters: 0.999994 0.00339827 -0.00134808 -0.00340573 0.999981 -0.00501944 0.00133091 0.00502456 0.999987 0.0403803 0.300641 -0.0879912
FixedParameters: 0 0 0

#Transform 43
Transform: AffineTransform_float_3_3
Parameters: 0.999995 0.00298911 -0.00113597 -0.00299689 0.999971 -0.00700563 0.00111503 0.00700837 0.999975 0.0104237 0.408125 -0.0643675
FixedParameters: 0 0 0

#Transform 44
Transform: AffineTransform_float_3_3
Parameters: 0.999993 0.00356559 -0.00113476 -0.00357441 0.999965 -0.00749399 0.00110824 0.007498 0.999972 0.00862259 0.432673 -0.0876876
FixedParameters: 0 0 0

#Transform 45
Transform: AffineTransform_float_3_3
Parameters: 0.999994 0.00330876 -0.00109422 -0.00331723 0.999965 -0.00761142 0.00106878 0.00761458 0.999971 0.0268483 0.433803 -0.0349314
FixedParameters: 0 0 0

#Transform 46
Transform: AffineTransform_float_3_3
Parameters: 0.999993 0.00356423 -0.00129814 -0.00357377 0.999964 -0.00760242 0.00127086 0.00760658 0.999971 0.0239016 0.432236 -0.00734762
FixedParameters: 0 0 0

#Transform 47
Transform: AffineTransform_float_3_3
Parameters: 0.999993 0.00356349 -0.00130017 -0.00357451 0.99996 -0.00817241 0.00127082 0.00817659 0.999966 0.0281869 0.464989 -0.00512276
FixedParameters: 0 0 0

#Transform 48
Transform: AffineTransform_float_3_3
Parameters: 0.999992 0.00356051 -0.00175169 -0.00357449 0.999963 -0.0077578 0.00172431 0.0077642 0.999969 0.0578643 0.442605 -0.039551
FixedParameters: 0 0 0

#Transform 49
Transform: AffineTransform_float_3_3
Parameters: 0.999992 0.00355957 -0.00175361 -0.00357444 0.999959 -0.0082978 0.00172439 0.00830321 0.999964 0.0579085 0.464904 -0.0236095
FixedParameters: 0 0 0

#Transform 50
Transform: AffineTransform_float_3_3
Parameters: 0.999993 0.00356025 -0.00154997 -0.00357375 0.999953 -0.00896052 0.00151803 0.00896646 0.999958 0.0624654 0.489319 -0.0398426
FixedParameters: 0 0 0

#Transform 51
Transform: AffineTransform_float_3_3
Parameters: 0.999992 0.00355855 -0.0018766 -0.00357446 0.999959 -0.00829636 0.0018474 0.00830264 0.999964 0.0823923 0.408732 -0.124257
FixedParameters: 0 0 0

#Transform 52
Transform: AffineTransform_float_3_3
Parameters: 0.999993 0.00336709 -0.00165355 -0.00337991 0.999964 -0.00786847 0.00162644 0.00787453 0.999967 0.0678958 0.439159 -0.0473954
FixedParameters: 0 0 0

#Transform 53
Transform: AffineTransform_float_3_3
Parameters: 0.999995 0.00284745 -0.00174137 -0.00285856 0.999978 -0.00608706 0.00172463 0.00609195 0.99998 0.0669821 0.373737 -0.0134687
FixedParameters: 0 0 0

#Transform 54
Transform: AffineTransform_float_3_3
Parameters: 0.999995 0.00284572 -0.0017442 -0.00285829 0.999971 -0.00708106 0.0017248 0.00708595 0.999974 0.076136 0.400484 -0.0461365
FixedParameters: 0 0 0

#Transform 55
Transform: AffineTransform_float_3_3
Parameters: 0.999994 0.0028386 -0.00223486 -0.0028584 0.999958 -0.00872567 0.00221013 0.00873233 0.99996 0.091576 0.501518 0.00150085
FixedParameters: 0 0 0

#Transform 56
Transform: AffineTransform_float_3_3
Parameters: 0.999993 0.00316159 -0.00169113 -0.00317742 0.999952 -0.00918969 0.00166286 0.00919432 0.999957 0.0571918 0.473844 -0.00756696
FixedParameters: 0 0 0

#Transform 57
Transform: AffineTransform_float_3_3
Parameters: 0.999993 0.00316941 -0.00168466 -0.00318458 0.999952 -0.0093317 0.00165434 0.00933731 0.999955 0.0471077 0.4776 0.0049323
FixedParameters: 0 0 0

#Transform 58
Transform: AffineTransform_float_3_3
Parameters: 0.999994 0.00321602 -0.00136401 -0.00322898 0.999948 -0.00962165 0.00133298 0.00962634 0.999953 0.0500551 0.498076 -0.0534579
FixedParameters: 0 0 0

#Transform 59
Transform: AffineTransform_float_3_3
Parameters: 0.999993 0.00331359 -0.00159052 -0.00332841 0.999946 -0.00978777 0.00155749 0.00979222 0.999951 0.0434186 0.508977 -0.0902238
FixedParameters: 0 0 0

#Transform 60
Transform: AffineTransform_float_3_3
Parameters: 0.999993 0.00355192 -0.00169541 -0.00357007 0.999935 -0.010782 0.00165659 0.010788 0.999941 0.0615108 0.572799 -0.0553503
FixedParameters: 0 0 0

#Transform 61
Transform: AffineTransform_float_3_3
Parameters: 0.999993 0.00339358 -0.00169641 -0.00341341 0.999927 -0.0115763 0.00165659 0.0115817 0.999931 0.0514872 0.594964 -0.0833701
FixedParameters: 0 0 0

#Transform 62
Transform: AffineTransform_float_3_3
Parameters: 0.999993 0.00357737 -0.00144877 -0.00359362 0.999925 -0.0116449 0.00140624 0.0116501 0.999931 0.0519972 0.607298 -0.024905
FixedParameters: 0 0 0

#Transform 63
Transform: AffineTransform_float_3_3
Parameters: 0.999993 0.00349404 -0.00125737 -0.00350895 0.99992 -0.0120977 0.00121463 0.0121013 0.999926 0.0436411 0.649835 -0.0317623
FixedParameters: 0 0 0

#Transform 64
Transform: AffineTransform_float_3_3
Parameters: 0.99999 0.00396472 -0.00170729 -0.00398528 0.999912 -0.0126473 0.00165671 0.0126547 0.999919 0.0687512 0.662141 -0.0282307
FixedParameters: 0 0 0

#Transform 65
Transform: AffineTransform_float_3_3
Parameters: 0.99999 0.00426978 -0.00171094 -0.00429123 0.999912 -0.0125978 0.00165706 0.0126052 0.999919 0.0823607 0.66313 -0.0113709
FixedParameters: 0 0 0

#Transform 66
Transform: AffineTransform_float_3_3
Parameters: 0.99999 0.00410653 -0.00170953 -0.00412747 0.99991 -0.0127541 0.00165648 0.0127609 0.999917 0.0797351 0.673654 -0.0535606
FixedParameters: 0 0 0

#Transform 67
Transform: AffineTransform_float_3_3
Parameters: 0.999991 0.00403837 -0.00139414 -0.00405662 0.999909 -0.0128805 0.00134185 0.0128855 0.999916 0.0581317 0.67224 -0.0776267
FixedParameters: 0 0 0

#Transform 68
Transform: AffineTransform_float_3_3
Parameters: 0.999991 0.00401902 -0.00134978 -0.00403699 0.9999 -0.0135957 0.00129522 0.0136013 0.999906 0.0629746 0.710096 -0.0846943
FixedParameters: 0 0 0

#Transform 69
Transform: AffineTransform_float_3_3
Parameters: 0.99999 0.00409411 -0.00171278 -0.00411688 0.9999 -0.0135831 0.00165622 0.0135899 0.999907 0.0800052 0.745871 -0.0912613
FixedParameters: 0 0 0

#Transform 70
Transform: AffineTransform_float_3_3
Parameters: 0.99999 0.0043059 -0.00171865 -0.00433009 0.999889 -0.0142727 0.00165635 0.0142803 0.999896 0.0811051 0.783479 -0.0749625
FixedParameters: 0 0 0

#Transform 71
Transform: AffineTransform_float_3_3
Parameters: 0.999991 0.00416471 -0.00135959 -0.0041833 0.999886 -0.0145114 0.00129942 0.0145165 0.999894 0.0577682 0.754654 -0.0830864
FixedParameters: 0 0 0

#Transform 72
Transform: AffineTransform_float_3_3
Parameters: 0.999991 0.00381379 -0.00146668 -0.0038342 0.999894 -0.0140335 0.00141232 0.0140395 0.999901 0.0659193 0.74791 -0.083579
FixedParameters: 0 0 0

#Transform 73
Transform: AffineTransform_float_3_3
Parameters: 0.99999 0.00424105 -0.0013224 -0.00425995 0.999883 -0.0146775 0.0012596 0.0146825 0.999892 0.0565179 0.765913 -0.107131
FixedParameters: 0 0 0

#Transform 74
Transform: AffineTransform_float_3_3
Parameters: 0.999987 0.004749 -0.00172734 -0.00477399 0.999879 -0.0147679 0.00165666 0.014776 0.999889 0.0908422 0.769929 -0.0899111
FixedParameters: 0 0 0

#Transform 75
Transform: AffineTransform_float_3_3
Parameters: 0.999986 0.00488485 -0.00173257 -0.00491114 0.999869 -0.0154237 0.00165643 0.0154313 0.999879 0.0785638 0.820818 -0.104112
FixedParameters: 0 0 0

#Transform 76
Transform: AffineTransform_float_3_3
Parameters: 0.999983 0.00557426 -0.00199405 -0.00560574 0.999851 -0.0162811 0.00190296 0.0162919 0.999866 0.101257 0.85023 -0.126547
FixedParameters: 0 0 0

#Transform 77
Transform: AffineTransform_float_3_3
Parameters: 0.999983 0.0055772 -0.00180551 -0.00560581 0.999851 -0.0163602 0.00171449 0.0163698 0.999864 0.0995866 0.871266 -0.0919506
FixedParameters: 0 0 0

#Transform 78
Transform: AffineTransform_float_3_3
Parameters: 0.999983 0.00557695 -0.0017523 -0.00560605 0.999839 -0.0170375 0.0016567 0.0170465 0.999854 0.0852377 0.867966 -0.153261
FixedParameters: 0 0 0

#Transform 79
Transform: AffineTransform_float_3_3
Parameters: 0.999979 0.00602475 -0.00235022 -0.00606425 0.999836 -0.0170681 0.00224678 0.0170819 0.999851 0.116009 0.886009 -0.101534
FixedParameters: 0 0 0

#Transform 80
Transform: AffineTransform_float_3_3
Parameters: 0.999978 0.00623818 -0.00226881 -0.00627582 0.999834 -0.0170621 0.00216219 0.0170759 0.999852 0.106236 0.912101 -0.130337
FixedParameters: 0 0 0

#Transform 81
Transform: AffineTransform_float_3_3
Parameters: 0.999979 0.00623466 -0.00134504 -0.00625634 0.999845 -0.0164929 0.00124196 0.0165011 0.999863 0.0569757 0.868232 -0.046934
FixedParameters: 0 0 0

#Transform 82
Transform: AffineTransform_float_3_3
Parameters: 0.999978 0.00637702 -0.00176702 -0.00640699 0.999826 -0.0175181 0.00165498 0.0175289 0.999845 0.0754589 0.932865 -0.124844
FixedParameters: 0 0 0

#Transform 83
Transform: AffineTransform_float_3_3
Parameters: 0.999973 0.00694437 -0.00242945 -0.00698663 0.999813 -0.0179995 0.00230456 0.0180155 0.999835 0.109104 0.950009 -0.146618
FixedParameters: 0 0 0

#Transform 84
Transform: AffineTransform_float_3_3
Parameters: 0.999976 0.00654156 -0.00237062 -0.00658342 0.999818 -0.0179148 0.00225237 0.0179302 0.999836 0.0954475 0.913478 -0.131767
FixedParameters: 0 0 0

#Transform 85
Transform: AffineTransform_float_3_3
Parameters: 0.999971 0.00693057 -0.00296456 -0.00698642 0.999786 -0.0194678 0.00282845 0.0194882 0.999806 0.139888 0.990232 -0.166285
FixedParameters: 0 0 0

#Transform 86
Transform: AffineTransform_float_3_3
Parameters: 0.999967 0.0074492 -0.00322077 -0.00751381 0.999767 -0.0202725 0.00306922 0.0202955 0.99979 0.13184 1.02309 -0.206907
FixedParameters: 0 0 0

#Transform 87
Transform: AffineTransform_float_3_3
Parameters: 0.999966 0.00761271 -0.00322754 -0.00767829 0.999756 -0.0207219 0.00306945 0.0207461 0.99978 0.135299 1.03808 -0.197733
FixedParameters: 0 0 0

#Transform 88
Transform: AffineTransform_float_3_3
Parameters: 0.999968 0.00692124 -0.00387777 -0.00698675 0.999827 -0.0172074 0.00375824 0.0172336 0.999845 0.162438 0.835334 -0.169936
FixedParameters: 0 0 0

#Transform 89
Transform: AffineTransform_float_3_3
Parameters: 0.999962 0.00737118 -0.00449927 -0.0074548 0.999793 -0.0189042 0.00435873 0.0189368 0.999811 0.213819 0.94051 -0.0938549
FixedParameters: 0 0 0

#Transform 90
Transform: AffineTransform_float_3_3
Parameters: 0.999966 0.00690154 -0.00439612 -0.00698645 0.999781 -0.0197289 0.00425888 0.019759 0.999795 0.216683 0.962047 -0.155688
FixedParameters: 0 0 0

#Transform 91
Transform: AffineTransform_float_3_3
Parameters: 0.999967 0.00767519 -0.0026924 -0.00772382 0.999797 -0.0186128 0.0025496 0.0186332 0.999823 0.129045 0.917619 -0.25695
FixedParameters: 0 0 0

#Transform 92
Transform: AffineTransform_float_3_3
Parameters: 0.999968 0.0075374 -0.00269214 -0.0075876 0.999793 -0.0189162 0.00254885 0.0189358 0.999818 0.099316 0.997886 -0.131805
FixedParameters: 0 0 0

#Transform 93
Transform: AffineTransform_float_3_3
Parameters: 0.999972 0.00714901 -0.00249495 -0.00719599 0.999786 -0.0193616 0.00235605 0.0193794 0.99981 0.114033 1.00875 -0.160623
FixedParameters: 0 0 0

#Transform 94
Transform: AffineTransform_float_3_3
Parameters: 0.999967 0.00765762 -0.00269657 -0.00770739 0.999786 -0.0191959 0.00254944 0.0192162 0.999812 0.134951 1.00963 -0.0913485
FixedParameters: 0 0 0

#Transform 95
Transform: AffineTransform_float_3_3
Parameters: 0.999966 0.00764229 -0.00312193 -0.0077037 0.999772 -0.0199186 0.00296905 0.0199424 0.999796 0.146163 1.04776 -0.0913333
FixedParameters: 0 0 0

#Transform 96
Transform: AffineTransform_float_3_3
Parameters: 0.999965 0.00800363 -0.00251208 -0.00805337 0.999762 -0.0203015 0.00234891 0.0203205 0.999791 0.112027 1.06333 -0.172723
FixedParameters: 0 0 0

#Transform 97
Transform: AffineTransform_float_3_3
Parameters: 0.999965 0.0080033 -0.00251312 -0.00805369 0.999759 -0.0204305 0.00234887 0.0204495 0.999788 0.112059 1.05941 -0.20003
FixedParameters: 0 0 0

#Transform 98
Transform: AffineTransform_float_3_3
Parameters: 0.999965 0.00800228 -0.00251636 -0.00805371 0.999751 -0.0208355 0.00234862 0.0208555 0.999779 0.099465 1.08107 -0.205655
FixedParameters: 0 0 0

#Transform 99
Transform: AffineTransform_float_3_3
Parameters: 0.999962 0.00827664 -0.00295299 -0.00833736 0.999736 -0.0214102 0.00277503 0.0214338 0.999767 0.116362 1.09434 -0.193108
FixedParameters: 0 0 0

#Transform 100
Transform: AffineTransform_float_3_3
Parameters: 0.999956 0.0088076 -0.00315585 -0.0088724 0.999733 -0.0213459 0.00296716 0.0213731 0.999767 0.125081 1.09255 -0.207421
FixedParameters: 0 0 0

#Transform 101
Transform: AffineTransform_float_3_3
Parameters: 0.999955 0.00878742 -0.00342086 -0.00885956 0.999729 -0.0215006 0.00323112 0.0215303 0.999763 0.139497 1.11441 -0.181256
FixedParameters: 0 0 0

#Transform 102
Transform: AffineTransform_float_3_3
Parameters: 0.99996 0.00843006 -0.00293907 -0.00849193 0.999727 -0.0217399 0.00275493 0.0217641 0.99976 0.11394 1.13601 -0.2603
FixedParameters: 0 0 0

#Transform 103
Transform: AffineTransform_float_3_3
Parameters: 0.999958 0.00851471 -0.00321861 -0.00858428 0.999717 -0.0221613 0.00302938 0.0221887 0.999749 0.133462 1.14999 -0.264256
FixedParameters: 0 0 0

#Transform 104
Transform: AffineTransform_float_3_3
Parameters: 0.999955 0.00889981 -0.00322943 -0.00897019 0.999709 -0.0224151 0.00302857 0.022443 0.999744 0.140076 1.1488 -0.265423
FixedParameters: 0 0 0

#Transform 105
Transform: AffineTransform_float_3_3
Parameters: 0.999958 0.00856431 -0.00321811 -0.0086327 0.999721 -0.0219762 0.0030289 0.0220029 0.999754 0.125448 1.1578 -0.256317
FixedParameters: 0 0 0

#Transform 106
Transform: AffineTransform_float_3_3
Parameters: 0.99996 0.00834036 -0.00321841 -0.00841063 0.99971 -0.0225979 0.0030286 0.0226242 0.99974 0.130672 1.16726 -0.248549
FixedParameters: 0 0 0

#Transform 107
Transform: AffineTransform_float_3_3
Parameters: 0.999951 0.00929234 -0.00340515 -0.00936565 0.999707 -0.0222932 0.00319686 0.0223238 0.999745 0.139091 1.1275 -0.235411
FixedParameters: 0 0 0

#Transform 108
Transform: AffineTransform_float_3_3
Parameters: 0.999953 0.00908594 -0.00322739 -0.00915404 0.999722 -0.0217365 0.0030286 0.0217655 0.999758 0.119853 1.03766 -0.230412
FixedParameters: 0 0 0

#Transform 109
Transform: AffineTransform_float_3_3
Parameters: 0.999961 0.0085514 -0.00185179 -0.0085876 0.99976 -0.0201539 0.00167921 0.0201681 0.999795 0.0951978 1.05683 -0.0120016
FixedParameters: 0 0 0

#Transform 110
Transform: AffineTransform_float_3_3
Parameters: 0.99996 0.00859792 -0.00236714 -0.00864608 0.999739 -0.0211124 0.00218486 0.0211316 0.999775 0.100042 1.09176 0.0137778
FixedParameters: 0 0 0

#Transform 111
Transform: AffineTransform_float_3_3
Parameters: 0.999958 0.00875964 -0.00274707 -0.00881635 0.999727 -0.0216127 0.00255695 0.0216353 0.999762 0.0963529 1.10326 -0.00265386
FixedParameters: 0 0 0

#Transform 112
Transform: AffineTransform_float_3_3
Parameters: 0.999956 0.0090913 -0.00256463 -0.0091457 0.999721 -0.0217695 0.00236535 0.0217925 0.999759 0.100652 1.16502 0.0341182
FixedParameters: 0 0 0

#Transform 113
Transform: AffineTransform_float_3_3
Parameters: 0.99995 0.00967806 -0.00249998 -0.00973194 0.999699 -0.0225488 0.00228102 0.0225722 0.999742 0.125327 1.19514 -0.00328978
FixedParameters: 0 0 0

#Transform 114
Transform: AffineTransform_float_3_3
Parameters: 0.999949 0.00975771 -0.00268553 -0.0098183 0.999677 -0.0234338 0.00245646 0.0234592 0.999722 0.126251 1.28399 -0.105939
FixedParameters: 0 0 0

#Transform 115
Transform: AffineTransform_float_3_3
Parameters: 0.999958 0.00896954 -0.00212864 -0.00901448 0.999708 -0.0224108 0.00192737 0.0224292 0.999746 0.0938771 1.23863 -0.0911257
FixedParameters: 0 0 0

#Transform 116
Transform: AffineTransform_float_3_3
Parameters: 0.999977 0.00662122 -0.00180486 -0.00665479 0.999789 -0.0194034 0.00167615 0.0194145 0.99981 0.102077 1.06818 -0.0423405
FixedParameters: 0 0 0

#Transform 117
Transform: AffineTransform_float_3_3
Parameters: 0.999965 0.00805301 -0.00229206 -0.0081 0.999741 -0.0212922 0.00211994 0.0213098 0.99977 0.125129 1.17091 -0.0725364
FixedParameters: 0 0 0

#Transform 118
Transform: AffineTransform_float_3_3
Parameters: 0.999964 0.0080408 -0.00266756 -0.00810021 0.999703 -0.0229792 0.00248244 0.0229998 0.999733 0.138169 1.25853 -0.106197
FixedParameters: 0 0 0

#Transform 119
Transform: AffineTransform_float_3_3
Parameters: 0.999965 0.00805042 -0.00224965 -0.00810057 0.999703 -0.0229776 0.00206334 0.0229954 0.999734 0.11079 1.25023 -0.0924237
FixedParameters: 0 0 0

#Transform 120
Transform: AffineTransform_float_3_3
Parameters: 0.999965 0.00804468 -0.00239623 -0.00810031 0.999678 -0.0240484 0.00220176 0.0240666 0.999708 0.120162 1.30247 -0.0953674
FixedParameters: 0 0 0

#Transform 121
Transform: AffineTransform_float_3_3
Parameters: 0.999964 0.00803413 -0.00276629 -0.0080999 0.999663 -0.0246885 0.00256772 0.0247095 0.999692 0.121351 1.30005 -0.103748
FixedParameters: 0 0 0

#Transform 122
Transform: AffineTransform_float_3_3
Parameters: 0.999966 0.00779199 -0.00241849 -0.00785 0.999657 -0.0249828 0.0022225 0.0250012 0.999685 0.0945273 1.28458 -0.106785
FixedParameters: 0 0 0

#Transform 123
Transform: AffineTransform_float_3_3
Parameters: 0.999966 0.00789464 -0.00207496 -0.00794036 0.999708 -0.0228453 0.00189403 0.0228607 0.999737 0.0948446 1.12699 -0.334518
FixedParameters: 0 0 0

#Transform 124
Transform: AffineTransform_float_3_3
Parameters: 0.999954 0.00892461 -0.00352907 -0.00900339 0.999698 -0.0228583 0.00332393 0.0228887 0.999733 0.152074 1.20808 -0.37771
FixedParameters: 0 0 0

#Transform 125
Transform: AffineTransform_float_3_3
Parameters: 0.999956 0.0087953 -0.00332432 -0.00887268 0.999669 -0.0241286 0.00311069 0.0241574 0.999704 0.153303 1.27067 -0.325525
FixedParameters: 0 0 0

#Transform 126
Transform: AffineTransform_float_3_3
Parameters: 0.999962 0.00862575 -0.00130382 -0.00865625 0.999642 -0.0253147 0.00108517 0.0253253 0.999678 0.0932657 1.33957 -0.433617
FixedParameters: 0 0 0

#Transform 127
Transform: AffineTransform_float_3_3
Parameters: 0.999964 0.00831251 -0.00182566 -0.00835646 0.999646 -0.0252647 0.00161433 0.0252793 0.999679 0.101667 1.31866 -0.528659
FixedParameters: 0 0 0

#Transform 128
Transform: AffineTransform_float_3_3
Parameters: 0.999961 0.00849552 -0.00251396 -0.00855648 0.999637 -0.0255485 0.00229606 0.0255685 0.999671 0.1249 1.36429 -0.385677
FixedParameters: 0 0 0

#Transform 129
Transform: AffineTransform_float_3_3
Parameters: 0.99995 0.00936819 -0.00333545 -0.00945178 0.999615 -0.0260637 0.00308955 0.0260942 0.999654 0.133528 1.34466 -0.309948
FixedParameters: 0 0 0

#Transform 130
Transform: AffineTransform_float_3_3
Parameters: 0.999944 0.00983512 -0.00394422 -0.00993788 0.999594 -0.0267023 0.00367976 0.0267397 0.999635 0.148056 1.3788 -0.319236
FixedParameters: 0 0 0

#Transform 131
Transform: AffineTransform_float_3_3
Parameters: 0.999944 0.00987936 -0.00375113 -0.00997564 0.999594 -0.0266831 0.00348588 0.0267189 0.999637 0.149289 1.35338 -0.357076
FixedParameters: 0 0 0

#Transform 132
Transform: AffineTransform_float_3_3
Parameters: 0.999945 0.00985225 -0.00362283 -0.00994977 0.999558 -0.0280365 0.00334519 0.0280705 0.999601 0.161576 1.43696 -0.358738
FixedParameters: 0 0 0

#Transform 133
Transform: AffineTransform_float_3_3
Parameters: 0.999952 0.00883255 -0.00424399 -0.00894346 0.999602 -0.0267533 0.004006 0.0267897 0.999633 0.173504 1.37657 -0.353538
FixedParameters: 0 0 0

#Transform 134
Transform: AffineTransform_float_3_3
Parameters: 0.99995 0.00935598 -0.00371208 -0.00945103 0.999605 -0.0264653 0.00346293 0.0264987 0.999643 0.159614 1.32705 -0.37033
FixedParameters: 0 0 0

#Transform 135
Transform: AffineTransform_float_3_3
Parameters: 0.999957 0.00846404 -0.00362522 -0.00855695 0.999613 -0.0264441 0.00339978 0.0264739 0.999643 0.122073 1.32923 -0.378922
FixedParameters: 0 0 0

#Transform 136
Transform: AffineTransform_float_3_3
Parameters: 0.999956 0.00851569 -0.00408193 -0.00861832 0.999625 -0.025999 0.00385909 0.026033 0.999653 0.133249 1.23913 -0.456395
FixedParameters: 0 0 0

#Transform 137
Transform: AffineTransform_float_3_3
Parameters: 0.999959 0.00804117 -0.00417752 -0.00814984 0.999609 -0.026723 0.00396149 0.0267559 0.999634 0.123929 1.36865 -0.513684
FixedParameters: 0 0 0

#Transform 138
Transform: AffineTransform_float_3_3
Parameters: 0.999948 0.00872992 -0.00516808 -0.00886607 0.999599 -0.0269196 0.00493091 0.0269644 0.999624 0.20495 1.3832 -0.496083
FixedParameters: 0 0 0

#Transform 139
Transform: AffineTransform_float_3_3
Parameters: 0.999917 0.0110697 -0.00650556 -0.0112423 0.99957 -0.0270801 0.00620241 0.0271519 0.999612 0.294061 1.35366 -0.372143
FixedParameters: 0 0 0

#Transform 140
Transform: AffineTransform_float_3_3
Parameters: 0.999909 0.0110638 -0.00770309 -0.0112723 0.999557 -0.0275387 0.00739491 0.0276223 0.999591 0.298335 1.32211 -0.398806
FixedParameters: 0 0 0

#Transform 141
Transform: AffineTransform_float_3_3
Parameters: 0.999933 0.0107996 -0.00411385 -0.0109074 0.999574 -0.0270469 0.00382014 0.02709 0.999625 0.191488 1.39961 -0.284783
FixedParameters: 0 0 0

#Transform 142
Transform: AffineTransform_float_3_3
Parameters: 0.999935 0.0108134 -0.00374597 -0.0109076 0.999604 -0.0259388 0.00346301 0.0259781 0.999656 0.16566 1.36243 0.0074783
FixedParameters: 0 0 0

#Transform 143
Transform: AffineTransform_float_3_3
Parameters: 0.999936 0.0106536 -0.00380178 -0.0107514 0.999589 -0.0265838 0.00351721 0.0266232 0.99964 0.157636 1.41142 -0.124468
FixedParameters: 0 0 0

#Transform 144
Transform: AffineTransform_float_3_3
Parameters: 0.999935 0.010765 -0.00355339 -0.010857 0.999569 -0.0272972 0.00325764 0.0273338 0.999621 0.143069 1.44744 -0.169314
FixedParameters: 0 0 0

#Transform 145
Transform: AffineTransform_float_3_3
Parameters: 0.999933 0.0109715 -0.00373669 -0.0110695 0.999562 -0.0274395 0.00343433 0.0274785 0.999616 0.140057 1.42771 -0.213371
FixedParameters: 0 0 0

#Transform 146
Transform: AffineTransform_float_3_3
Parameters: 0.999933 0.0109351 -0.00382774 -0.0110389 0.99954 -0.0282556 0.00351726 0.0282964 0.999594 0.149188 1.41384 -0.287138
FixedParameters: 0 0 0

#Transform 147
Transform: AffineTransform_float_3_3
Parameters: 0.999933 0.0109348 -0.00382867 -0.0110392 0.999538 -0.0283406 0.00351632 0.0283814 0.999591 0.147397 1.44278 -0.289272
FixedParameters: 0 0 0

#Transform 148
Transform: AffineTransform_float_3_3
Parameters: 0.999928 0.0110886 -0.00445242 -0.0112094 0.999546 -0.0279921 0.00414057 0.0280399 0.999598 0.171567 1.40849 -0.293266
FixedParameters: 0 0 0

#Transform 149
Transform: AffineTransform_float_3_3
Parameters: 0.999931 0.0110439 -0.00416603 -0.0111581 0.999525 -0.0287085 0.00384699 0.0287535 0.999579 0.14563 1.43819 -0.295606
FixedParameters: 0 0 0

#Transform 150
Transform: AffineTransform_float_3_3
Parameters: 0.999929 0.0109992 -0.00442468 -0.0111208 0.999532 -0.0285118 0.00410932 0.0285592 0.999583 0.160291 1.42262 -0.292032
FixedParameters: 0 0 0

#Transform 151
Transform: AffineTransform_float_3_3
Parameters: 0.999926 0.0111261 -0.00482332 -0.0112598 0.999526 -0.0286738 0.00450168 0.0287262 0.999577 0.188289 1.43288 -0.297759
FixedParameters: 0 0 0

#Transform 152
Transform: AffineTransform_float_3_3
Parameters: 0.999927 0.0109263 -0.00512958 -0.0110717 0.999509 -0.0292933 0.00480643 0.0293476 0.999557 0.179209 1.43756 -0.330126
FixedParameters: 0 0 0

#Transform 153
Transform: AffineTransform_float_3_3
Parameters: 0.999925 0.0111 -0.00528567 -0.011248 0.99952 -0.0288407 0.00496233 0.0288983 0.99957 0.192188 1.42231 -0.305284
FixedParameters: 0 0 0

#Transform 154
Transform: AffineTransform_float_3_3
Parameters: 0.999932 0.010557 -0.00496007 -0.010695 0.999532 -0.0286769 0.00465493 0.0287281 0.999577 0.169661 1.41911 -0.314684
FixedParameters: 0 0 0

#Transform 155
Transform: AffineTransform_float_3_3
Parameters: 0.999926 0.0109011 -0.00527782 -0.0110479 0.999529 -0.0286518 0.00496217 0.0287082 0.999575 0.194025 1.41862 -0.301938
FixedParameters: 0 0 0

#Transform 156
Transform: AffineTransform_float_3_3
Parameters: 0.999926 0.0112016 -0.00484775 -0.0113394 0.999506 -0.0293132 0.00451724 0.0293658 0.999558 0.176484 1.46072 -0.301303
FixedParameters: 0 0 0

#Transform 157
Transform: AffineTransform_float_3_3
Parameters: 0.999923 0.0110181 -0.0055868 -0.0111749 0.99952 -0.0288727 0.00526621 0.0289322 0.999567 0.214538 1.43359 -0.331515
FixedParameters: 0 0 0

#Transform 158
Transform: AffineTransform_float_3_3
Parameters: 0.999928 0.0108337 -0.00514732 -0.0109783 0.999522 -0.0288785 0.00483168 0.0289324 0.999569 0.179154 1.44677 -0.302065
FixedParameters: 0 0 0

#Transform 159
Transform: AffineTransform_float_3_3
Parameters: 0.999921 0.0114217 -0.00527003 -0.0115703 0.999512 -0.0290203 0.00493596 0.0290787 0.999565 0.200976 1.43395 -0.355088
FixedParameters: 0 0 0
