# transform file /out/sourcedata/freesurfer/sub-v2s1x29883_ses-1/mri/transforms/cc_up.lta
# created by oesteban on Wed Mar 11 22:06:45 2026

type      = 0 # LINEAR_VOX_TO_VOX
nxforms   = 1
mean      = 132.0000 122.0000 113.0000
sigma     = 10000.0000
1 4 4
9.968656301498413e-01 6.741872429847717e-02 4.139655828475952e-02 -1.558259010314941e+01 
-6.736066937446594e-02 9.977247714996338e-01 -2.797267632558942e-03 3.246277999877930e+01 
-4.149096086621284e-02 0.000000000000000e+00 9.991389513015747e-01 1.858236312866211e+01 
0.000000000000000e+00 0.000000000000000e+00 0.000000000000000e+00 1.000000000000000e+00 
src volume info
valid = 1  # volume info valid
filename = /out/sourcedata/freesurfer/sub-v2s1x29883_ses-1/mri/norm.mgz
volume = 256 256 256
voxelsize = 8.999999761581421e-01 8.999999761581421e-01 8.999999761581421e-01
xras   = -9.999998807907104e-01 0.000000000000000e+00 0.000000000000000e+00
yras   = 0.000000000000000e+00 0.000000000000000e+00 -1.000000000000000e+00
zras   = 0.000000000000000e+00 9.999999403953552e-01 0.000000000000000e+00
cras   = 5.815193176269531e+00 3.072776794433594e+01 2.682308959960938e+01
dst volume info
valid = 1  # volume info valid
filename = /out/sourcedata/freesurfer/sub-v2s1x29883_ses-1/mri/norm.mgz
volume = 256 256 256
voxelsize = 8.999999761581421e-01 8.999999761581421e-01 8.999999761581421e-01
xras   = -9.999998807907104e-01 0.000000000000000e+00 0.000000000000000e+00
yras   = 0.000000000000000e+00 0.000000000000000e+00 -1.000000000000000e+00
zras   = 0.000000000000000e+00 9.999999403953552e-01 0.000000000000000e+00
cras   = 5.815193176269531e+00 3.072776794433594e+01 2.682308959960938e+01
