type      = 1 # LINEAR_RAS_TO_RAS
nxforms   = 1
mean      = 0.0000 0.0000 0.0000
sigma     = 1.0000
1 4 4
1.053998947143555e+00 -6.294099986553192e-02 4.229300096631050e-02 -2.086090087890625e+00 
5.566100031137466e-02 1.086982965469360e+00 -3.866200149059296e-02 -3.631269073486328e+01 
-2.620900049805641e-02 -1.275299955159426e-02 1.094323992729187e+00 -2.861908721923828e+01 
0.000000000000000e+00 0.000000000000000e+00 0.000000000000000e+00 1.000000000000000e+00 
src volume info
valid = 1  # volume info valid
filename = /out/sourcedata/freesurfer/sub-v2s1x29883_ses-1/mri/orig_nu.mgz
volume = 256 256 256
voxelsize = 8.999999761581421e-01 8.999999761581421e-01 8.999999761581421e-01
xras   = -9.999998807907104e-01 0.000000000000000e+00 0.000000000000000e+00
yras   = 0.000000000000000e+00 0.000000000000000e+00 -1.000000000000000e+00
zras   = 0.000000000000000e+00 9.999999403953552e-01 0.000000000000000e+00
cras   = 5.815193176269531e+00 3.072776794433594e+01 2.682308959960938e+01
dst volume info
valid = 1  # volume info valid
filename = /opt/freesurfer/average/mni305.cor.mgz
volume = 256 256 256
voxelsize = 1.000000000000000e+00 1.000000000000000e+00 1.000000000000000e+00
xras   = -1.000000000000000e+00 0.000000000000000e+00 0.000000000000000e+00
yras   = 0.000000000000000e+00 0.000000000000000e+00 -1.000000000000000e+00
zras   = 0.000000000000000e+00 1.000000000000000e+00 0.000000000000000e+00
cras   = 0.000000000000000e+00 0.000000000000000e+00 0.000000000000000e+00
subject fsaverage
fscale 0.100000
