#Insight Transform File V1.0
#Transform 0
Transform: AffineTransform_float_3_3
Parameters: 0.999083 0.0397845 -0.0158185 -0.0405515 0.997845 -0.0515868 0.0137326 0.0521812 0.998543 -0.12532 0.891861 0.561156
FixedParameters: 0 0 0

#Transform 1
Transform: AffineTransform_float_3_3
Parameters: 0.999022 0.0410648 -0.0163858 -0.0418782 0.997721 -0.0529035 0.0141752 0.0535385 0.998465 -0.13738 1.06653 0.537649
FixedParameters: 0 0 0

#Transform 2
Transform: AffineTransform_float_3_3
Parameters: 0.999021 0.0410412 -0.0164696 -0.0418787 0.997649 -0.0542353 0.0142044 0.0548726 0.998393 -0.113418 1.10216 0.511525
FixedParameters: 0 0 0

#Transform 3
Transform: AffineTransform_float_3_3
Parameters: 0.999024 0.040943 -0.0165857 -0.0418129 0.997553 -0.0560312 0.0142503 0.0566708 0.998291 -0.111688 1.12409 0.514821
FixedParameters: 0 0 0

#Transform 4
Transform: AffineTransform_float_3_3
Parameters: 0.999009 0.0414753 -0.016145 -0.0423026 0.997603 -0.0547633 0.0138349 0.0553927 0.998369 -0.159417 1.07931 0.497618
FixedParameters: 0 0 0

#Transform 5
Transform: AffineTransform_float_3_3
Parameters: 0.999013 0.0413649 -0.0161918 -0.0421861 0.997641 -0.0541664 0.0139122 0.0547956 0.9984 -0.165486 0.982481 0.497423
FixedParameters: 0 0 0

#Transform 6
Transform: AffineTransform_float_3_3
Parameters: 0.999009 0.0412619 -0.0167291 -0.0421332 0.997565 -0.0555813 0.0143958 0.0562318 0.998314 -0.146024 1.04467 0.562398
FixedParameters: 0 0 0

#Transform 7
Transform: AffineTransform_float_3_3
Parameters: 0.998988 0.041747 -0.0167462 -0.042619 0.997542 -0.0556226 0.0143838 0.0562795 0.998312 -0.139766 1.029 0.531255
FixedParameters: 0 0 0

#Transform 8
Transform: AffineTransform_float_3_3
Parameters: 0.998993 0.0415399 -0.0169653 -0.042425 0.997548 -0.0556513 0.0146126 0.0563157 0.998306 -0.134873 1.01042 0.547409
FixedParameters: 0 0 0

#Transform 9
Transform: AffineTransform_float_3_3
Parameters: 0.998984 0.0417269 -0.0170204 -0.0426191 0.997524 -0.0559404 0.0146437 0.0566086 0.998289 -0.167596 1.00544 0.574004
FixedParameters: 0 0 0

#Transform 10
Transform: AffineTransform_float_3_3
Parameters: 0.99899 0.0417428 -0.0166247 -0.0426152 0.997515 -0.0561142 0.0142413 0.0567668 0.998286 -0.163445 1.00084 0.557336
FixedParameters: 0 0 0

#Transform 11
Transform: AffineTransform_float_3_3
Parameters: 0.998971 0.0419993 -0.0170881 -0.0428966 0.997504 -0.0560837 0.0146899 0.0567593 0.99828 -0.140951 1.00717 0.552706
FixedParameters: 0 0 0

#Transform 12
Transform: AffineTransform_float_3_3
Parameters: 0.998979 0.0419733 -0.0167143 -0.0428567 0.997478 -0.0565865 0.0142977 0.0572456 0.998258 -0.156073 1.01844 0.570026
FixedParameters: 0 0 0

#Transform 13
Transform: AffineTransform_float_3_3
Parameters: 0.998983 0.0417556 -0.0169684 -0.0426494 0.997507 -0.0562335 0.0145786 0.0569006 0.998274 -0.133014 1.0185 0.582439
FixedParameters: 0 0 0

#Transform 14
Transform: AffineTransform_float_3_3
Parameters: 0.999378 0.0309578 -0.0168551 -0.0312622 0.999348 -0.0180933 0.0162839 0.0186087 0.999694 0.014063 0.167475 0.365677
FixedParameters: 0 0 0

#Transform 15
Transform: AffineTransform_float_3_3
Parameters: 0.99988 0.0137292 -0.00725716 -0.0135978 0.999746 0.0179679 0.00750186 -0.0178672 0.999812 -0.0364783 -0.661051 0.708448
FixedParameters: 0 0 0

#Transform 16
Transform: AffineTransform_float_3_3
Parameters: 0.999967 0.00426086 -0.00684624 -0.00414514 0.99985 0.0168499 0.00691676 -0.0168201 0.999835 0.113812 -0.639177 0.487877
FixedParameters: 0 0 0

#Transform 17
Transform: AffineTransform_float_3_3
Parameters: 0.999372 0.0350699 -0.00504791 -0.035241 0.998612 -0.0391477 0.00366707 0.0393013 0.99922 -0.357084 0.571889 0.446868
FixedParameters: 0 0 0

#Transform 18
Transform: AffineTransform_float_3_3
Parameters: 0.999467 0.0325491 -0.00258613 -0.0326298 0.998553 -0.0427474 0.00119089 0.0428086 0.999082 -0.221569 0.721532 0.370129
FixedParameters: 0 0 0

#Transform 19
Transform: AffineTransform_float_3_3
Parameters: 0.999573 0.0291429 -0.00203936 -0.0292021 0.998734 -0.0409629 0.000843632 0.0410051 0.999158 -0.265729 0.433488 0.714091
FixedParameters: 0 0 0

#Transform 20
Transform: AffineTransform_float_3_3
Parameters: 1 -8.54963e-05 0.000643042 9.25148e-05 0.999932 -0.0116779 -0.000642963 0.0116781 0.999931 -0.0156779 0.352938 -0.05467
FixedParameters: 0 0 0

#Transform 21
Transform: AffineTransform_float_3_3
Parameters: 0.999912 0.0130956 -0.00213001 -0.0131264 0.999803 -0.0149354 0.00193399 0.0149617 0.999886 -0.0581188 0.514468 -0.193079
FixedParameters: 0 0 0

#Transform 22
Transform: AffineTransform_float_3_3
Parameters: 0.999771 0.0213597 -0.000518392 -0.0213663 0.99952 -0.0224321 3.96034e-05 0.022438 0.999748 -0.175986 0.639165 -0.355609
FixedParameters: 0 0 0

#Transform 23
Transform: AffineTransform_float_3_3
Parameters: 0.999736 0.0229523 -0.00123484 -0.0229777 0.999383 -0.0265366 0.000625135 0.0265584 0.999647 -0.137934 0.645984 -0.353998
FixedParameters: 0 0 0

#Transform 24
Transform: AffineTransform_float_3_3
Parameters: 0.999726 0.0233714 -0.00143884 -0.0234047 0.999277 -0.0299856 0.000737149 0.0300105 0.99955 -0.137507 0.732693 -0.353446
FixedParameters: 0 0 0

#Transform 25
Transform: AffineTransform_float_3_3
Parameters: 0.999433 0.033682 -0.000601555 -0.033649 0.998988 0.0298692 0.00160747 -0.0298328 0.999553 -0.140531 -3.12991 -0.812943
FixedParameters: 0 0 0

#Transform 26
Transform: AffineTransform_float_3_3
Parameters: 0.999309 0.0371359 0.000985062 -0.0367871 0.992918 -0.112961 -0.00517294 0.112847 0.993599 0.214708 -1.6087 -3.18668
FixedParameters: 0 0 0

#Transform 27
Transform: AffineTransform_float_3_3
Parameters: 0.999982 -0.00594863 0.00055843 0.0059704 0.998546 -0.0535616 -0.000239547 0.0535644 0.998565 -0.0842864 0.28034 1.8186
FixedParameters: 0 0 0

#Transform 28
Transform: AffineTransform_float_3_3
Parameters: 0.999845 0.0167674 -0.00549186 -0.0171936 0.995789 -0.0900396 0.00395918 0.0901204 0.995923 -0.308473 1.26522 0.327943
FixedParameters: 0 0 0

#Transform 29
Transform: AffineTransform_float_3_3
Parameters: 0.999794 0.01962 -0.00527918 -0.02002 0.995628 -0.0912381 0.00346583 0.0913248 0.995815 -0.335124 1.4583 0.365589
FixedParameters: 0 0 0

#Transform 30
Transform: AffineTransform_float_3_3
Parameters: 0.999789 0.0198855 -0.00511782 -0.0202645 0.995752 -0.0898182 0.00331023 0.0899028 0.995945 -0.298178 1.41638 0.337435
FixedParameters: 0 0 0

#Transform 31
Transform: AffineTransform_float_3_3
Parameters: 0.999795 0.0197054 -0.00464823 -0.0200426 0.995799 -0.0893512 0.0028677 0.0894269 0.99599 -0.319886 1.38401 0.363886
FixedParameters: 0 0 0

#Transform 32
Transform: AffineTransform_float_3_3
Parameters: 0.999795 0.0195876 -0.00499105 -0.0199554 0.995782 -0.0895467 0.00321601 0.0896273 0.99597 -0.311392 1.34313 0.353349
FixedParameters: 0 0 0

#Transform 33
Transform: AffineTransform_float_3_3
Parameters: 0.999794 0.0195074 -0.00558432 -0.0199376 0.995574 -0.0918426 0.00376772 0.0919344 0.995758 -0.280416 1.42215 0.330457
FixedParameters: 0 0 0

#Transform 34
Transform: AffineTransform_float_3_3
Parameters: 0.999802 0.0191644 -0.00545317 -0.0195866 0.995515 -0.0925526 0.00365486 0.0926414 0.995693 -0.286172 1.44966 0.341646
FixedParameters: 0 0 0

#Transform 35
Transform: AffineTransform_float_3_3
Parameters: 0.9998 0.0191645 -0.00561243 -0.0196044 0.995465 -0.0930875 0.00380254 0.0931785 0.995642 -0.275661 1.43932 0.340881
FixedParameters: 0 0 0

#Transform 36
Transform: AffineTransform_float_3_3
Parameters: 0.999804 0.0191184 -0.00526822 -0.0195266 0.99544 -0.0933755 0.00345883 0.0934596 0.995617 -0.284391 1.43781 0.335453
FixedParameters: 0 0 0

#Transform 37
Transform: AffineTransform_float_3_3
Parameters: 0.99979 0.0196681 -0.00566357 -0.0201118 0.995408 -0.0935816 0.00379644 0.0936752 0.995595 -0.273194 1.43199 0.329271
FixedParameters: 0 0 0

#Transform 38
Transform: AffineTransform_float_3_3
Parameters: 0.999785 0.0198532 -0.00597366 -0.0203258 0.995389 -0.0937438 0.00408536 0.0938453 0.995579 -0.270964 1.45368 0.359655
FixedParameters: 0 0 0

#Transform 39
Transform: AffineTransform_float_3_3
Parameters: 0.999775 0.0202104 -0.00647742 -0.0207296 0.995359 -0.0939789 0.00454764 0.0940912 0.995553 -0.258399 1.46201 0.359989
FixedParameters: 0 0 0

#Transform 40
Transform: AffineTransform_float_3_3
Parameters: 0.999774 0.0202569 -0.00644274 -0.020775 0.995316 -0.0944155 0.00449924 0.0945285 0.995512 -0.253133 1.48271 0.351499
FixedParameters: 0 0 0

#Transform 41
Transform: AffineTransform_float_3_3
Parameters: 0.999825 0.0166533 -0.00852466 -0.0172677 0.996816 -0.0778525 0.00720129 0.0779866 0.996929 -0.180964 1.10525 0.426548
FixedParameters: 0 0 0

#Transform 42
Transform: AffineTransform_float_3_3
Parameters: 0.999877 0.0106006 -0.0115494 -0.0114325 0.99715 -0.0745711 0.0107266 0.0746939 0.997149 -0.00585655 1.04244 0.317553
FixedParameters: 0 0 0

#Transform 43
Transform: AffineTransform_float_3_3
Parameters: 0.999582 0.0260221 -0.0126465 -0.0270299 0.995803 -0.0874418 0.0103175 0.0877462 0.99609 -0.273361 1.28507 0.176605
FixedParameters: 0 0 0

#Transform 44
Transform: AffineTransform_float_3_3
Parameters: 0.999662 0.0243693 -0.00897949 -0.0251218 0.995043 -0.0962269 0.00659042 0.0964202 0.995319 -0.248207 1.7368 0.0971317
FixedParameters: 0 0 0

#Transform 45
Transform: AffineTransform_float_3_3
Parameters: 0.999776 0.0205518 -0.00516072 -0.0209113 0.996291 -0.0834759 0.00342626 0.0835652 0.996497 -0.225204 1.4754 -0.174254
FixedParameters: 0 0 0

#Transform 46
Transform: AffineTransform_float_3_3
Parameters: 0.999999 0.000858988 0.000975745 -0.000796997 0.998086 -0.0618439 -0.00102726 0.0618432 0.998086 0.011257 1.06816 -0.133794
FixedParameters: 0 0 0

#Transform 47
Transform: AffineTransform_float_3_3
Parameters: 0.999901 0.0139338 -0.0019946 -0.0140571 0.995815 -0.090302 0.000727387 0.0903211 0.995913 -0.162304 1.39178 0.161589
FixedParameters: 0 0 0

#Transform 48
Transform: AffineTransform_float_3_3
Parameters: 0.999886 0.0150106 -0.00192849 -0.0151244 0.995698 -0.0914153 0.000547475 0.0914337 0.995811 -0.153607 1.42572 0.0769886
FixedParameters: 0 0 0

#Transform 49
Transform: AffineTransform_float_3_3
Parameters: 0.999878 0.0155986 0.000944561 -0.0154434 0.995541 -0.093063 -0.00239248 0.0930371 0.99566 -0.167978 1.48482 -1.33485
FixedParameters: 0 0 0

#Transform 50
Transform: AffineTransform_float_3_3
Parameters: 0.999856 0.0169622 -0.00114382 -0.0169887 0.994406 -0.104257 -0.000631786 0.10426 0.99455 -0.254237 1.61967 -0.000774842
FixedParameters: 0 0 0

#Transform 51
Transform: AffineTransform_float_3_3
Parameters: 0.999841 0.0173464 -0.00412839 -0.0176717 0.994845 -0.099854 0.00237565 0.0999112 0.994994 -0.286976 1.55025 0.767615
FixedParameters: 0 0 0

#Transform 52
Transform: AffineTransform_float_3_3
Parameters: 0.999817 0.0189384 -0.00270893 -0.0191187 0.994306 -0.10484 0.000708008 0.104873 0.994486 -0.242077 1.7944 0.267998
FixedParameters: 0 0 0

#Transform 53
Transform: AffineTransform_float_3_3
Parameters: 0.999848 0.0170561 -0.00380941 -0.0173599 0.994417 -0.104077 0.0020126 0.104127 0.994562 -0.165292 1.49693 -0.405312
FixedParameters: 0 0 0

#Transform 54
Transform: AffineTransform_float_3_3
Parameters: 0.999851 0.0172169 -0.0010818 -0.017236 0.99442 -0.10407 -0.000716804 0.104073 0.99457 -0.216383 1.619 -0.13232
FixedParameters: 0 0 0

#Transform 55
Transform: AffineTransform_float_3_3
Parameters: 0.999817 0.0191033 -0.000846 -0.0190847 0.994155 -0.106267 -0.00118898 0.106265 0.994337 -0.208574 1.70856 0.0737344
FixedParameters: 0 0 0

#Transform 56
Transform: AffineTransform_float_3_3
Parameters: 0.999801 0.0198947 0.00132669 -0.0196743 0.995173 -0.0961422 -0.00323324 0.0960968 0.995366 -0.168724 1.67667 0.187939
FixedParameters: 0 0 0

#Transform 57
Transform: AffineTransform_float_3_3
Parameters: 0.999817 0.0186187 0.00440414 -0.0180553 0.994332 -0.104778 -0.00632988 0.104678 0.994486 -0.280925 1.66486 -0.141317
FixedParameters: 0 0 0

#Transform 58
Transform: AffineTransform_float_3_3
Parameters: 0.999825 0.0183633 0.00336126 -0.0179057 0.994231 -0.105762 -0.00528382 0.105683 0.994386 -0.274723 1.74076 -0.223522
FixedParameters: 0 0 0

#Transform 59
Transform: AffineTransform_float_3_3
Parameters: 0.999819 0.018843 0.00289683 -0.018425 0.994088 -0.107005 -0.00489617 0.106932 0.994255 -0.277937 1.7704 -0.261963
FixedParameters: 0 0 0

#Transform 60
Transform: AffineTransform_float_3_3
Parameters: 0.999821 0.0188129 0.00234833 -0.0184551 0.994119 -0.106708 -0.00434167 0.106644 0.994287 -0.256769 1.76775 -0.257304
FixedParameters: 0 0 0

#Transform 61
Transform: AffineTransform_float_3_3
Parameters: 0.999853 0.0169188 0.00269856 -0.0165362 0.994192 -0.106338 -0.00448246 0.106278 0.994327 -0.266847 1.68894 -0.26153
FixedParameters: 0 0 0

#Transform 62
Transform: AffineTransform_float_3_3
Parameters: 0.999831 0.018311 0.00154659 -0.01804 0.994082 -0.107125 -0.00349941 0.107079 0.994245 -0.253573 1.71121 -0.254214
FixedParameters: 0 0 0

#Transform 63
Transform: AffineTransform_float_3_3
Parameters: 0.999833 0.0182703 0.00124218 -0.0180337 0.994112 -0.106847 -0.00318689 0.106807 0.994274 -0.241491 1.74115 -0.266578
FixedParameters: 0 0 0

#Transform 64
Transform: AffineTransform_float_3_3
Parameters: 0.999827 0.0185598 0.000521183 -0.0183982 0.994112 -0.106784 -0.00249984 0.106756 0.994282 -0.244972 1.73272 -0.320437
FixedParameters: 0 0 0

#Transform 65
Transform: AffineTransform_float_3_3
Parameters: 0.999831 0.0183418 0.00108206 -0.0181222 0.994136 -0.106603 -0.00303095 0.106564 0.994301 -0.257874 1.71638 -0.239776
FixedParameters: 0 0 0

#Transform 66
Transform: AffineTransform_float_3_3
Parameters: 0.999826 0.0185972 0.000790734 -0.0184058 0.994094 -0.106948 -0.00277524 0.106915 0.994265 -0.256477 1.72683 -0.262265
FixedParameters: 0 0 0

#Transform 67
Transform: AffineTransform_float_3_3
Parameters: 0.999834 0.0182298 -0.000134507 -0.0181451 0.994412 -0.103992 -0.00176252 0.103977 0.994578 -0.20788 1.58086 -0.313279
FixedParameters: 0 0 0

#Transform 68
Transform: AffineTransform_float_3_3
Parameters: 0.99983 0.018396 -0.000617082 -0.018382 0.99622 -0.084896 -0.000947079 0.0848929 0.996389 -0.250679 1.32377 -0.208206
FixedParameters: 0 0 0

#Transform 69
Transform: AffineTransform_float_3_3
Parameters: 0.999824 0.0187187 0.00107528 -0.0185163 0.994802 -0.10013 -0.00294365 0.100092 0.994974 -0.268283 1.65367 -0.220184
FixedParameters: 0 0 0

#Transform 70
Transform: AffineTransform_float_3_3
Parameters: 0.999817 0.0190879 0.000845622 -0.0188761 0.993636 -0.111052 -0.00295938 0.111016 0.993814 -0.337823 1.46662 -0.0449688
FixedParameters: 0 0 0

#Transform 71
Transform: AffineTransform_float_3_3
Parameters: 0.999586 0.0214156 0.0192511 -0.0178145 0.985124 -0.170918 -0.022625 0.170504 0.985097 -0.545532 0.800015 -3.14607
FixedParameters: 0 0 0

#Transform 72
Transform: AffineTransform_float_3_3
Parameters: 0.999618 0.0199364 0.019143 -0.0175166 0.992715 -0.119201 -0.0213801 0.11882 0.992685 -0.27307 1.59453 -1.23515
FixedParameters: 0 0 0

#Transform 73
Transform: AffineTransform_float_3_3
Parameters: 0.999626 0.0201604 0.0184872 -0.0177896 0.992552 -0.12051 -0.0207789 0.120136 0.99254 -0.261875 1.62885 -1.19317
FixedParameters: 0 0 0

#Transform 74
Transform: AffineTransform_float_3_3
Parameters: 0.999642 0.0197444 0.0180942 -0.0173945 0.992385 -0.121935 -0.0203648 0.121577 0.992373 -0.262506 1.70848 -1.1808
FixedParameters: 0 0 0

#Transform 75
Transform: AffineTransform_float_3_3
Parameters: 0.999633 0.0203009 0.0179361 -0.0179361 0.992197 -0.123385 -0.0203009 0.123018 0.992197 -0.249586 1.83772 -1.21031
FixedParameters: 0 0 0

#Transform 76
Transform: AffineTransform_float_3_3
Parameters: 0.999787 0.00223567 0.0205517 -0.000931297 0.997995 -0.0632746 -0.0206523 0.0632413 0.997784 -0.208163 0.914307 -0.619577
FixedParameters: 0 0 0

#Transform 77
Transform: AffineTransform_float_3_3
Parameters: 0.99991 0.0040681 0.0127899 -0.00330489 0.998245 -0.0591296 -0.0130081 0.0590814 0.998169 -0.180968 0.169904 -0.657451
FixedParameters: 0 0 0

#Transform 78
Transform: AffineTransform_float_3_3
Parameters: 0.999799 -0.00347133 0.0197807 0.00398868 0.999651 -0.0261404 -0.0196833 0.0262146 0.999462 -0.215009 0.174092 -0.521246
FixedParameters: 0 0 0

#Transform 79
Transform: AffineTransform_float_3_3
Parameters: 0.999807 0.0117861 0.0157202 -0.01088 0.998339 -0.056588 -0.0163609 0.0564061 0.998274 -0.281323 0.963622 -0.946629
FixedParameters: 0 0 0

#Transform 80
Transform: AffineTransform_float_3_3
Parameters: 0.999813 0.0133135 0.0139785 -0.0124194 0.997984 -0.0622402 -0.0147795 0.0620548 0.997964 -0.313223 1.07684 -0.995223
FixedParameters: 0 0 0

#Transform 81
Transform: AffineTransform_float_3_3
Parameters: 0.99982 0.0133125 0.0134679 -0.0124195 0.997848 -0.0643838 -0.0142962 0.0642052 0.997835 -0.290335 1.0963 -0.994218
FixedParameters: 0 0 0

#Transform 82
Transform: AffineTransform_float_3_3
Parameters: 0.999817 0.013653 0.0133451 -0.0127 0.997532 -0.0690571 -0.0142549 0.068875 0.997524 -0.258343 1.18696 -1.00124
FixedParameters: 0 0 0

#Transform 83
Transform: AffineTransform_float_3_3
Parameters: 0.999813 0.0144084 0.0129071 -0.0134496 0.997346 -0.071564 -0.0139039 0.0713771 0.997353 -0.25513 1.18084 -1.01174
FixedParameters: 0 0 0

#Transform 84
Transform: AffineTransform_float_3_3
Parameters: 0.999808 0.01487 0.0127197 -0.013906 0.997251 -0.0727828 -0.0137673 0.0725921 0.997266 -0.250394 1.24056 -1.02823
FixedParameters: 0 0 0

#Transform 85
Transform: AffineTransform_float_3_3
Parameters: 0.99981 0.0145274 0.012987 -0.0135276 0.997163 -0.0740567 -0.014026 0.0738662 0.997169 -0.257453 1.28829 -1.01918
FixedParameters: 0 0 0

#Transform 86
Transform: AffineTransform_float_3_3
Parameters: 0.999808 0.0147397 0.0129683 -0.0137363 0.997144 -0.0742734 -0.0140267 0.0740815 0.997153 -0.254454 1.2625 -1.00077
FixedParameters: 0 0 0

#Transform 87
Transform: AffineTransform_float_3_3
Parameters: 0.999825 0.0133057 0.0130984 -0.0124193 0.997769 -0.0655951 -0.0139416 0.0654209 0.997761 -0.271897 1.15185 -0.98015
FixedParameters: 0 0 0

#Transform 88
Transform: AffineTransform_float_3_3
Parameters: 0.99983 0.0118814 0.0140513 -0.0108527 0.997409 -0.0711245 -0.0148596 0.0709605 0.997368 -0.254753 1.09185 -0.96681
FixedParameters: 0 0 0

#Transform 89
Transform: AffineTransform_float_3_3
Parameters: 0.999816 0.0136515 0.0134894 -0.0126595 0.997393 -0.0710338 -0.0144245 0.0708501 0.997382 -0.283535 1.20713 -0.946308
FixedParameters: 0 0 0

#Transform 90
Transform: AffineTransform_float_3_3
Parameters: 0.999731 0.017199 0.0155173 -0.016027 0.997223 -0.0727272 -0.0167247 0.0724588 0.997231 -0.371137 1.26854 -0.969341
FixedParameters: 0 0 0

#Transform 91
Transform: AffineTransform_float_3_3
Parameters: 0.999684 0.0188648 0.016571 -0.0177471 0.997719 -0.0651386 -0.0177619 0.0648234 0.997738 -0.416899 1.17176 -1.00132
FixedParameters: 0 0 0

#Transform 92
Transform: AffineTransform_float_3_3
Parameters: 0.999661 0.0191509 0.017627 -0.0181171 0.998206 -0.0570547 -0.0186881 0.0567163 0.998216 -0.411175 1.03862 -0.877217
FixedParameters: 0 0 0

#Transform 93
Transform: AffineTransform_float_3_3
Parameters: 0.999733 0.0125801 0.0193692 -0.0121319 0.99966 -0.0230811 -0.0196538 0.0228398 0.999546 -0.447145 -0.00640939 -0.747589
FixedParameters: 0 0 0

#Transform 94
Transform: AffineTransform_float_3_3
Parameters: 0.999654 0.0152225 0.0214814 -0.0139795 0.998284 -0.056852 -0.0223096 0.0565319 0.998151 -0.465222 0.921422 -0.672858
FixedParameters: 0 0 0

#Transform 95
Transform: AffineTransform_float_3_3
Parameters: 0.999655 0.0177632 0.0193493 -0.0165568 0.998012 -0.0608103 -0.0203907 0.0604686 0.997962 -0.446904 1.04441 -0.701722
FixedParameters: 0 0 0

#Transform 96
Transform: AffineTransform_float_3_3
Parameters: 0.999482 0.0243909 0.0210034 -0.0233281 0.998505 -0.0494446 -0.0221786 0.0489294 0.998556 -0.595395 1.08155 -0.512951
FixedParameters: 0 0 0

#Transform 97
Transform: AffineTransform_float_3_3
Parameters: 0.999528 0.0215058 0.0219674 -0.0210263 0.999541 -0.0218412 -0.0224266 0.0213688 0.99952 -0.797249 0.328345 0.196639
FixedParameters: 0 0 0

#Transform 98
Transform: AffineTransform_float_3_3
Parameters: 0.999688 0.0207911 0.0138296 -0.0204409 0.999478 -0.0249905 -0.0143414 0.0247005 0.999592 -0.582891 0.199002 0.327242
FixedParameters: 0 0 0

#Transform 99
Transform: AffineTransform_float_3_3
Parameters: 0.999721 0.0198495 0.0127849 -0.0196505 0.999687 -0.0154695 -0.013088 0.0152134 0.999798 -0.554379 0.0105895 0.188053
FixedParameters: 0 0 0

#Transform 100
Transform: AffineTransform_float_3_3
Parameters: 0.99991 0.0127424 0.00432132 -0.0127516 0.999917 0.0021941 -0.00429369 -0.00224892 0.999989 -0.24155 -0.86356 -1.67834
FixedParameters: 0 0 0

#Transform 101
Transform: AffineTransform_float_3_3
Parameters: 0.999944 0.00526608 0.0091761 -0.00523293 0.999979 -0.00362422 -0.00919491 0.00357678 0.999952 -0.246333 -0.0546803 -1.57065
FixedParameters: 0 0 0

#Transform 102
Transform: AffineTransform_float_3_3
Parameters: 0.999996 0.000843099 0.00241436 -0.000846902 0.999999 0.00161496 -0.00241363 -0.00161704 0.999996 -0.0812282 -0.479298 -1.96113
FixedParameters: 0 0 0

#Transform 103
Transform: AffineTransform_float_3_3
Parameters: 0.999909 0.0100051 0.00906933 -0.0099469 0.99993 -0.0064278 -0.00913367 0.0063362 0.999938 -0.301938 -0.473481 -2.26397
FixedParameters: 0 0 0

#Transform 104
Transform: AffineTransform_float_3_3
Parameters: 0.999906 0.00703866 0.0117075 -0.00695434 0.99995 -0.0072561 -0.0117585 0.00717391 0.999905 -0.0613409 -0.0200862 -2.20415
FixedParameters: 0 0 0

#Transform 105
Transform: AffineTransform_float_3_3
Parameters: 0.999862 0.014411 0.00818404 -0.014295 0.999799 -0.0140589 -0.00838495 0.0139401 0.999867 -0.2383 0.16145 -1.51032
FixedParameters: 0 0 0

#Transform 106
Transform: AffineTransform_float_3_3
Parameters: 0.999871 0.0144078 0.00700819 -0.0142542 0.999669 -0.0213856 -0.00731377 0.0212823 0.999746 -0.318 0.353282 -0.782414
FixedParameters: 0 0 0

#Transform 107
Transform: AffineTransform_float_3_3
Parameters: 0.999852 0.0157179 0.00697824 -0.0155851 0.999706 -0.0185655 -0.00726774 0.0184535 0.999804 -0.370666 0.4019 -1.235
FixedParameters: 0 0 0

#Transform 108
Transform: AffineTransform_float_3_3
Parameters: 0.999853 0.0157158 0.00676186 -0.0155852 0.999701 -0.0188452 -0.00705514 0.0187379 0.9998 -0.366303 0.307041 -1.18587
FixedParameters: 0 0 0

#Transform 109
Transform: AffineTransform_float_3_3
Parameters: 0.999853 0.0158706 0.00639428 -0.0157254 0.999633 -0.0220578 -0.0067427 0.0219532 0.999737 -0.334256 0.392757 -1.04467
FixedParameters: 0 0 0

#Transform 110
Transform: AffineTransform_float_3_3
Parameters: 0.999839 0.0163533 0.00739159 -0.0161757 0.999595 -0.0234453 -0.00777239 0.0233217 0.999698 -0.366431 0.48417 -0.97084
FixedParameters: 0 0 0

#Transform 111
Transform: AffineTransform_float_3_3
Parameters: 0.999842 0.016191 0.00741334 -0.016019 0.999614 -0.0226994 -0.00777766 0.0225766 0.999715 -0.378963 0.486401 -0.981233
FixedParameters: 0 0 0

#Transform 112
Transform: AffineTransform_float_3_3
Parameters: 0.999867 0.0147876 0.00690924 -0.0146264 0.999635 -0.0227411 -0.00724275 0.0226369 0.999718 -0.336209 0.465952 -0.953828
FixedParameters: 0 0 0

#Transform 113
Transform: AffineTransform_float_3_3
Parameters: 0.999855 0.0155411 0.00687237 -0.0153619 0.99956 -0.0253942 -0.00726362 0.0252848 0.999654 -0.347826 0.499875 -1.044
FixedParameters: 0 0 0

#Transform 114
Transform: AffineTransform_float_3_3
Parameters: 0.999851 0.0155755 0.00744132 -0.0153705 0.99952 -0.0269174 -0.00785668 0.0267986 0.99961 -0.347377 0.516352 -1.04565
FixedParameters: 0 0 0

#Transform 115
Transform: AffineTransform_float_3_3
Parameters: 0.999848 0.0157825 0.00739349 -0.0155565 0.99944 -0.0296305 -0.00785648 0.0295105 0.999533 -0.310949 0.57524 -1.0452
FixedParameters: 0 0 0

#Transform 116
Transform: AffineTransform_float_3_3
Parameters: 0.999844 0.0159567 0.00755068 -0.0157023 0.999343 -0.0326686 -0.00806632 0.0325443 0.999437 -0.330835 0.631864 -1.03212
FixedParameters: 0 0 0

#Transform 117
Transform: AffineTransform_float_3_3
Parameters: 0.999846 0.0157511 0.00774421 -0.0154809 0.99931 -0.0337841 -0.00827078 0.0336589 0.999399 -0.311758 0.667182 -1.02668
FixedParameters: 0 0 0

#Transform 118
Transform: AffineTransform_float_3_3
Parameters: 0.999845 0.0159583 0.00740387 -0.0157027 0.999316 -0.0334745 -0.00793215 0.0333526 0.999412 -0.305695 0.672603 -0.996821
FixedParameters: 0 0 0

#Transform 119
Transform: AffineTransform_float_3_3
Parameters: 0.999847 0.0159585 0.00726072 -0.0157025 0.999294 -0.0341132 -0.0078003 0.0339947 0.999391 -0.328565 0.740622 -1.00593
FixedParameters: 0 0 0

#Transform 120
Transform: AffineTransform_float_3_3
Parameters: 0.999837 0.0165467 0.00729874 -0.0162883 0.999288 -0.0340535 -0.00785726 0.0339296 0.999394 -0.322886 0.747262 -1.00833
FixedParameters: 0 0 0

#Transform 121
Transform: AffineTransform_float_3_3
Parameters: 0.999838 0.0164912 0.00729959 -0.0162338 0.999286 -0.0341171 -0.00785745 0.033993 0.999391 -0.300247 0.722699 -1.02457
FixedParameters: 0 0 0

#Transform 122
Transform: AffineTransform_float_3_3
Parameters: 0.99985 0.0159422 0.00685315 -0.0157028 0.999306 -0.0337847 -0.00738686 0.0336713 0.999405 -0.302188 0.748216 -1.00492
FixedParameters: 0 0 0

#Transform 123
Transform: AffineTransform_float_3_3
Parameters: 0.999846 0.0161515 0.00679236 -0.0159115 0.999293 -0.0340803 -0.00733765 0.0339667 0.999396 -0.296851 0.744674 -1.01016
FixedParameters: 0 0 0

#Transform 124
Transform: AffineTransform_float_3_3
Parameters: 0.99985 0.0159542 0.00683926 -0.0157028 0.999248 -0.0354698 -0.00739978 0.0353573 0.999348 -0.312112 0.814188 -1.03526
FixedParameters: 0 0 0

#Transform 125
Transform: AffineTransform_float_3_3
Parameters: 0.999853 0.0159246 0.0063437 -0.0157024 0.999313 -0.0335745 -0.00687427 0.0334694 0.999416 -0.292752 0.741856 -1.00444
FixedParameters: 0 0 0

#Transform 126
Transform: AffineTransform_float_3_3
Parameters: 0.999853 0.015861 0.006506 -0.015634 0.999314 -0.0335707 -0.00703401 0.0334644 0.999415 -0.282622 0.740438 -0.986254
FixedParameters: 0 0 0

#Transform 127
Transform: AffineTransform_float_3_3
Parameters: 0.999846 0.0163339 0.00633771 -0.0161071 0.99928 -0.0343363 -0.00689328 0.0342287 0.99939 -0.303443 0.726643 -0.947793
FixedParameters: 0 0 0

#Transform 128
Transform: AffineTransform_float_3_3
Parameters: 0.999825 0.017503 0.0066397 -0.017265 0.999261 -0.0343486 -0.0072363 0.0342283 0.999388 -0.322379 0.800743 -1.03231
FixedParameters: 0 0 0

#Transform 129
Transform: AffineTransform_float_3_3
Parameters: 0.99984 0.0165964 0.00658287 -0.0163396 0.999167 -0.0373945 -0.00719814 0.0372805 0.999279 -0.2898 0.863882 -1.039
FixedParameters: 0 0 0

#Transform 130
Transform: AffineTransform_float_3_3
Parameters: 0.999855 0.0157618 0.00646419 -0.0155102 0.999184 -0.0373107 -0.00704682 0.0372053 0.999283 -0.25861 0.863304 -1.01297
FixedParameters: 0 0 0

#Transform 131
Transform: AffineTransform_float_3_3
Parameters: 0.999836 0.0141954 0.0112405 -0.0137146 0.999032 -0.041802 -0.0118235 0.041641 0.999062 -0.212395 0.915456 -0.983163
FixedParameters: 0 0 0

#Transform 132
Transform: AffineTransform_float_3_3
Parameters: 0.999902 0.00984377 0.00988669 -0.00935122 0.99877 -0.0487082 -0.0103543 0.0486108 0.998764 -0.21367 0.989666 -1.0848
FixedParameters: 0 0 0

#Transform 133
Transform: AffineTransform_float_3_3
Parameters: 0.999839 0.0160434 0.00805275 -0.0156636 0.998857 -0.0451554 -0.00876821 0.0450216 0.998947 -0.302606 0.909019 -1.10707
FixedParameters: 0 0 0

#Transform 134
Transform: AffineTransform_float_3_3
Parameters: 0.99983 0.0166228 0.00799705 -0.0162592 0.998917 -0.0435915 -0.00871297 0.0434546 0.999018 -0.31749 0.880899 -1.0835
FixedParameters: 0 0 0

#Transform 135
Transform: AffineTransform_float_3_3
Parameters: 0.999818 0.0171085 0.00837308 -0.0167125 0.998837 -0.0452201 -0.00913688 0.0450719 0.998942 -0.316059 1.0086 -1.06394
FixedParameters: 0 0 0

#Transform 136
Transform: AffineTransform_float_3_3
Parameters: 0.999829 0.0164968 0.00837828 -0.0160892 0.998783 -0.0466098 -0.00913673 0.0464672 0.998878 -0.304559 1.05956 -1.06276
FixedParameters: 0 0 0

#Transform 137
Transform: AffineTransform_float_3_3
Parameters: 0.999818 0.0172292 0.00827844 -0.0168269 0.99878 -0.0464128 -0.00906756 0.0462652 0.998888 -0.315505 1.00429 -1.06489
FixedParameters: 0 0 0

#Transform 138
Transform: AffineTransform_float_3_3
Parameters: 0.999827 0.0167316 0.00809847 -0.0163334 0.998761 -0.0470104 -0.00887453 0.0468696 0.998861 -0.295711 1.00479 -1.08801
FixedParameters: 0 0 0

#Transform 139
Transform: AffineTransform_float_3_3
Parameters: 0.999827 0.0168146 0.00794615 -0.0164165 0.998727 -0.0476947 -0.00873781 0.0475553 0.99883 -0.288064 1.01138 -1.09044
FixedParameters: 0 0 0

#Transform 140
Transform: AffineTransform_float_3_3
Parameters: 0.999826 0.016876 0.00786184 -0.016477 0.998696 -0.0483179 -0.00866716 0.0481801 0.998801 -0.275778 1.02196 -1.08561
FixedParameters: 0 0 0

#Transform 141
Transform: AffineTransform_float_3_3
Parameters: 0.999881 0.0146967 0.00456237 -0.0146302 0.999793 -0.0141234 -0.00476962 0.0140556 0.99989 -0.25187 0.195109 -1.39363
FixedParameters: 0 0 0

#Transform 142
Transform: AffineTransform_float_3_3
Parameters: 0.99989 0.0134928 0.00623865 -0.0134072 0.999817 -0.0135991 -0.00642036 0.0135139 0.999888 -0.23716 0.184314 -1.53414
FixedParameters: 0 0 0

#Transform 143
Transform: AffineTransform_float_3_3
Parameters: 0.999824 0.01384 0.0126484 -0.0136181 0.999754 -0.0174683 -0.0128867 0.0172937 0.999768 -0.364336 0.540713 -1.41262
FixedParameters: 0 0 0

#Transform 144
Transform: AffineTransform_float_3_3
Parameters: 0.99981 0.0144034 0.0130966 -0.0140937 0.999627 -0.023414 -0.0134283 0.023225 0.99964 -0.370925 0.500724 -1.50426
FixedParameters: 0 0 0

#Transform 145
Transform: AffineTransform_float_3_3
Parameters: 0.999801 0.0146108 0.0135779 -0.0141912 0.999435 -0.0304437 -0.0140141 0.0302453 0.999445 -0.408215 0.712976 -1.54082
FixedParameters: 0 0 0

#Transform 146
Transform: AffineTransform_float_3_3
Parameters: 0.999276 -0.0274471 0.0263278 0.0279048 0.999463 -0.0171838 -0.0258412 0.0179062 0.999505 -0.139939 0.494288 -1.05958
FixedParameters: 0 0 0

#Transform 147
Transform: AffineTransform_float_3_3
Parameters: 0.999685 -0.0161745 0.0191932 0.0164015 0.999797 -0.0117009 -0.0189998 0.0120121 0.999748 -0.153396 0.358407 -0.993383
FixedParameters: 0 0 0

#Transform 148
Transform: AffineTransform_float_3_3
Parameters: 0.999879 0.0029609 0.0152759 -0.00256109 0.999655 -0.0261323 -0.0153481 0.0260897 0.999542 -0.304118 0.738205 -1.79768
FixedParameters: 0 0 0

#Transform 149
Transform: AffineTransform_float_3_3
Parameters: 0.999881 0.00681692 0.0138067 -0.00620707 0.999027 -0.0436759 -0.0140913 0.0435851 0.998951 -0.262196 1.1245 -1.73665
FixedParameters: 0 0 0

#Transform 150
Transform: AffineTransform_float_3_3
Parameters: 0.999856 0.00845728 0.0147141 -0.00475374 0.97185 -0.23555 -0.0162919 0.235446 0.971751 -0.304972 0.17829 -6.21769
FixedParameters: 0 0 0

#Transform 151
Transform: AffineTransform_float_3_3
Parameters: 0.999593 -0.0203308 0.0199769 0.0208142 0.999489 -0.0242841 -0.0194731 0.02469 0.999506 -0.0684078 0.204201 -2.18502
FixedParameters: 0 0 0

#Transform 152
Transform: AffineTransform_float_3_3
Parameters: 0.9998 -0.0055373 0.0192446 0.0062257 0.999335 -0.0359124 -0.0190334 0.0360256 0.999169 -0.313697 0.541234 -2.25647
FixedParameters: 0 0 0

#Transform 153
Transform: AffineTransform_float_3_3
Parameters: 0.999805 -0.000618659 0.0197308 0.00164329 0.998649 -0.0519417 -0.0196712 0.0519643 0.998455 -0.334669 0.996608 -2.26026
FixedParameters: 0 0 0

#Transform 154
Transform: AffineTransform_float_3_3
Parameters: 0.999828 0.000891036 0.0185347 5.20492e-05 0.998708 -0.0508168 -0.0185563 0.0508092 0.998536 -0.348453 0.952322 -2.354
FixedParameters: 0 0 0

#Transform 155
Transform: AffineTransform_float_3_3
Parameters: 0.999682 -0.0151569 0.0201575 0.0159611 0.999058 -0.0403481 -0.0195265 0.0406569 0.998983 -0.168571 0.939412 -2.36111
FixedParameters: 0 0 0

#Transform 156
Transform: AffineTransform_float_3_3
Parameters: 0.999758 0.00294968 0.0217896 -0.00147136 0.997716 -0.0675233 -0.0219384 0.0674746 0.997479 -0.324419 1.27268 -2.3955
FixedParameters: 0 0 0

#Transform 157
Transform: AffineTransform_float_3_3
Parameters: 0.999797 0.00319595 0.0198978 -0.00187911 0.997828 -0.0658558 -0.0200642 0.0658052 0.99763 -0.286498 1.31704 -2.42377
FixedParameters: 0 0 0

#Transform 158
Transform: AffineTransform_float_3_3
Parameters: 0.99961 -0.0194443 0.0200434 0.0205157 0.99829 -0.0547271 -0.0189446 0.0551168 0.9983 -0.186813 1.21838 -2.37027
FixedParameters: 0 0 0

#Transform 159
Transform: AffineTransform_float_3_3
Parameters: 0.998922 -0.0424194 0.0188146 0.0431546 0.998243 -0.0405848 -0.0170604 0.0413532 0.998999 0.0867544 1.01412 -2.35068
FixedParameters: 0 0 0
