# transform file /out/sourcedata/freesurfer/sub-v2s1x29906_ses-1/mri/transforms/cc_up.lta
# created by oesteban on Thu Mar 12 21:24:03 2026

type      = 0 # LINEAR_VOX_TO_VOX
nxforms   = 1
mean      = 130.0000 132.0000 126.0000
sigma     = 10000.0000
1 4 4
9.925782680511475e-01 1.178730055689812e-01 -2.990655414760113e-02 -1.170726394653320e+01 
-1.178195402026176e-01 9.930287003517151e-01 3.549922956153750e-03 2.172685623168945e+01 
3.011650592088699e-02 2.328306436538696e-10 9.995464682579041e-01 1.411021649837494e-01 
0.000000000000000e+00 0.000000000000000e+00 0.000000000000000e+00 1.000000000000000e+00 
src volume info
valid = 1  # volume info valid
filename = /out/sourcedata/freesurfer/sub-v2s1x29906_ses-1/mri/norm.mgz
volume = 256 256 256
voxelsize = 8.999999165534973e-01 8.999999165534973e-01 8.999999165534973e-01
xras   = -9.999999403953552e-01 0.000000000000000e+00 0.000000000000000e+00
yras   = 0.000000000000000e+00 0.000000000000000e+00 -9.999999403953552e-01
zras   = 0.000000000000000e+00 9.999999403953552e-01 0.000000000000000e+00
cras   = -2.087020874023438e-01 3.608174896240234e+01 4.350627899169922e+01
dst volume info
valid = 1  # volume info valid
filename = /out/sourcedata/freesurfer/sub-v2s1x29906_ses-1/mri/norm.mgz
volume = 256 256 256
voxelsize = 8.999999165534973e-01 8.999999165534973e-01 8.999999165534973e-01
xras   = -9.999999403953552e-01 0.000000000000000e+00 0.000000000000000e+00
yras   = 0.000000000000000e+00 0.000000000000000e+00 -9.999999403953552e-01
zras   = 0.000000000000000e+00 9.999999403953552e-01 0.000000000000000e+00
cras   = -2.087020874023438e-01 3.608174896240234e+01 4.350627899169922e+01
