#Insight Transform File V1.0
#Transform 0
Transform: AffineTransform_float_3_3
Parameters: 1 8.92926e-07 -0.000677999 -1.07073e-07 0.999999 0.001317 0.000678001 -0.001317 0.999999 -0.0110232 -0.0669412 0.498366
FixedParameters: 0 0 0

#Transform 1
Transform: AffineTransform_float_3_3
Parameters: 1 0.000546 -8.8452e-08 -0.000546 1 -0.000162 -8.8452e-08 0.000162 1 -0.0400643 0.0378926 0.187825
FixedParameters: 0 0 0

#Transform 2
Transform: AffineTransform_float_3_3
Parameters: 1 0.000804761 0.000785245 -0.000804239 0.999999 0.000304368 -0.000784755 -0.000304632 0.999999 -0.0442883 0.0213151 0.11709
FixedParameters: 0 0 0

#Transform 3
Transform: AffineTransform_float_3_3
Parameters: 0.999999 0.000764803 0.000565266 -0.000764196 0.999999 0.000348568 -0.000564734 -0.000348432 1 -0.0278822 0.0300258 0.0934583
FixedParameters: 0 0 0

#Transform 4
Transform: AffineTransform_float_3_3
Parameters: 0.999998 -0.000463949 0.00167 0.000453051 0.999979 0.00655077 -0.001673 -0.00655024 0.999977 -0.0145721 -0.0114858 -0.0166045
FixedParameters: 0 0 0

#Transform 5
Transform: AffineTransform_float_3_3
Parameters: 1 0.000443678 0.000198491 -0.000443324 0.999994 -0.00340309 -0.00019951 0.00340291 0.999994 -0.0334986 0.0594857 0.134091
FixedParameters: 0 0 0

#Transform 6
Transform: AffineTransform_float_3_3
Parameters: 1 -2.72126e-07 -0.000103 -2.72126e-07 0.999997 -0.002642 0.000103 0.002642 0.999997 -0.0354189 0.04939 0.150103
FixedParameters: 0 0 0

#Transform 7
Transform: AffineTransform_float_3_3
Parameters: 1 -7.1718e-05 -0.000638031 7.2282e-05 1 0.000441954 0.000637968 -0.000442046 0.999999 -0.0303146 0.0489109 0.147679
FixedParameters: 0 0 0

#Transform 8
Transform: AffineTransform_float_3_3
Parameters: 1 -0.00018241 0.00049785 0.000181591 0.999999 0.00082309 -0.000497149 -0.000822909 0.999999 -0.0372672 0.0342703 0.130253
FixedParameters: 0 0 0

#Transform 9
Transform: AffineTransform_float_3_3
Parameters: 1 -0.000450774 0.000834044 0.000449226 0.999997 0.00212638 -0.000834958 -0.00212562 0.999998 -0.0436228 0.0152609 0.12738
FixedParameters: 0 0 0

#Transform 10
Transform: AffineTransform_float_3_3
Parameters: 1 -0.00044967 0.000314042 0.00044933 0.999997 0.00213114 -0.000314958 -0.00213086 0.999997 -0.0340336 0.0481332 0.106358
FixedParameters: 0 0 0

#Transform 11
Transform: AffineTransform_float_3_3
Parameters: 1 -0.000449516 0.000314263 0.000448484 0.999998 0.00164114 -0.000314737 -0.00164186 0.999998 -0.0389384 0.057019 0.116367
FixedParameters: 0 0 0

#Transform 12
Transform: AffineTransform_float_3_3
Parameters: 0.999999 -0.001081 0.00113431 0.001075 0.999986 0.00528023 -0.00113969 -0.00527878 0.999986 -0.0303986 -0.0134893 -0.00749536
FixedParameters: 0 0 0

#Transform 13
Transform: AffineTransform_float_3_3
Parameters: 1 -0.000121207 0.000241896 0.000120793 0.999999 0.000856029 -0.000242103 -0.00085597 0.999999 -0.0133711 0.0355967 0.0731805
FixedParameters: 0 0 0

#Transform 14
Transform: AffineTransform_float_3_3
Parameters: 1 -0.000356913 0.000533058 0.000356086 1 -0.00016181 -0.000532942 0.00016219 1 -0.0197706 0.0210344 0.0738824
FixedParameters: 0 0 0

#Transform 15
Transform: AffineTransform_float_3_3
Parameters: 1 -0.000202349 0.000384816 0.000201651 0.999999 0.000907077 -0.000385183 -0.000906921 0.999999 -0.0212137 0.0231268 0.0713223
FixedParameters: 0 0 0

#Transform 16
Transform: AffineTransform_float_3_3
Parameters: 1 -0.000328629 0.000510595 0.00032837 0.999999 0.00123217 -0.000511405 -0.00123183 0.999999 -0.0158259 0.00578215 -0.00481478
FixedParameters: 0 0 0

#Transform 17
Transform: AffineTransform_float_3_3
Parameters: 1 -0.000181759 0.000365623 0.00018024 0.999998 0.00207607 -0.000366375 -0.00207593 0.999998 -0.0125092 -0.0144981 -0.0338947
FixedParameters: 0 0 0

#Transform 18
Transform: AffineTransform_float_3_3
Parameters: 1 2.29887e-05 0.000611039 -2.40112e-05 0.999998 0.00165499 -0.000610961 -0.00165501 0.999999 -0.0162633 -0.0131598 -0.0435776
FixedParameters: 0 0 0

#Transform 19
Transform: AffineTransform_float_3_3
Parameters: 1 -0.000204406 0.000364773 0.000203595 1 0.00111308 -0.000364227 -0.00111293 1 0.000285846 -0.0169579 -0.0376365
FixedParameters: 0 0 0

#Transform 20
Transform: AffineTransform_float_3_3
Parameters: 1 8.84636e-06 0.000177008 -9.15363e-06 0.999999 0.000867998 -0.000176992 -0.000868001 0.999999 0.00403844 0.00108552 -0.0309042
FixedParameters: 0 0 0

#Transform 21
Transform: AffineTransform_float_3_3
Parameters: 1 8.10211e-05 0.000119986 -8.09791e-05 1 -0.00017601 -0.000119014 0.00017599 1 0.00334352 -0.010583 -0.055829
FixedParameters: 0 0 0

#Transform 22
Transform: AffineTransform_float_3_3
Parameters: 1 3.79355e-05 -0.000283009 -3.80645e-05 1 -0.000227989 0.000282991 0.000228011 1 0.00162231 0.00896077 0.0719509
FixedParameters: 0 0 0

#Transform 23
Transform: AffineTransform_float_3_3
Parameters: 1 3.70289e-05 -0.000282996 -3.69711e-05 1 0.00010201 0.000283004 -0.00010199 1 0.0044903 4.76615e-06 0.0468434
FixedParameters: 0 0 0

#Transform 24
Transform: AffineTransform_float_3_3
Parameters: 1 0.000159169 -0.00103513 -0.000159831 0.999999 -0.000802835 0.00103487 0.000803165 0.999999 0.00881431 0.0202512 -0.00964582
FixedParameters: 0 0 0

#Transform 25
Transform: AffineTransform_float_3_3
Parameters: 1 0.000159646 0.000190297 -0.000160353 0.999999 0.00185997 -0.000189702 -0.00186003 0.999999 -0.00128873 -0.00541282 -0.0417969
FixedParameters: 0 0 0

#Transform 26
Transform: AffineTransform_float_3_3
Parameters: 1 0.000159961 8.80715e-05 -0.000160039 1 0.000446986 -8.79286e-05 -0.000446014 1 0.00722819 0.0202218 -0.0505617
FixedParameters: 0 0 0

#Transform 27
Transform: AffineTransform_float_3_3
Parameters: 1 5.23609e-05 0.000495068 -5.3639e-05 0.999999 0.00129097 -0.000494931 -0.00129103 0.999999 -0.00630607 -0.0121243 -0.0739888
FixedParameters: 0 0 0

#Transform 28
Transform: AffineTransform_float_3_3
Parameters: 0.999999 0.000156288 -0.00156637 -0.000159711 0.999997 -0.00236975 0.00156563 0.00237025 0.999996 0.00451887 0.0201106 0.0941531
FixedParameters: 0 0 0

#Transform 29
Transform: AffineTransform_float_3_3
Parameters: 0.999996 0.0020123 -0.0019485 -0.0020307 0.999952 -0.00964508 0.0019285 0.00964892 0.999951 0.0370469 0.0898774 0.213325
FixedParameters: 0 0 0

#Transform 30
Transform: AffineTransform_float_3_3
Parameters: 0.999986 0.0048915 -0.00228797 -0.00494051 0.999743 -0.022157 0.00217904 0.022168 0.999752 0.0591662 0.0926595 0.166508
FixedParameters: 0 0 0

#Transform 31
Transform: AffineTransform_float_3_3
Parameters: 0.999997 0.0020478 -0.00122592 -0.0020662 0.999885 -0.0150295 0.00119508 0.0150325 0.999887 0.0321734 0.0527892 0.0200416
FixedParameters: 0 0 0

#Transform 32
Transform: AffineTransform_float_3_3
Parameters: 0.999987 0.00229861 -0.0045275 -0.00235238 0.999928 -0.0118215 0.00449949 0.0118325 0.99992 0.040129 0.0452993 0.415946
FixedParameters: 0 0 0

#Transform 33
Transform: AffineTransform_float_3_3
Parameters: 0.999961 0.00362196 -0.00813167 -0.00366804 0.999978 -0.0056544 0.00811034 0.0056836 0.999951 -0.042492 -0.0234728 2.05799
FixedParameters: 0 0 0

#Transform 34
Transform: AffineTransform_float_3_3
Parameters: 0.999976 0.00160137 -0.00680979 -0.00173063 0.999816 -0.0190727 0.00677822 0.0190843 0.999795 -0.0994069 -0.0472945 1.26685
FixedParameters: 0 0 0

#Transform 35
Transform: AffineTransform_float_3_3
Parameters: 0.999975 0.00189376 -0.0068026 -0.00197924 0.999918 -0.0126929 0.00677841 0.0127062 0.999897 -0.0703066 -0.0940328 1.07627
FixedParameters: 0 0 0

#Transform 36
Transform: AffineTransform_float_3_3
Parameters: 0.999983 -8.7879e-05 -0.00584589 8.01239e-05 0.999999 -0.00134749 0.00584611 0.00134751 0.999982 -0.158431 -0.0349767 1.0043
FixedParameters: 0 0 0

#Transform 37
Transform: AffineTransform_float_3_3
Parameters: 0.999986 -0.00063002 -0.00520821 0.000614979 0.999995 -0.00288524 0.0052098 0.00288176 0.999983 -0.116094 -0.0279777 0.720278
FixedParameters: 0 0 0

#Transform 38
Transform: AffineTransform_float_3_3
Parameters: 0.999986 -0.00101205 -0.00533149 0.00098796 0.99999 -0.00451033 0.00533551 0.00450567 0.999975 -0.123464 0.0641695 0.740139
FixedParameters: 0 0 0

#Transform 39
Transform: AffineTransform_float_3_3
Parameters: 0.999995 -0.000983131 -0.0032016 0.000972869 0.999994 -0.00347614 0.0032054 0.00347287 0.999989 -0.128836 0.0345213 0.696256
FixedParameters: 0 0 0

#Transform 40
Transform: AffineTransform_float_3_3
Parameters: 0.999993 -0.000702546 -0.00347249 0.000690457 0.999993 -0.00361242 0.00347452 0.00361058 0.999988 -0.127907 0.0343056 0.665849
FixedParameters: 0 0 0

#Transform 41
Transform: AffineTransform_float_3_3
Parameters: 0.99999 -0.000883154 -0.00424831 0.000874845 0.999998 -0.00192073 0.00425069 0.00191726 0.999989 -0.117967 0.0479601 0.631786
FixedParameters: 0 0 0

#Transform 42
Transform: AffineTransform_float_3_3
Parameters: 0.999991 -0.00141836 -0.00399075 0.00141164 0.999997 -0.00159565 0.00399325 0.00159035 0.999991 -0.11818 0.0585315 0.604825
FixedParameters: 0 0 0

#Transform 43
Transform: AffineTransform_float_3_3
Parameters: 0.999989 -0.00117817 -0.00439411 0.00115583 0.999986 -0.00504513 0.00439988 0.00503986 0.999977 -0.121802 0.0886678 0.557685
FixedParameters: 0 0 0

#Transform 44
Transform: AffineTransform_float_3_3
Parameters: 0.999991 -0.000842399 -0.00399261 0.000831601 0.999995 -0.00285534 0.00399539 0.00285266 0.999988 -0.0977457 0.0914842 0.511519
FixedParameters: 0 0 0

#Transform 45
Transform: AffineTransform_float_3_3
Parameters: 0.999989 -0.00142292 -0.00443151 0.00141207 0.999996 -0.00246728 0.00443549 0.00246072 0.999987 -0.0822597 0.0925099 0.52956
FixedParameters: 0 0 0

#Transform 46
Transform: AffineTransform_float_3_3
Parameters: 0.999991 -0.00206297 -0.00387005 0.00207804 0.999991 0.003885 0.00386295 -0.00389301 0.999985 -0.0653424 0.0724553 0.473269
FixedParameters: 0 0 0

#Transform 47
Transform: AffineTransform_float_3_3
Parameters: 0.999996 -0.000768601 -0.0026844 0.000763397 0.999997 -0.00208706 0.0026866 0.00208494 0.999994 -0.0690918 0.103409 0.508985
FixedParameters: 0 0 0

#Transform 48
Transform: AffineTransform_float_3_3
Parameters: 0.999991 -0.000417464 -0.0043642 0.000386531 0.999975 -0.00697875 0.00436781 0.00697724 0.999966 -0.0797204 0.125396 0.519599
FixedParameters: 0 0 0

#Transform 49
Transform: AffineTransform_float_3_3
Parameters: 0.99998 -6.74812e-05 -0.00643094 6.15162e-05 1 -0.00100842 0.00643107 0.00100759 0.999979 -0.0778041 0.114648 0.989129
FixedParameters: 0 0 0

#Transform 50
Transform: AffineTransform_float_3_3
Parameters: 0.999986 -0.00114927 -0.00513839 0.00115073 1 0.000333092 0.00513861 -0.00033891 0.999986 -0.0992351 0.099016 1.07671
FixedParameters: 0 0 0

#Transform 51
Transform: AffineTransform_float_3_3
Parameters: 0.999991 -0.00138132 -0.00419187 0.00139068 0.999997 0.00206919 0.00418913 -0.00207481 0.999989 -0.114637 0.173273 1.02048
FixedParameters: 0 0 0

#Transform 52
Transform: AffineTransform_float_3_3
Parameters: 0.999993 -0.00189093 -0.00343446 0.00189908 0.999996 0.0023495 0.00343054 -0.00235551 0.999992 -0.116381 0.180046 0.869726
FixedParameters: 0 0 0

#Transform 53
Transform: AffineTransform_float_3_3
Parameters: 0.999997 -0.00158699 -0.00221859 0.00159201 0.999996 0.00225848 0.00221541 -0.00226152 0.999995 -0.117637 0.131156 0.398033
FixedParameters: 0 0 0

#Transform 54
Transform: AffineTransform_float_3_3
Parameters: 0.999995 -0.00143127 -0.00284387 0.00143173 0.999999 -9.60721e-05 0.00284313 9.19312e-05 0.999996 -0.0771988 0.153691 0.381947
FixedParameters: 0 0 0

#Transform 55
Transform: AffineTransform_float_3_3
Parameters: 0.999992 -0.00125095 -0.00375236 0.00125805 0.999998 0.0018783 0.00374964 -0.00188271 0.999991 -0.0539646 0.142506 0.466295
FixedParameters: 0 0 0

#Transform 56
Transform: AffineTransform_float_3_3
Parameters: 0.999992 -0.000992082 -0.00388824 0.000992917 0.999999 0.000234141 0.00388777 -0.000237859 0.999993 -0.0886111 0.171022 0.438924
FixedParameters: 0 0 0

#Transform 57
Transform: AffineTransform_float_3_3
Parameters: 0.999993 -0.000651587 -0.0034897 0.000650415 0.999999 -0.000455272 0.00349029 0.000453728 0.999994 -0.108347 0.145065 0.373163
FixedParameters: 0 0 0

#Transform 58
Transform: AffineTransform_float_3_3
Parameters: 0.999994 -0.000823601 -0.00340822 0.000812396 0.999994 -0.00340379 0.00341178 0.00340121 0.999989 -0.103868 0.177394 0.385901
FixedParameters: 0 0 0

#Transform 59
Transform: AffineTransform_float_3_3
Parameters: 0.99999 -0.0016781 -0.00429057 0.0016769 0.999998 -0.000260197 0.00429143 0.000252801 0.999991 -0.090844 0.161939 0.425625
FixedParameters: 0 0 0

#Transform 60
Transform: AffineTransform_float_3_3
Parameters: 0.999993 -0.000897922 -0.0034605 0.000896078 1 -0.000557105 0.0034605 0.000553896 0.999994 -0.0876068 0.162217 0.419309
FixedParameters: 0 0 0

#Transform 61
Transform: AffineTransform_float_3_3
Parameters: 0.999993 -0.00111652 -0.003629 0.00111048 0.999998 -0.00179704 0.003632 0.00179296 0.999992 -0.089633 0.177847 0.428391
FixedParameters: 0 0 0

#Transform 62
Transform: AffineTransform_float_3_3
Parameters: 0.999993 -0.00113925 -0.00370178 0.00113175 0.999998 -0.00195921 0.00370422 0.0019548 0.999991 -0.0711207 0.190562 0.339686
FixedParameters: 0 0 0

#Transform 63
Transform: AffineTransform_float_3_3
Parameters: 0.999989 -0.00114445 -0.00467476 0.00112755 0.999993 -0.00373432 0.00467924 0.00372869 0.999982 -0.0703848 0.205261 0.254043
FixedParameters: 0 0 0

#Transform 64
Transform: AffineTransform_float_3_3
Parameters: 0.999988 -0.000961185 -0.00492568 0.00094381 0.999993 -0.00349069 0.00492932 0.0034853 0.999982 -0.0798291 0.199491 0.309491
FixedParameters: 0 0 0

#Transform 65
Transform: AffineTransform_float_3_3
Parameters: 0.999988 -0.000615818 -0.00486853 0.000595184 0.999991 -0.00407094 0.00487046 0.00406805 0.99998 -0.0616981 0.197145 0.296784
FixedParameters: 0 0 0

#Transform 66
Transform: AffineTransform_float_3_3
Parameters: 0.999988 -0.00074479 -0.00486906 0.000731212 0.999997 -0.00262759 0.00487093 0.0026244 0.999984 -0.0574415 0.17075 0.267952
FixedParameters: 0 0 0

#Transform 67
Transform: AffineTransform_float_3_3
Parameters: 0.999993 -0.000454027 -0.00385965 0.000450974 0.999999 -0.000784746 0.00386036 0.000783253 0.999992 -0.0765006 0.0940726 0.142661
FixedParameters: 0 0 0

#Transform 68
Transform: AffineTransform_float_3_3
Parameters: 0.999993 8.49348e-05 -0.00372029 -9.70666e-05 0.999994 -0.00324366 0.0037197 0.00324334 0.999988 -0.0580913 0.128875 0.135447
FixedParameters: 0 0 0

#Transform 69
Transform: AffineTransform_float_3_3
Parameters: 0.999991 -0.000564586 -0.00435401 0.000549413 0.999994 -0.00358043 0.004356 0.00357758 0.999984 -0.0367901 0.192938 0.09232
FixedParameters: 0 0 0

#Transform 70
Transform: AffineTransform_float_3_3
Parameters: 0.999992 -0.000537962 -0.003803 0.000538038 1 8.9539e-06 0.00380299 -1.10459e-05 0.999993 -0.0535525 0.146326 0.162722
FixedParameters: 0 0 0

#Transform 71
Transform: AffineTransform_float_3_3
Parameters: 0.999995 -0.00015312 -0.003102 0.000152878 1 -3.94744e-05 0.00310201 3.85252e-05 0.999995 -0.0878727 0.16575 0.487905
FixedParameters: 0 0 0

#Transform 72
Transform: AffineTransform_float_3_3
Parameters: 0.999993 -0.000353727 -0.00369846 0.000347273 0.999998 -0.00154929 0.00369854 0.0015477 0.999992 -0.0873157 0.150917 0.394199
FixedParameters: 0 0 0

#Transform 73
Transform: AffineTransform_float_3_3
Parameters: 0.99999 4.45722e-05 -0.00449958 -8.44257e-05 0.999959 -0.0089857 0.00449842 0.00898528 0.999949 -0.0728159 0.178552 0.0882887
FixedParameters: 0 0 0

#Transform 74
Transform: AffineTransform_float_3_3
Parameters: 0.999989 0.000292865 -0.00454091 -0.000335134 0.999957 -0.00928057 0.00453808 0.00928242 0.999946 -0.0588301 0.193834 0.00733245
FixedParameters: 0 0 0

#Transform 75
Transform: AffineTransform_float_3_3
Parameters: 0.999989 0.000344417 -0.00466942 -0.000387576 0.999957 -0.00933529 0.00466558 0.00933771 0.999945 -0.0583657 0.175433 0.00843
FixedParameters: 0 0 0

#Transform 76
Transform: AffineTransform_float_3_3
Parameters: 0.99999 0.000343902 -0.0046145 -0.000388105 0.999954 -0.00955931 0.0046115 0.00956069 0.999943 -0.0590726 0.195731 -0.00962814
FixedParameters: 0 0 0

#Transform 77
Transform: AffineTransform_float_3_3
Parameters: 0.999993 0.000735724 -0.00372934 -0.000772283 0.999953 -0.00973519 0.00372266 0.00973781 0.999945 -0.0946342 0.187282 -0.0201252
FixedParameters: 0 0 0

#Transform 78
Transform: AffineTransform_float_3_3
Parameters: 0.999992 0.000364389 -0.0041151 -0.000407608 0.999943 -0.0106014 0.00411091 0.0106036 0.999936 -0.0679111 0.138744 -0.0849404
FixedParameters: 0 0 0

#Transform 79
Transform: AffineTransform_float_3_3
Parameters: 0.999976 -0.00372598 -0.00585843 0.00383901 0.999805 0.0194 0.00578457 -0.019422 0.999794 -0.0628454 -0.0523567 -0.798174
FixedParameters: 0 0 0

#Transform 80
Transform: AffineTransform_float_3_3
Parameters: 0.999995 -0.00284174 -0.0009118 0.00287123 0.999422 0.0338785 0.000814188 -0.0338814 0.999425 -0.0497949 0.151938 -0.965712
FixedParameters: 0 0 0

#Transform 81
Transform: AffineTransform_float_3_3
Parameters: 0.999991 -0.00348884 -0.00216744 0.00353415 0.999769 0.0211935 0.00209256 -0.0212005 0.999773 -0.0166747 0.217653 -0.689056
FixedParameters: 0 0 0

#Transform 82
Transform: AffineTransform_float_3_3
Parameters: 0.99999 -0.00390285 -0.00219592 0.00395912 0.999649 0.0261736 0.00209207 -0.0261824 0.999655 -0.0463487 0.192553 -0.792624
FixedParameters: 0 0 0

#Transform 83
Transform: AffineTransform_float_3_3
Parameters: 0.999991 -0.00391952 -0.0012667 0.00395249 0.999611 0.0276082 0.00115831 -0.0276128 0.999618 -0.0503132 0.227767 -0.815351
FixedParameters: 0 0 0

#Transform 84
Transform: AffineTransform_float_3_3
Parameters: 0.999991 -0.00391567 -0.00150591 0.00395234 0.999664 0.0256423 0.0014051 -0.0256487 0.99967 -0.041057 0.227504 -0.820442
FixedParameters: 0 0 0

#Transform 85
Transform: AffineTransform_float_3_3
Parameters: 0.999992 -0.00416745 1.74777e-05 0.00416555 0.99974 0.0224423 -0.000111515 -0.0224427 0.999748 -0.0283576 0.222799 -0.933812
FixedParameters: 0 0 0

#Transform 86
Transform: AffineTransform_float_3_3
Parameters: 0.999996 -0.00147265 0.00267489 0.00144335 0.999938 0.0110519 -0.00269112 -0.0110481 0.999936 -0.0248261 0.260866 -0.745833
FixedParameters: 0 0 0

#Transform 87
Transform: AffineTransform_float_3_3
Parameters: 1 -0.000853567 0.000581708 0.000852435 0.999996 0.0026885 -0.000583294 -0.0026875 0.999996 -0.00943592 0.263682 -0.519105
FixedParameters: 0 0 0

#Transform 88
Transform: AffineTransform_float_3_3
Parameters: 0.999999 -0.000772409 0.00021554 0.00077159 0.999998 0.00189017 -0.000217459 -0.00189083 0.999998 -0.000874547 0.278827 -0.471962
FixedParameters: 0 0 0

#Transform 89
Transform: AffineTransform_float_3_3
Parameters: 0.999999 -0.000900392 -0.000252179 0.000901606 0.999996 0.00241877 0.00024982 -0.00241923 0.999997 0.00467754 0.25533 -0.435372
FixedParameters: 0 0 0

#Transform 90
Transform: AffineTransform_float_3_3
Parameters: 0.999999 -0.000771584 -0.000251281 0.000771416 0.999999 0.00165981 0.00024972 -0.00166019 0.999998 0.0077891 0.256562 -0.457666
FixedParameters: 0 0 0

#Transform 91
Transform: AffineTransform_float_3_3
Parameters: 1 -0.000770781 -0.000735281 0.000772221 0.999999 0.00165943 0.000734719 -0.00166057 0.999999 0.0168333 0.256748 -0.402809
FixedParameters: 0 0 0

#Transform 92
Transform: AffineTransform_float_3_3
Parameters: 0.999998 -0.00111145 -0.00174263 0.00111355 0.999999 0.00146106 0.00174037 -0.00146394 0.999998 0.0162323 0.258421 -0.421229
FixedParameters: 0 0 0

#Transform 93
Transform: AffineTransform_float_3_3
Parameters: 0.999997 -0.00125491 -0.00237763 0.00125809 0.999999 0.00129701 0.00237537 -0.00129999 0.999997 0.00453711 0.18525 -0.337253
FixedParameters: 0 0 0

#Transform 94
Transform: AffineTransform_float_3_3
Parameters: 0.99999 -0.000989675 -0.00424401 0.000993327 0.999999 0.00101779 0.00424299 -0.00102121 0.99999 -0.00431786 0.344373 -0.481311
FixedParameters: 0 0 0

#Transform 95
Transform: AffineTransform_float_3_3
Parameters: 0.999984 -0.00134102 -0.0055908 0.00133599 0.999998 -0.000900484 0.0055912 0.000893517 0.999984 0.0898984 0.383886 -1.12994
FixedParameters: 0 0 0

#Transform 96
Transform: AffineTransform_float_3_3
Parameters: 0.999991 -0.000421011 -0.0042598 0.00041899 1 -0.000472789 0.0042602 0.000471211 0.999991 0.0599273 0.292 -0.522054
FixedParameters: 0 0 0

#Transform 97
Transform: AffineTransform_float_3_3
Parameters: 0.999988 0.000304724 -0.00499502 -0.000320278 0.999994 -0.00325844 0.00499399 0.00325956 0.999982 0.059125 0.202902 -0.392862
FixedParameters: 0 0 0

#Transform 98
Transform: AffineTransform_float_3_3
Parameters: 0.999989 0.00023028 -0.00468912 -0.000251719 0.999989 -0.00463187 0.00468789 0.00463313 0.999979 0.0434972 0.185821 -0.512902
FixedParameters: 0 0 0

#Transform 99
Transform: AffineTransform_float_3_3
Parameters: 0.99999 0.000216772 -0.00463094 -0.000236224 0.999992 -0.00415195 0.00462906 0.00415305 0.99998 0.0231376 0.201266 -0.572969
FixedParameters: 0 0 0

#Transform 100
Transform: AffineTransform_float_3_3
Parameters: 0.999996 0.000307773 -0.00285346 -0.000320222 0.999989 -0.00463511 0.00285155 0.0046369 0.999985 0.0214851 0.166466 -0.754687
FixedParameters: 0 0 0

#Transform 101
Transform: AffineTransform_float_3_3
Parameters: 0.999997 -0.000595508 -0.00229135 0.000593494 0.999999 -0.00109436 0.00229165 0.00109364 0.999997 0.0402655 0.162263 -0.817994
FixedParameters: 0 0 0

#Transform 102
Transform: AffineTransform_float_3_3
Parameters: 0.999997 -0.000801796 -0.00238574 0.000804204 1 0.000923084 0.00238426 -0.000924915 0.999996 0.0219008 0.243499 -0.734712
FixedParameters: 0 0 0

#Transform 103
Transform: AffineTransform_float_3_3
Parameters: 0.999992 -0.000969486 -0.00385388 0.000968515 0.999999 -0.000127733 0.00385312 0.000124265 0.999992 0.0364786 0.2619 -0.736849
FixedParameters: 0 0 0

#Transform 104
Transform: AffineTransform_float_3_3
Parameters: 0.999997 -0.00026446 -0.0021287 0.000262541 1 -0.00115556 0.0021283 0.00115544 0.999997 0.0337455 0.250122 -0.812647
FixedParameters: 0 0 0

#Transform 105
Transform: AffineTransform_float_3_3
Parameters: 0.999996 -0.000268245 -0.00257825 0.000260754 0.999996 -0.00280968 0.00257974 0.00280932 0.999992 0.0301807 0.265554 -0.811319
FixedParameters: 0 0 0

#Transform 106
Transform: AffineTransform_float_3_3
Parameters: 0.999993 -0.000309054 -0.00372934 0.000300944 0.999997 -0.00216014 0.00373066 0.00215886 0.99999 0.0506358 0.266651 -0.860746
FixedParameters: 0 0 0

#Transform 107
Transform: AffineTransform_float_3_3
Parameters: 0.99999 -0.000698117 -0.00456216 0.000685883 0.999996 -0.00265716 0.00456384 0.00265384 0.999986 0.0735532 0.295233 -0.857222
FixedParameters: 0 0 0

#Transform 108
Transform: AffineTransform_float_3_3
Parameters: 0.999991 -0.0014864 -0.00412899 0.0014776 0.999997 -0.00203612 0.00413102 0.00202988 0.99999 0.0435595 0.320351 -0.88529
FixedParameters: 0 0 0

#Transform 109
Transform: AffineTransform_float_3_3
Parameters: 0.999997 -0.00162158 -0.001935 0.00161842 0.999997 -0.00185214 0.001938 0.00184886 0.999997 0.04596 0.310073 -0.969319
FixedParameters: 0 0 0

#Transform 110
Transform: AffineTransform_float_3_3
Parameters: 0.999995 -0.000809527 -0.00308774 0.000796471 0.999992 -0.00405648 0.00309125 0.00405352 0.999987 0.0383177 0.296088 -0.882714
FixedParameters: 0 0 0

#Transform 111
Transform: AffineTransform_float_3_3
Parameters: 0.999996 -0.000801662 -0.00247853 0.000794336 0.999995 -0.00309098 0.00248147 0.00308902 0.999992 0.0229421 0.294224 -0.770911
FixedParameters: 0 0 0

#Transform 112
Transform: AffineTransform_float_3_3
Parameters: 0.999995 -0.000573071 -0.0030897 0.000565929 0.999997 -0.00228876 0.0030913 0.00228724 0.999992 0.0220319 0.243806 -0.658185
FixedParameters: 0 0 0

#Transform 113
Transform: AffineTransform_float_3_3
Parameters: 0.999994 -0.000575217 -0.00341146 0.000565782 0.999996 -0.00270195 0.00341354 0.00270005 0.99999 0.027983 0.259016 -0.682667
FixedParameters: 0 0 0

#Transform 114
Transform: AffineTransform_float_3_3
Parameters: 0.999991 -0.000576269 -0.0041776 0.000565734 0.999997 -0.00245839 0.0041784 0.00245661 0.999989 0.0422318 0.272175 -0.736326
FixedParameters: 0 0 0

#Transform 115
Transform: AffineTransform_float_3_3
Parameters: 0.999991 -0.000583116 -0.00417665 0.00056589 0.999992 -0.0040974 0.00417835 0.0040956 0.999983 0.042347 0.276028 -0.768231
FixedParameters: 0 0 0

#Transform 116
Transform: AffineTransform_float_3_3
Parameters: 0.999991 -0.00077606 -0.00417641 0.000761941 0.999994 -0.00336721 0.00417859 0.00336379 0.999985 0.0348783 0.261319 -0.720552
FixedParameters: 0 0 0

#Transform 117
Transform: AffineTransform_float_3_3
Parameters: 0.99999 -0.000986417 -0.0042045 0.000979583 0.999999 -0.00152813 0.0042055 0.00152387 0.99999 0.0402749 0.2883 -0.74342
FixedParameters: 0 0 0

#Transform 118
Transform: AffineTransform_float_3_3
Parameters: 0.999991 -0.00102725 -0.00422573 0.00102175 0.999998 -0.00124433 0.00422728 0.00124067 0.999991 0.0501315 0.270859 -0.744134
FixedParameters: 0 0 0

#Transform 119
Transform: AffineTransform_float_3_3
Parameters: 0.999991 -0.00102578 -0.00396902 0.00102122 0.999999 -0.000955061 0.00396997 0.000950935 0.999991 0.0456488 0.277571 -0.765307
FixedParameters: 0 0 0

#Transform 120
Transform: AffineTransform_float_3_3
Parameters: 0.999992 -0.000963507 -0.00402993 0.000958494 0.999999 -0.00111987 0.00403108 0.00111613 0.999992 0.0503179 0.271733 -0.764634
FixedParameters: 0 0 0

#Transform 121
Transform: AffineTransform_float_3_3
Parameters: 0.999989 -0.000952703 -0.00446257 0.000945295 0.999999 -0.00150423 0.00446442 0.00149976 0.999989 0.0577681 0.276042 -0.782583
FixedParameters: 0 0 0

#Transform 122
Transform: AffineTransform_float_3_3
Parameters: 0.999991 -0.000780955 -0.00431147 0.000777044 0.999999 -0.000687357 0.00431154 0.000683639 0.999991 0.0393002 0.261643 -0.648642
FixedParameters: 0 0 0

#Transform 123
Transform: AffineTransform_float_3_3
Parameters: 0.999991 -0.000545584 -0.00415045 0.00054942 1 0.000822727 0.00415055 -0.000824272 0.999991 0.0400602 0.251689 -0.289076
FixedParameters: 0 0 0

#Transform 124
Transform: AffineTransform_float_3_3
Parameters: 0.999989 -0.000536651 -0.00456045 0.000532347 1 -0.00102144 0.00456054 0.00101856 0.999989 0.0399901 0.253507 -0.565064
FixedParameters: 0 0 0

#Transform 125
Transform: AffineTransform_float_3_3
Parameters: 0.999988 -0.000450361 -0.00497237 0.00043164 0.999993 -0.00369319 0.00497363 0.00369081 0.999981 0.0371926 0.27252 -0.666019
FixedParameters: 0 0 0

#Transform 126
Transform: AffineTransform_float_3_3
Parameters: 0.999989 -0.000306694 -0.00452196 0.000291308 0.999994 -0.00347035 0.00452304 0.00346965 0.999984 0.026481 0.262661 -0.746819
FixedParameters: 0 0 0

#Transform 127
Transform: AffineTransform_float_3_3
Parameters: 0.999993 -0.000323301 -0.00386875 0.000308701 0.999992 -0.00395422 0.00387025 0.00395378 0.999984 0.0429134 0.247277 -0.814806
FixedParameters: 0 0 0

#Transform 128
Transform: AffineTransform_float_3_3
Parameters: 0.999994 -0.000682109 -0.00357315 0.000667886 0.999991 -0.00422841 0.00357686 0.00422559 0.999984 0.0448954 0.240385 -0.877631
FixedParameters: 0 0 0

#Transform 129
Transform: AffineTransform_float_3_3
Parameters: 0.999994 -0.000473104 -0.00337979 0.000456896 0.999988 -0.00476357 0.00338222 0.00476243 0.999983 0.0433851 0.246381 -0.838471
FixedParameters: 0 0 0

#Transform 130
Transform: AffineTransform_float_3_3
Parameters: 0.999995 -0.000452956 -0.0031749 0.000438041 0.999989 -0.00471041 0.0031771 0.00470858 0.999984 0.0444079 0.25157 -0.817854
FixedParameters: 0 0 0

#Transform 131
Transform: AffineTransform_float_3_3
Parameters: 0.999995 -0.000572422 -0.0032535 0.000558576 0.99999 -0.00443184 0.00325651 0.00443016 0.999985 0.0491436 0.266229 -0.80375
FixedParameters: 0 0 0

#Transform 132
Transform: AffineTransform_float_3_3
Parameters: 0.999995 -2.65788e-05 -0.00295591 1.24205e-05 0.999988 -0.00493206 0.0029561 0.00493194 0.999984 0.0651382 0.27854 -0.824068
FixedParameters: 0 0 0

#Transform 133
Transform: AffineTransform_float_3_3
Parameters: 0.999994 -0.00026658 -0.00348077 0.000249419 0.999988 -0.00476289 0.00348223 0.0047621 0.999982 0.0630998 0.274161 -0.843042
FixedParameters: 0 0 0

#Transform 134
Transform: AffineTransform_float_3_3
Parameters: 0.999994 -3.14899e-05 -0.00351288 1.25092e-05 0.999984 -0.00554808 0.00351312 0.00554792 0.999979 0.0616706 0.266488 -0.79955
FixedParameters: 0 0 0

#Transform 135
Transform: AffineTransform_float_3_3
Parameters: 0.999995 -0.000467567 -0.00317303 0.000453435 0.999991 -0.00427446 0.00317497 0.00427354 0.999986 0.036313 0.291197 -0.708086
FixedParameters: 0 0 0

#Transform 136
Transform: AffineTransform_float_3_3
Parameters: 0.999999 -0.000441432 -0.00148328 0.000438567 0.999998 -0.00164065 0.00148372 0.00163935 0.999997 0.0428199 0.235522 -0.707573
FixedParameters: 0 0 0

#Transform 137
Transform: AffineTransform_float_3_3
Parameters: 0.999996 -0.000536923 -0.00252812 0.000528076 0.999993 -0.00352934 0.00252988 0.00352765 0.99999 0.0454806 0.254743 -0.725128
FixedParameters: 0 0 0

#Transform 138
Transform: AffineTransform_float_3_3
Parameters: 0.999997 -0.000447805 -0.00250409 0.000437194 0.99999 -0.00431411 0.00250591 0.00431289 0.999987 0.0281633 0.287158 -0.763581
FixedParameters: 0 0 0

#Transform 139
Transform: AffineTransform_float_3_3
Parameters: 0.999996 -0.000431578 -0.00286828 0.000420422 0.999992 -0.00403622 0.00286972 0.00403478 0.999987 0.045226 0.284871 -0.769753
FixedParameters: 0 0 0

#Transform 140
Transform: AffineTransform_float_3_3
Parameters: 0.999996 -0.000475458 -0.00271702 0.000463542 0.999991 -0.00421628 0.00271898 0.00421473 0.999988 0.0506653 0.272862 -0.788807
FixedParameters: 0 0 0

#Transform 141
Transform: AffineTransform_float_3_3
Parameters: 0.999995 -0.00077279 -0.00300849 0.000759212 0.999989 -0.00458231 0.00301151 0.0045797 0.999985 0.048984 0.259466 -0.800482
FixedParameters: 0 0 0

#Transform 142
Transform: AffineTransform_float_3_3
Parameters: 0.999998 -0.00160981 -0.000267163 0.00161019 0.999999 0.000722571 0.000266835 -0.000723431 0.999999 0.0292678 0.256905 -0.870517
FixedParameters: 0 0 0

#Transform 143
Transform: AffineTransform_float_3_3
Parameters: 0.999999 -0.0014096 -9.79747e-05 0.0014104 0.99999 0.00423787 9.20249e-05 -0.00423713 0.999991 0.0345386 0.237465 -0.918171
FixedParameters: 0 0 0

#Transform 144
Transform: AffineTransform_float_3_3
Parameters: 0.999997 -0.00141006 -0.00197496 0.00140994 0.999999 -2.97847e-05 0.00197504 2.72152e-05 0.999998 0.036127 0.258614 -0.901843
FixedParameters: 0 0 0

#Transform 145
Transform: AffineTransform_float_3_3
Parameters: 0.999995 -0.00141269 -0.00261755 0.00141031 0.999999 -0.0010307 0.00261945 0.0010273 0.999996 0.040264 0.271753 -0.885482
FixedParameters: 0 0 0

#Transform 146
Transform: AffineTransform_float_3_3
Parameters: 0.999995 -0.00120668 -0.00285103 0.00120132 0.999998 -0.00164143 0.00285298 0.00163757 0.999995 0.0585467 0.292195 -0.885444
FixedParameters: 0 0 0

#Transform 147
Transform: AffineTransform_float_3_3
Parameters: 0.999995 -0.00119707 -0.00270876 0.00119193 0.999997 -0.00187324 0.00271123 0.00187076 0.999994 0.0567988 0.26083 -0.862041
FixedParameters: 0 0 0

#Transform 148
Transform: AffineTransform_float_3_3
Parameters: 0.999996 -0.00116364 -0.00267198 0.00115936 0.999998 -0.0017381 0.00267402 0.0017349 0.999995 0.0531653 0.25858 -0.920209
FixedParameters: 0 0 0

#Transform 149
Transform: AffineTransform_float_3_3
Parameters: 0.999996 -0.000428974 -0.00275639 0.000425025 0.999999 -0.00144218 0.00275762 0.00144082 0.999995 0.0760666 0.235355 -0.949054
FixedParameters: 0 0 0

#Transform 150
Transform: AffineTransform_float_3_3
Parameters: 0.999997 -0.000738081 -0.00233434 0.000735921 1 -0.000891721 0.00233466 0.00089028 0.999997 0.0658656 0.24197 -0.959965
FixedParameters: 0 0 0

#Transform 151
Transform: AffineTransform_float_3_3
Parameters: 0.999994 -0.00128988 -0.00298947 0.00128412 0.999997 -0.00196785 0.00299253 0.00196415 0.999993 0.0700323 0.26855 -0.898791
FixedParameters: 0 0 0

#Transform 152
Transform: AffineTransform_float_3_3
Parameters: 0.999997 2.47704e-05 -0.00221403 -2.72294e-05 1 -0.00100694 0.00221397 0.00100706 0.999997 0.0697598 0.25704 -0.581897
FixedParameters: 0 0 0

#Transform 153
Transform: AffineTransform_float_3_3
Parameters: 0.999997 -0.000172288 -0.00250351 0.000164712 0.999996 -0.00291042 0.00250449 0.00291058 0.999992 0.0586491 0.284777 -0.613958
FixedParameters: 0 0 0

#Transform 154
Transform: AffineTransform_float_3_3
Parameters: 0.999994 -0.00112948 -0.00325504 0.00111853 0.999993 -0.00352466 0.00325896 0.00352134 0.999989 0.0524792 0.334206 -0.73823
FixedParameters: 0 0 0

#Transform 155
Transform: AffineTransform_float_3_3
Parameters: 0.999996 -0.000981912 -0.002576 0.000973089 0.999995 -0.00307052 0.002579 0.00306848 0.999992 0.0534617 0.327007 -0.815352
FixedParameters: 0 0 0

#Transform 156
Transform: AffineTransform_float_3_3
Parameters: 0.999996 -0.000882007 -0.00275355 0.000867989 0.999986 -0.00508441 0.00275845 0.00508159 0.999984 0.0526667 0.304348 -0.818945
FixedParameters: 0 0 0

#Transform 157
Transform: AffineTransform_float_3_3
Parameters: 0.999993 -0.000411148 -0.00356765 0.000381856 0.999964 -0.00844742 0.00357035 0.00844559 0.999958 0.0686591 0.309579 -0.785249
FixedParameters: 0 0 0

#Transform 158
Transform: AffineTransform_float_3_3
Parameters: 0.999992 -0.000894898 -0.00384684 0.000868101 0.999975 -0.0069884 0.00385316 0.00698461 0.999968 0.0598467 0.281357 -0.776502
FixedParameters: 0 0 0

#Transform 159
Transform: AffineTransform_float_3_3
Parameters: 0.999996 -1.76744e-05 -0.00302795 3.25168e-07 0.999983 -0.00583703 0.00302806 0.00583698 0.999979 0.0554467 0.282639 -0.785306
FixedParameters: 0 0 0
