# transform file /out/sourcedata/freesurfer/sub-v2s1x29892_ses-1/mri/transforms/cc_up.lta
# created by oesteban on Thu Mar 12 21:23:43 2026

type      = 0 # LINEAR_VOX_TO_VOX
nxforms   = 1
mean      = 128.0000 127.0000 127.0000
sigma     = 10000.0000
1 4 4
9.877647161483765e-01 1.480656862258911e-01 -4.896154254674911e-02 -1.200841045379639e+01 
-1.478841304779053e-01 9.889774322509766e-01 7.330324035137892e-03 3.470206451416016e+01 
4.950723797082901e-02 0.000000000000000e+00 9.987737536430359e-01 -3.332169532775879e+00 
0.000000000000000e+00 0.000000000000000e+00 0.000000000000000e+00 1.000000000000000e+00 
src volume info
valid = 1  # volume info valid
filename = /out/sourcedata/freesurfer/sub-v2s1x29892_ses-1/mri/norm.mgz
volume = 256 256 256
voxelsize = 8.999999165534973e-01 8.999999165534973e-01 8.999999165534973e-01
xras   = -1.000000119209290e+00 0.000000000000000e+00 0.000000000000000e+00
yras   = 0.000000000000000e+00 0.000000000000000e+00 -1.000000000000000e+00
zras   = 0.000000000000000e+00 1.000000119209290e+00 0.000000000000000e+00
cras   = -1.575798034667969e+00 2.343138885498047e+01 -7.999588012695312e+00
dst volume info
valid = 1  # volume info valid
filename = /out/sourcedata/freesurfer/sub-v2s1x29892_ses-1/mri/norm.mgz
volume = 256 256 256
voxelsize = 8.999999165534973e-01 8.999999165534973e-01 8.999999165534973e-01
xras   = -1.000000119209290e+00 0.000000000000000e+00 0.000000000000000e+00
yras   = 0.000000000000000e+00 0.000000000000000e+00 -1.000000000000000e+00
zras   = 0.000000000000000e+00 1.000000119209290e+00 0.000000000000000e+00
cras   = -1.575798034667969e+00 2.343138885498047e+01 -7.999588012695312e+00
