type      = 1 # LINEAR_RAS_TO_RAS
nxforms   = 1
mean      = 0.0000 0.0000 0.0000
sigma     = 1.0000
1 4 4
1.135673046112061e+00 4.670799896121025e-02 1.386989951133728e-01 2.845717906951904e+00 
-8.217500150203705e-02 1.103407025337219e+00 7.092499732971191e-02 -4.237371826171875e+01 
-1.673319935798645e-01 3.524399921298027e-02 1.162588000297546e+00 1.653530120849609e+01 
0.000000000000000e+00 0.000000000000000e+00 0.000000000000000e+00 1.000000000000000e+00 
src volume info
valid = 1  # volume info valid
filename = /out/sourcedata/freesurfer/sub-v2s1x29892_ses-1/mri/orig_nu.mgz
volume = 256 256 256
voxelsize = 8.999999165534973e-01 8.999999165534973e-01 8.999999165534973e-01
xras   = -1.000000119209290e+00 0.000000000000000e+00 0.000000000000000e+00
yras   = 0.000000000000000e+00 0.000000000000000e+00 -1.000000000000000e+00
zras   = 0.000000000000000e+00 1.000000119209290e+00 0.000000000000000e+00
cras   = -1.575798034667969e+00 2.343138885498047e+01 -7.999588012695312e+00
dst volume info
valid = 1  # volume info valid
filename = /opt/freesurfer/average/mni305.cor.mgz
volume = 256 256 256
voxelsize = 1.000000000000000e+00 1.000000000000000e+00 1.000000000000000e+00
xras   = -1.000000000000000e+00 0.000000000000000e+00 0.000000000000000e+00
yras   = 0.000000000000000e+00 0.000000000000000e+00 -1.000000000000000e+00
zras   = 0.000000000000000e+00 1.000000000000000e+00 0.000000000000000e+00
cras   = 0.000000000000000e+00 0.000000000000000e+00 0.000000000000000e+00
subject fsaverage
fscale 0.100000
