#Insight Transform File V1.0
#Transform 0
Transform: AffineTransform_float_3_3
Parameters: 0.999998 0.0015741 -0.00127975 -0.0015689 0.999991 0.00397602 0.00128625 -0.00397398 0.999992 -0.100998 -0.146492 1.05554
FixedParameters: 0 0 0

#Transform 1
Transform: AffineTransform_float_3_3
Parameters: 0.999995 0.0026188 -0.00129634 -0.0026122 0.999983 0.00522241 0.00130965 -0.00521859 0.999985 -0.0985722 0.0274538 0.659779
FixedParameters: 0 0 0

#Transform 2
Transform: AffineTransform_float_3_3
Parameters: 0.999995 0.00322967 -0.000942533 -0.00322634 0.999988 0.00386406 0.000955469 -0.00386094 0.999992 -0.101845 0.0717424 0.420661
FixedParameters: 0 0 0

#Transform 3
Transform: AffineTransform_float_3_3
Parameters: 0.999997 0.000900111 -0.00198745 -0.000889883 0.999986 0.00508378 0.00199255 -0.00508122 0.999985 -0.0930592 0.0518831 0.597274
FixedParameters: 0 0 0

#Transform 4
Transform: AffineTransform_float_3_3
Parameters: 0.999994 0.00165202 -0.00300161 -0.00163297 0.999978 0.00632894 0.00301239 -0.00632406 0.999976 -0.14956 0.0983401 0.62938
FixedParameters: 0 0 0

#Transform 5
Transform: AffineTransform_float_3_3
Parameters: 0.999993 0.00133757 -0.00370128 -0.00131643 0.999982 0.00582392 0.00370873 -0.00581909 0.999976 -0.17904 0.0811014 0.628292
FixedParameters: 0 0 0

#Transform 6
Transform: AffineTransform_float_3_3
Parameters: 0.999998 0.000558122 -0.00227234 -0.00054288 0.999977 0.00665025 0.00227566 -0.00664875 0.999976 -0.143985 0.0686792 0.549905
FixedParameters: 0 0 0

#Transform 7
Transform: AffineTransform_float_3_3
Parameters: 0.999999 0.000349254 -0.0011793 -0.000339748 0.999969 0.00783841 0.0011817 -0.00783759 0.999968 -0.101891 0.072771 0.292904
FixedParameters: 0 0 0

#Transform 8
Transform: AffineTransform_float_3_3
Parameters: 0.999997 0.000793268 -0.00225106 -0.000781733 0.999987 0.00500177 0.00225494 -0.00500023 0.999985 -0.141834 0.0807651 0.396125
FixedParameters: 0 0 0

#Transform 9
Transform: AffineTransform_float_3_3
Parameters: 0.999996 0.000797681 -0.00291576 -0.000782323 0.999985 0.00537531 0.00291925 -0.0053727 0.999982 -0.157958 0.1012 0.322363
FixedParameters: 0 0 0

#Transform 10
Transform: AffineTransform_float_3_3
Parameters: 0.999997 0.000571893 -0.00212304 -0.000557109 0.999976 0.0070082 0.00212696 -0.0070078 0.999973 -0.126172 0.189531 0.415768
FixedParameters: 0 0 0

#Transform 11
Transform: AffineTransform_float_3_3
Parameters: 0.999997 0.000440417 -0.00215089 -0.000429583 0.999988 0.00484094 0.0021531 -0.00484006 0.999986 -0.128098 0.0614273 0.43423
FixedParameters: 0 0 0

#Transform 12
Transform: AffineTransform_float_3_3
Parameters: 0.999997 0.00043964 -0.00215105 -0.00042936 0.99999 0.00447993 0.00215294 -0.00447906 0.999987 -0.127902 0.014626 0.336499
FixedParameters: 0 0 0

#Transform 13
Transform: AffineTransform_float_3_3
Parameters: 0.999998 0.000619199 -0.00199347 -0.000610802 0.999992 0.00411123 0.00199553 -0.00410977 0.999989 -0.122266 0.0203247 0.271324
FixedParameters: 0 0 0

#Transform 14
Transform: AffineTransform_float_3_3
Parameters: 0.999999 0.0014823 -0.00104976 -0.00147469 0.999975 0.00692456 0.00106023 -0.00692244 0.999975 -0.0939667 0.0191637 0.166451
FixedParameters: 0 0 0

#Transform 15
Transform: AffineTransform_float_3_3
Parameters: 0.999998 0.00106997 -0.00196877 -0.00106403 0.999995 0.0030291 0.00197223 -0.0030279 0.999994 -0.132986 -0.0348501 0.123074
FixedParameters: 0 0 0

#Transform 16
Transform: AffineTransform_float_3_3
Parameters: 0.999997 0.000850878 -0.00197648 -0.000845124 0.999995 0.00297268 0.00197852 -0.00297132 0.999993 -0.0982353 0.00939134 0.233806
FixedParameters: 0 0 0

#Transform 17
Transform: AffineTransform_float_3_3
Parameters: 0.999999 0.000703645 -0.000378804 -0.000702355 0.999999 0.00170027 0.000380195 -0.00169973 0.999999 -0.0442294 -0.0047332 0.0966991
FixedParameters: 0 0 0

#Transform 18
Transform: AffineTransform_float_3_3
Parameters: 1 0.000467452 0.000209229 -0.000467548 0.999997 0.0026269 -0.000207772 -0.0026271 0.999996 -0.0252395 0.0609722 0.0956012
FixedParameters: 0 0 0

#Transform 19
Transform: AffineTransform_float_3_3
Parameters: 1 -6.83068e-06 0.000620983 4.16926e-06 0.999995 0.002948 -0.000621015 -0.002948 0.999996 0.00872392 0.0527076 -0.0132253
FixedParameters: 0 0 0

#Transform 20
Transform: AffineTransform_float_3_3
Parameters: 1 -1.7315e-05 0.000214975 1.6685e-05 0.999999 0.001465 -0.000215025 -0.001465 0.999999 0.0112223 0.020559 -0.0244591
FixedParameters: 0 0 0

#Transform 21
Transform: AffineTransform_float_3_3
Parameters: 1 0.000419286 0.00041671 -0.000417713 0.999995 -0.00308118 -0.000418289 0.00308083 0.999995 0.0168003 -0.0140283 0.132892
FixedParameters: 0 0 0

#Transform 22
Transform: AffineTransform_float_3_3
Parameters: 0.999999 0.000413 -0.00118675 -0.000418001 0.999991 -0.00421551 0.00118525 0.00421649 0.999991 -0.0793419 -0.032592 -0.0238289
FixedParameters: 0 0 0

#Transform 23
Transform: AffineTransform_float_3_3
Parameters: 0.999998 -0.000924477 -0.00131719 0.000929526 0.999993 0.00343778 0.00131481 -0.00343822 0.999993 -0.12321 0.0216832 0.017759
FixedParameters: 0 0 0

#Transform 24
Transform: AffineTransform_float_3_3
Parameters: 0.999998 -0.0011201 -0.00205749 0.00112091 1 0.000439695 0.00205751 -0.000441306 0.999998 -0.0949808 -0.0335348 -0.0419582
FixedParameters: 0 0 0

#Transform 25
Transform: AffineTransform_float_3_3
Parameters: 0.999999 -0.000625591 -0.00165627 0.000621407 0.999996 -0.00277103 0.00165873 0.00276997 0.999995 -0.0799022 -0.062848 -0.035209
FixedParameters: 0 0 0

#Transform 26
Transform: AffineTransform_float_3_3
Parameters: 0.999999 -0.000246874 -0.00138932 0.000243126 0.999996 -0.00278834 0.00138968 0.00278766 0.999995 -0.051292 -0.0434234 -0.0999816
FixedParameters: 0 0 0

#Transform 27
Transform: AffineTransform_float_3_3
Parameters: 0.999999 -0.000605527 -0.000845485 0.000601471 0.999991 -0.00416551 0.000848512 0.00416549 0.999991 -0.00987429 0.0870658 -0.404507
FixedParameters: 0 0 0

#Transform 28
Transform: AffineTransform_float_3_3
Parameters: 0.999999 0.000190318 0.00177568 -0.000222687 0.99984 0.0178586 -0.00177231 -0.0178594 0.999839 0.0197981 0.0260582 0.516425
FixedParameters: 0 0 0

#Transform 29
Transform: AffineTransform_float_3_3
Parameters: 0.999997 0.000527739 -0.00249013 -0.000483265 0.999846 0.0175323 0.00249886 -0.0175317 0.999843 -0.103879 0.129083 0.425144
FixedParameters: 0 0 0

#Transform 30
Transform: AffineTransform_float_3_3
Parameters: 1 -0.000297474 -0.000288627 0.00030053 0.999962 0.00879292 0.000286369 -0.00879309 0.999962 -0.0157226 -0.0234385 0.333435
FixedParameters: 0 0 0

#Transform 31
Transform: AffineTransform_float_3_3
Parameters: 0.999998 -0.000198055 0.00202142 0.000191945 0.999995 0.00299439 -0.00202258 -0.00299461 0.999994 0.0131274 -0.127967 0.0155277
FixedParameters: 0 0 0

#Transform 32
Transform: AffineTransform_float_3_3
Parameters: 0.999998 -0.00210317 -0.00102513 0.00211083 0.999976 0.00670786 0.00101086 -0.00671015 0.999977 -0.222885 -0.127796 -1.619
FixedParameters: 0 0 0

#Transform 33
Transform: AffineTransform_float_3_3
Parameters: 0.999993 -0.00118117 -0.00334008 0.00120083 0.999981 0.00594202 0.00333292 -0.00594597 0.999977 -0.314211 -0.060591 -0.901882
FixedParameters: 0 0 0

#Transform 34
Transform: AffineTransform_float_3_3
Parameters: 0.999995 -0.000989934 -0.00277705 0.00100406 0.999986 0.00506723 0.00277195 -0.00507077 0.999984 -0.28585 -0.0449075 -0.633344
FixedParameters: 0 0 0

#Transform 35
Transform: AffineTransform_float_3_3
Parameters: 0.999998 -0.00105094 -0.00168505 0.00105906 0.999988 0.00478823 0.00167995 -0.00478978 0.999987 -0.22594 -0.0317733 -0.521776
FixedParameters: 0 0 0

#Transform 36
Transform: AffineTransform_float_3_3
Parameters: 0.999998 -0.00153734 0.00040293 0.00153566 0.999994 0.00329963 -0.00040807 -0.00329938 0.999995 -0.184107 -0.0433706 -0.459988
FixedParameters: 0 0 0

#Transform 37
Transform: AffineTransform_float_3_3
Parameters: 0.999997 -0.00195311 0.000828709 0.00194989 0.999991 0.00373662 -0.000836291 -0.00373537 0.999992 -0.160532 -0.0604253 -0.467184
FixedParameters: 0 0 0

#Transform 38
Transform: AffineTransform_float_3_3
Parameters: 0.999999 -0.000988768 -0.000201138 0.00098923 0.999999 0.0011508 0.000199861 -0.0011512 1 -0.168678 -0.0347596 -0.331253
FixedParameters: 0 0 0

#Transform 39
Transform: AffineTransform_float_3_3
Parameters: 0.999994 0.00124515 -0.00339853 -0.00129184 0.999903 -0.0138187 0.00338047 0.0138233 0.999898 -0.145529 -0.207852 0.0640952
FixedParameters: 0 0 0

#Transform 40
Transform: AffineTransform_float_3_3
Parameters: 0.999997 0.000675117 0.00239509 -0.000685884 0.99999 0.00454637 -0.00239191 -0.00454763 0.999987 -0.0733533 0.0286559 0.0400338
FixedParameters: 0 0 0

#Transform 41
Transform: AffineTransform_float_3_3
Parameters: 0.999999 -5.23762e-05 0.00126583 4.76231e-05 0.999994 0.00345706 -0.00126617 -0.00345694 0.999993 -0.0649679 -0.0933351 0.106203
FixedParameters: 0 0 0

#Transform 42
Transform: AffineTransform_float_3_3
Parameters: 1 -0.000472209 0.000957915 0.000469792 0.999997 0.00230445 -0.000959086 -0.00230455 0.999997 -0.0865782 -0.089196 0.136681
FixedParameters: 0 0 0

#Transform 43
Transform: AffineTransform_float_3_3
Parameters: 1 -0.000944844 0.000505427 0.000944158 0.999998 0.00166548 -0.000506573 -0.00166552 0.999998 -0.0920018 -0.0256916 0.180899
FixedParameters: 0 0 0

#Transform 44
Transform: AffineTransform_float_3_3
Parameters: 0.999999 -0.00111141 0.00051613 0.0011106 0.999999 0.000783574 -0.00051687 -0.000783426 0.999999 -0.0899545 -0.06141 0.137871
FixedParameters: 0 0 0

#Transform 45
Transform: AffineTransform_float_3_3
Parameters: 0.999999 -0.000658329 0.000463953 0.00065867 0.999998 -0.00144669 -0.000463047 0.0014473 0.999999 -0.0790426 -0.164059 0.075656
FixedParameters: 0 0 0

#Transform 46
Transform: AffineTransform_float_3_3
Parameters: 0.999999 -0.00124231 0.000500228 0.00124269 0.999999 0.000621622 -0.000500773 -0.000621378 0.999999 -0.0992309 -0.0498814 0.178361
FixedParameters: 0 0 0

#Transform 47
Transform: AffineTransform_float_3_3
Parameters: 0.999999 -0.00114447 0.00103048 0.00114453 0.999999 0.00045618 -0.00103152 -0.00045482 1 -0.0728018 -0.0859054 0.163974
FixedParameters: 0 0 0

#Transform 48
Transform: AffineTransform_float_3_3
Parameters: 0.999999 -0.00123245 0.00067718 0.00123155 0.999999 0.000665834 -0.000677818 -0.000664165 0.999999 -0.0717968 -0.0880052 0.1347
FixedParameters: 0 0 0

#Transform 49
Transform: AffineTransform_float_3_3
Parameters: 0.999999 8.91855e-05 0.000911798 -9.68085e-05 0.999963 0.00857492 -0.000910203 -0.00857409 0.999963 -0.0642363 0.0960934 0.304275
FixedParameters: 0 0 0

#Transform 50
Transform: AffineTransform_float_3_3
Parameters: 0.999998 -0.000171402 0.0018674 0.000153602 0.999952 0.00985031 -0.0018686 -0.0098497 0.999949 0.0198761 0.00508198 0.221612
FixedParameters: 0 0 0

#Transform 51
Transform: AffineTransform_float_3_3
Parameters: 0.999995 -0.0007823 0.00288879 0.000758708 0.999967 0.00805723 -0.00289421 -0.00805578 0.999964 0.025269 0.00316447 0.0614775
FixedParameters: 0 0 0

#Transform 52
Transform: AffineTransform_float_3_3
Parameters: 0.999999 0.000122001 0.00122326 -0.000133997 0.999952 0.00981384 -0.00122174 -0.00981416 0.999951 -0.0344103 0.0670706 0.706429
FixedParameters: 0 0 0

#Transform 53
Transform: AffineTransform_float_3_3
Parameters: 0.999999 0.000127193 0.000901986 -0.000134807 0.999971 0.00755088 -0.000901007 -0.00755111 0.999971 -0.0453072 -0.014409 0.947419
FixedParameters: 0 0 0

#Transform 54
Transform: AffineTransform_float_3_3
Parameters: 0.999999 -0.000375462 0.00147537 0.000369534 0.999991 0.00437855 -0.00147763 -0.00437745 0.99999 -0.027809 0.016976 0.900088
FixedParameters: 0 0 0

#Transform 55
Transform: AffineTransform_float_3_3
Parameters: 1 -0.000231006 0.000280173 0.000229994 0.999993 0.00358706 -0.000280827 -0.00358693 0.999993 -0.0340183 0.0010844 0.779311
FixedParameters: 0 0 0

#Transform 56
Transform: AffineTransform_float_3_3
Parameters: 0.999999 0.000419904 0.000617804 -0.00042409 0.999978 0.00664474 -0.000614196 -0.00664426 0.999977 -0.0258238 0.0248983 0.786986
FixedParameters: 0 0 0

#Transform 57
Transform: AffineTransform_float_3_3
Parameters: 0.999999 -0.00034981 0.000856249 0.000343191 0.999969 0.0079413 -0.000858752 -0.00794071 0.999968 -0.0398118 0.0330789 0.771383
FixedParameters: 0 0 0

#Transform 58
Transform: AffineTransform_float_3_3
Parameters: 1 -0.000548445 0.000948735 0.000540554 0.999969 0.00782952 -0.000953262 -0.00782948 0.999969 -0.0227545 0.00573869 0.715471
FixedParameters: 0 0 0

#Transform 59
Transform: AffineTransform_float_3_3
Parameters: 0.999999 -0.000910963 0.000962525 0.000903041 0.999965 0.00824187 -0.000969475 -0.00824112 0.999965 -0.00193446 0.0019035 0.69772
FixedParameters: 0 0 0

#Transform 60
Transform: AffineTransform_float_3_3
Parameters: 0.999999 -0.00061489 0.000602063 0.00061211 0.999989 0.00478837 -0.000604938 -0.00478863 0.999989 -0.0336959 -0.0375896 0.632412
FixedParameters: 0 0 0

#Transform 61
Transform: AffineTransform_float_3_3
Parameters: 0.999997 -0.00179418 0.0019571 0.00177982 0.999973 0.00722251 -0.0019699 -0.00721949 0.999972 -0.00538138 0.106041 0.604267
FixedParameters: 0 0 0

#Transform 62
Transform: AffineTransform_float_3_3
Parameters: 0.999995 -0.000858604 0.00300104 0.000823399 0.99993 0.0118445 -0.00301096 -0.0118425 0.999926 0.0459227 0.0725417 0.529804
FixedParameters: 0 0 0

#Transform 63
Transform: AffineTransform_float_3_3
Parameters: 1 0.000767424 -0.000751521 -0.000754586 0.999866 0.0163936 0.000763474 -0.0163934 0.999866 -0.082614 0.174146 1.04594
FixedParameters: 0 0 0

#Transform 64
Transform: AffineTransform_float_3_3
Parameters: 0.999996 0.00148239 -0.00262927 -0.00144562 0.999898 0.0141649 0.00264974 -0.0141611 0.999896 -0.140387 0.0975396 1.71222
FixedParameters: 0 0 0

#Transform 65
Transform: AffineTransform_float_3_3
Parameters: 0.999994 0.000631376 0.00320403 -0.000684623 0.99986 0.0167629 -0.00319297 -0.0167651 0.999855 -0.0426596 -0.142222 -0.869959
FixedParameters: 0 0 0

#Transform 66
Transform: AffineTransform_float_3_3
Parameters: 0.999993 0.00162348 -0.00314098 -0.00156252 0.999809 0.019479 0.00317203 -0.019474 0.999806 -0.198792 0.00485609 -0.730306
FixedParameters: 0 0 0

#Transform 67
Transform: AffineTransform_float_3_3
Parameters: 0.999999 -0.000319265 -0.00124958 0.000343743 0.999803 0.0198446 0.00124342 -0.0198454 0.999803 -0.195416 -0.0720784 -1.01072
FixedParameters: 0 0 0

#Transform 68
Transform: AffineTransform_float_3_3
Parameters: 0.999994 0.000337829 -0.00322526 -0.00028916 0.999886 0.015128 0.00323074 -0.015127 0.999881 -0.228925 -0.00479807 -0.255073
FixedParameters: 0 0 0

#Transform 69
Transform: AffineTransform_float_3_3
Parameters: 0.999999 0.00060922 -0.00132109 -0.000593781 0.999934 0.0114908 0.00132791 -0.0114902 0.999933 -0.206096 -0.0830857 -0.895014
FixedParameters: 0 0 0

#Transform 70
Transform: AffineTransform_float_3_3
Parameters: 0.999997 0.00196934 -0.0015184 -0.00195865 0.999971 0.007436 0.0015336 -0.00743301 0.999971 -0.174537 -0.0506551 -0.263498
FixedParameters: 0 0 0

#Transform 71
Transform: AffineTransform_float_3_3
Parameters: 0.999999 0.00148377 -0.000338995 -0.00148423 0.999998 -0.000670497 0.000338005 0.000670502 0.999999 -0.0797607 -0.143866 0.215082
FixedParameters: 0 0 0

#Transform 72
Transform: AffineTransform_float_3_3
Parameters: 0.999998 0.0014841 -0.000660769 -0.0014839 0.999999 0.000155981 0.00066123 -0.000155019 1 -0.0737063 -0.112672 0.125971
FixedParameters: 0 0 0

#Transform 73
Transform: AffineTransform_float_3_3
Parameters: 0.999996 0.000218049 0.00302729 -0.000221953 0.999999 0.00130533 -0.00302771 -0.00130567 0.999994 0.0451588 -0.158002 -0.158443
FixedParameters: 0 0 0

#Transform 74
Transform: AffineTransform_float_3_3
Parameters: 0.999989 -0.000198961 0.00464279 0.000193039 1 0.00106891 -0.00464321 -0.00106809 0.999988 0.158823 -0.222543 -0.257804
FixedParameters: 0 0 0

#Transform 75
Transform: AffineTransform_float_3_3
Parameters: 0.999935 0.00159379 0.0112844 -0.0017052 0.999949 0.0099404 -0.0112676 -0.00995961 0.999887 0.235128 -0.202796 -0.448375
FixedParameters: 0 0 0

#Transform 76
Transform: AffineTransform_float_3_3
Parameters: 0.999964 0.00812743 0.00248231 -0.00813257 0.999965 0.0022419 -0.00246369 -0.00226211 0.999995 0.293493 -0.286423 2.44899
FixedParameters: 0 0 0

#Transform 77
Transform: AffineTransform_float_3_3
Parameters: 0.999964 0.00402683 0.00753993 -0.00407417 0.999972 0.00638452 -0.00751309 -0.00641449 0.999951 0.437848 -0.207581 1.26517
FixedParameters: 0 0 0

#Transform 78
Transform: AffineTransform_float_3_3
Parameters: 0.999965 0.00211254 0.00807866 -0.00220147 0.999937 0.0109576 -0.00805535 -0.0109744 0.999908 0.339551 -0.0453732 0.409436
FixedParameters: 0 0 0

#Transform 79
Transform: AffineTransform_float_3_3
Parameters: 0.999978 0.00143339 0.00646744 -0.0015516 0.99983 0.0183714 -0.00643958 -0.0183816 0.999811 0.300968 0.0553397 0.792068
FixedParameters: 0 0 0

#Transform 80
Transform: AffineTransform_float_3_3
Parameters: 0.999983 0.00332319 0.00464579 -0.00338881 0.999893 0.0142305 -0.00459821 -0.0142465 0.999888 0.240924 0.0525468 0.889792
FixedParameters: 0 0 0

#Transform 81
Transform: AffineTransform_float_3_3
Parameters: 0.999979 0.000733073 0.00651737 -0.000811924 0.999927 0.012116 -0.00650764 -0.012121 0.999906 0.255347 -0.118635 -0.545442
FixedParameters: 0 0 0

#Transform 82
Transform: AffineTransform_float_3_3
Parameters: 0.999998 0.000401411 0.00229878 -0.000417591 0.999977 0.00678506 -0.00229622 -0.00678594 0.999975 0.0222411 -0.0940013 -0.772483
FixedParameters: 0 0 0

#Transform 83
Transform: AffineTransform_float_3_3
Parameters: 0.999993 0.000608775 0.00374893 -0.000650224 0.999939 0.0110046 -0.00374207 -0.0110074 0.999933 0.0335149 0.000153402 -0.392426
FixedParameters: 0 0 0

#Transform 84
Transform: AffineTransform_float_3_3
Parameters: 0.999993 0.000406134 0.00389859 -0.000447858 0.999942 0.0107433 -0.00389341 -0.0107457 0.999934 0.0414582 0.0102415 -0.279191
FixedParameters: 0 0 0

#Transform 85
Transform: AffineTransform_float_3_3
Parameters: 0.999989 0.000236463 0.00481317 -0.000294534 0.999929 0.0119567 -0.00480982 -0.0119583 0.999917 0.0548911 -0.00685856 -0.352735
FixedParameters: 0 0 0

#Transform 86
Transform: AffineTransform_float_3_3
Parameters: 0.999991 0.000673212 0.00423254 -0.000718794 0.999941 0.0108261 -0.00422547 -0.010829 0.999933 0.0355735 -0.00371273 -0.214932
FixedParameters: 0 0 0

#Transform 87
Transform: AffineTransform_float_3_3
Parameters: 0.999988 0.00041176 0.00491763 -0.000453234 0.999964 0.00838787 -0.00491337 -0.00839012 0.999952 0.089475 -0.087742 0.0148352
FixedParameters: 0 0 0

#Transform 88
Transform: AffineTransform_float_3_3
Parameters: 0.99998 0.000695788 0.00631976 -0.00076221 0.999943 0.0106384 -0.00631224 -0.0106436 0.999923 0.160634 0.0284188 0.0976671
FixedParameters: 0 0 0

#Transform 89
Transform: AffineTransform_float_3_3
Parameters: 0.999987 0.000823087 0.00504405 -0.00087091 0.999954 0.00950373 -0.00503595 -0.00950827 0.999942 0.129703 0.0390925 0.0565848
FixedParameters: 0 0 0

#Transform 90
Transform: AffineTransform_float_3_3
Parameters: 0.999975 -0.00165684 0.00676823 0.00153816 0.999848 0.0173798 -0.00679575 -0.0173682 0.999826 0.147604 -0.143694 -0.243552
FixedParameters: 0 0 0

#Transform 91
Transform: AffineTransform_float_3_3
Parameters: 0.99998 -0.00115883 0.00620249 0.00102519 0.999768 0.0215358 -0.00622552 -0.0215292 0.999749 0.158662 0.136553 -0.198179
FixedParameters: 0 0 0

#Transform 92
Transform: AffineTransform_float_3_3
Parameters: 0.999992 -0.00079168 0.00375012 0.000727305 0.999856 0.0169519 -0.00376387 -0.0169492 0.99985 0.0935113 0.0139772 -0.101077
FixedParameters: 0 0 0

#Transform 93
Transform: AffineTransform_float_3_3
Parameters: 0.999998 0.000409779 0.00156834 -0.000444234 0.999761 0.0218813 -0.00155965 -0.0218827 0.99976 0.00146292 0.133295 0.146398
FixedParameters: 0 0 0

#Transform 94
Transform: AffineTransform_float_3_3
Parameters: 0.999998 7.82171e-05 0.00158082 -0.000108786 0.99981 0.0194819 -0.00157918 -0.0194822 0.999809 0.0152198 0.0936813 0.0483967
FixedParameters: 0 0 0

#Transform 95
Transform: AffineTransform_float_3_3
Parameters: 0.999999 0.000676018 0.00120262 -0.000697989 0.999831 0.0183732 -0.00119038 -0.0183738 0.999831 -0.000777301 0.0946232 -0.044263
FixedParameters: 0 0 0

#Transform 96
Transform: AffineTransform_float_3_3
Parameters: 0.999999 9.36611e-05 0.00082289 -0.000108341 0.999826 0.0186599 -0.000821121 -0.0186601 0.999825 0.0342434 0.231785 -0.0375618
FixedParameters: 0 0 0

#Transform 97
Transform: AffineTransform_float_3_3
Parameters: 1 -0.000479088 0.000257536 0.000475921 0.999878 0.0156451 -0.000264478 -0.0156459 0.999877 0.0223297 0.187548 -0.0674678
FixedParameters: 0 0 0

#Transform 98
Transform: AffineTransform_float_3_3
Parameters: 1 -0.000599682 0.000205326 0.000597321 0.999917 0.0128241 -0.000212677 -0.0128239 0.999917 0.00348382 0.050782 0.051927
FixedParameters: 0 0 0

#Transform 99
Transform: AffineTransform_float_3_3
Parameters: 1 -0.000256479 -0.000169869 0.000259523 0.999888 0.015011 0.000166123 -0.0150111 0.999888 -0.049483 0.223219 0.27886
FixedParameters: 0 0 0

#Transform 100
Transform: AffineTransform_float_3_3
Parameters: 0.999999 -0.00054772 -0.00132401 0.00056928 0.99987 0.0161263 0.00131499 -0.0161267 0.999869 -0.0834601 0.210593 0.387656
FixedParameters: 0 0 0

#Transform 101
Transform: AffineTransform_float_3_3
Parameters: 1 -0.000553255 -0.00108716 0.000568742 0.999894 0.0145354 0.00107885 -0.0145366 0.999894 -0.0850723 0.193915 0.422926
FixedParameters: 0 0 0

#Transform 102
Transform: AffineTransform_float_3_3
Parameters: 1 -0.000564865 -0.000344866 0.000569136 0.999926 0.0121098 0.000338132 -0.0121102 0.999926 -0.0340644 0.179416 0.141664
FixedParameters: 0 0 0

#Transform 103
Transform: AffineTransform_float_3_3
Parameters: 1 8.67765e-05 -0.00107819 -7.62254e-05 0.99995 0.00999108 0.00107882 -0.00999091 0.999949 -0.0553034 0.0651427 0.218848
FixedParameters: 0 0 0

#Transform 104
Transform: AffineTransform_float_3_3
Parameters: 1 7.64714e-07 -0.000183001 7.64714e-07 0.999953 0.00964299 0.000183001 -0.00964299 0.999953 -0.0259469 0.0555278 0.168885
FixedParameters: 0 0 0

#Transform 105
Transform: AffineTransform_float_3_3
Parameters: 1 -0.000152978 0.00020957 0.000151018 0.999956 0.00940603 -0.00021143 -0.00940596 0.999955 0.00581314 0.0172888 0.0655948
FixedParameters: 0 0 0

#Transform 106
Transform: AffineTransform_float_3_3
Parameters: 1 -0.000972011 -0.000635695 0.000976985 0.999969 0.00789638 0.000627304 -0.00789761 0.999968 0.000422868 0.0165083 0.017846
FixedParameters: 0 0 0

#Transform 107
Transform: AffineTransform_float_3_3
Parameters: 0.999996 -0.00249739 -0.000878754 0.0025076 0.999922 0.0122868 0.00084725 -0.0122892 0.999924 -0.0688586 0.0667469 -0.373598
FixedParameters: 0 0 0

#Transform 108
Transform: AffineTransform_float_3_3
Parameters: 0.999994 -0.00252046 -0.00262651 0.00256055 0.999876 0.0155464 0.0025875 -0.0155526 0.999875 -0.138265 0.0726458 -0.28467
FixedParameters: 0 0 0

#Transform 109
Transform: AffineTransform_float_3_3
Parameters: 0.999997 -0.00115569 -0.00184306 0.00118431 0.99988 0.0154359 0.00182493 -0.0154382 0.999879 -0.108128 0.0878966 -0.263364
FixedParameters: 0 0 0

#Transform 110
Transform: AffineTransform_float_3_3
Parameters: 0.999998 -0.00166528 -0.00123192 0.00168772 0.99984 0.017846 0.00120207 -0.017848 0.99984 -0.121703 0.119162 -0.361898
FixedParameters: 0 0 0

#Transform 111
Transform: AffineTransform_float_3_3
Parameters: 0.999996 -0.00115647 -0.00233906 0.00120152 0.999808 0.0195553 0.00231594 -0.0195587 0.999806 -0.180431 0.11467 -0.171849
FixedParameters: 0 0 0

#Transform 112
Transform: AffineTransform_float_3_3
Parameters: 0.999996 -0.000655644 -0.00276638 0.000698351 0.999882 0.0153381 0.00275561 -0.0153399 0.999878 -0.207069 0.075043 -0.0742409
FixedParameters: 0 0 0

#Transform 113
Transform: AffineTransform_float_3_3
Parameters: 0.999993 0.000910473 -0.00360835 -0.000862532 0.999914 0.0131362 0.00361964 -0.0131328 0.999907 -0.185494 0.0801301 -0.0646781
FixedParameters: 0 0 0

#Transform 114
Transform: AffineTransform_float_3_3
Parameters: 0.999987 0.00225381 -0.00455788 -0.00217521 0.99985 0.0172211 0.00459513 -0.0172119 0.999842 -0.218092 0.160758 0.164156
FixedParameters: 0 0 0

#Transform 115
Transform: AffineTransform_float_3_3
Parameters: 0.999984 0.00171563 -0.00531236 -0.00162136 0.999841 0.0177659 0.00534264 -0.0177571 0.999828 -0.218389 0.15256 0.154037
FixedParameters: 0 0 0

#Transform 116
Transform: AffineTransform_float_3_3
Parameters: 0.999988 0.00187148 -0.00457278 -0.00180053 0.999881 0.0153694 0.00460021 -0.0153606 0.999872 -0.200691 0.0594738 0.0268975
FixedParameters: 0 0 0

#Transform 117
Transform: AffineTransform_float_3_3
Parameters: 0.999992 0.00147784 -0.00356054 -0.00142015 0.999868 0.0161932 0.00358446 -0.0161878 0.999862 -0.151019 0.115019 -0.186621
FixedParameters: 0 0 0

#Transform 118
Transform: AffineTransform_float_3_3
Parameters: 0.99999 0.00194805 -0.00420301 -0.00188195 0.999875 0.0156621 0.00423299 -0.0156539 0.999868 -0.149521 0.139323 -0.0591466
FixedParameters: 0 0 0

#Transform 119
Transform: AffineTransform_float_3_3
Parameters: 0.999989 0.00239876 -0.00404025 -0.00232724 0.999841 0.0176736 0.00408176 -0.0176644 0.999835 -0.106088 0.130199 -0.398762
FixedParameters: 0 0 0

#Transform 120
Transform: AffineTransform_float_3_3
Parameters: 0.999991 0.00269216 -0.00321885 -0.00263583 0.999847 0.0173276 0.00326515 -0.0173184 0.999844 -0.108404 0.134527 -0.331712
FixedParameters: 0 0 0

#Transform 121
Transform: AffineTransform_float_3_3
Parameters: 0.999991 0.00242202 -0.00344117 -0.00235999 0.999837 0.0179133 0.00348382 -0.0179047 0.999833 -0.116729 0.235161 -0.314432
FixedParameters: 0 0 0

#Transform 122
Transform: AffineTransform_float_3_3
Parameters: 0.999991 0.00189835 -0.00376027 -0.00183064 0.999834 0.018097 0.00379475 -0.01809 0.999829 -0.152791 0.10025 -0.310063
FixedParameters: 0 0 0

#Transform 123
Transform: AffineTransform_float_3_3
Parameters: 0.999991 0.00212837 -0.0038679 -0.00204963 0.999795 0.0201531 0.00391009 -0.0201449 0.999789 -0.174293 0.142362 -0.18591
FixedParameters: 0 0 0

#Transform 124
Transform: AffineTransform_float_3_3
Parameters: 0.99999 0.00272014 -0.00356706 -0.00267187 0.999903 0.0137077 0.00360395 -0.0136983 0.999899 -0.148537 0.235038 -0.0518643
FixedParameters: 0 0 0

#Transform 125
Transform: AffineTransform_float_3_3
Parameters: 0.999988 0.00101417 -0.00475799 -0.000965829 0.999949 0.0101157 0.00476802 -0.0101113 0.999938 -0.127114 0.114257 -0.588052
FixedParameters: 0 0 0

#Transform 126
Transform: AffineTransform_float_3_3
Parameters: 0.999988 0.000796335 -0.00469131 -0.000737671 0.99992 0.0126356 0.00470069 -0.0126324 0.999909 -0.136843 0.123897 -0.0338457
FixedParameters: 0 0 0

#Transform 127
Transform: AffineTransform_float_3_3
Parameters: 0.999991 0.000832015 -0.00416106 -0.000785983 0.999938 0.0110484 0.00416994 -0.0110446 0.999931 -0.0858129 0.0934559 -0.0359721
FixedParameters: 0 0 0

#Transform 128
Transform: AffineTransform_float_3_3
Parameters: 0.999991 0.00330025 -0.0023769 -0.00327074 0.99992 0.0122079 0.0024171 -0.0122001 0.999922 -0.091196 0.120792 -0.190888
FixedParameters: 0 0 0

#Transform 129
Transform: AffineTransform_float_3_3
Parameters: 0.999991 0.00294459 -0.003016 -0.00290142 0.999898 0.0140279 0.00305699 -0.0140191 0.999897 -0.0780136 0.167543 -0.141364
FixedParameters: 0 0 0

#Transform 130
Transform: AffineTransform_float_3_3
Parameters: 0.999996 0.00160244 -0.00209227 -0.00157556 0.999913 0.0130513 0.00211274 -0.0130476 0.999912 -0.0723328 0.137637 -0.0690848
FixedParameters: 0 0 0

#Transform 131
Transform: AffineTransform_float_3_3
Parameters: 0.999996 0.00160543 -0.0020178 -0.00158157 0.999926 0.0120492 0.0020372 -0.0120458 0.999926 -0.0736022 0.161458 -0.0432821
FixedParameters: 0 0 0

#Transform 132
Transform: AffineTransform_float_3_3
Parameters: 0.999997 -0.00207402 -0.00113101 0.00208798 0.999919 0.0124987 0.00110499 -0.0125013 0.999921 -0.0664083 0.145737 0.0378577
FixedParameters: 0 0 0

#Transform 133
Transform: AffineTransform_float_3_3
Parameters: 0.999978 0.000717838 -0.00662169 -0.000626168 0.999903 0.0138615 0.00663031 -0.0138565 0.999882 -0.196198 0.231818 0.235789
FixedParameters: 0 0 0

#Transform 134
Transform: AffineTransform_float_3_3
Parameters: 0.999985 -0.00356245 -0.00418246 0.00362154 0.999891 0.0143181 0.00413054 -0.0143329 0.999888 -0.1507 0.199743 0.199274
FixedParameters: 0 0 0

#Transform 135
Transform: AffineTransform_float_3_3
Parameters: 0.999988 -0.0047053 -0.00138369 0.00472371 0.999904 0.0130816 0.0013223 -0.0130884 0.999914 -0.0862303 0.0552026 0.127076
FixedParameters: 0 0 0

#Transform 136
Transform: AffineTransform_float_3_3
Parameters: 0.999973 -0.00704432 -0.00211735 0.00707267 0.999885 0.0133594 0.00202264 -0.0133746 0.999909 -0.137619 -0.393809 -0.410715
FixedParameters: 0 0 0

#Transform 137
Transform: AffineTransform_float_3_3
Parameters: 0.999971 -0.00751216 -0.000457718 0.00751683 0.999903 0.0116709 0.000370283 -0.0116741 0.999932 -0.121371 -0.457424 -1.31501
FixedParameters: 0 0 0

#Transform 138
Transform: AffineTransform_float_3_3
Parameters: 0.999963 -0.00790485 0.00356156 0.00784917 0.99985 0.0154305 -0.00368245 -0.0154025 0.999874 -0.00976935 -0.517218 -1.12331
FixedParameters: 0 0 0

#Transform 139
Transform: AffineTransform_float_3_3
Parameters: 0.999946 -0.009142 0.00494441 0.00900601 0.999598 0.026862 -0.00518759 -0.026816 0.999627 0.0353731 -0.287576 -0.936814
FixedParameters: 0 0 0

#Transform 140
Transform: AffineTransform_float_3_3
Parameters: 0.999917 -0.0104722 0.00759168 0.0101359 0.999022 0.0430426 -0.00803432 -0.0429615 0.999045 0.175757 0.0271161 -0.404693
FixedParameters: 0 0 0

#Transform 141
Transform: AffineTransform_float_3_3
Parameters: 0.999863 -0.00715581 0.0148947 0.00620323 0.997991 0.0630611 -0.0153153 -0.0629601 0.997899 0.202031 0.41085 0.126538
FixedParameters: 0 0 0

#Transform 142
Transform: AffineTransform_float_3_3
Parameters: 0.999957 -0.00460755 0.00813988 0.00434545 0.999479 0.0319828 -0.00828314 -0.0319462 0.999456 0.190388 0.0415093 0.0407631
FixedParameters: 0 0 0

#Transform 143
Transform: AffineTransform_float_3_3
Parameters: 0.999952 -0.00423611 0.00882201 0.0039539 0.999488 0.0317524 -0.00895199 -0.0317166 0.999457 0.172061 0.0521319 -0.32908
FixedParameters: 0 0 0

#Transform 144
Transform: AffineTransform_float_3_3
Parameters: 0.999973 -0.00328153 0.00660918 0.00310747 0.99965 0.0262462 -0.00669283 -0.0262257 0.999633 0.102718 0.0698994 -0.245571
FixedParameters: 0 0 0

#Transform 145
Transform: AffineTransform_float_3_3
Parameters: 0.999976 -0.0033412 0.00610691 0.0032038 0.999746 0.0223391 -0.00618008 -0.0223189 0.999732 0.112374 0.0365964 -0.266194
FixedParameters: 0 0 0

#Transform 146
Transform: AffineTransform_float_3_3
Parameters: 0.999974 -0.00338142 0.00638208 0.00325057 0.999784 0.0204923 -0.00644993 -0.0204707 0.999769 0.127693 0.00137681 -0.251031
FixedParameters: 0 0 0

#Transform 147
Transform: AffineTransform_float_3_3
Parameters: 0.999967 -0.00417751 0.00688601 0.00404149 0.999798 0.0197205 -0.00696699 -0.0196915 0.999782 0.132426 -0.0146722 -0.343461
FixedParameters: 0 0 0

#Transform 148
Transform: AffineTransform_float_3_3
Parameters: 0.999964 -0.00387172 0.00751863 0.00369327 0.999713 0.0236406 -0.00760839 -0.0236124 0.999692 0.170125 0.102963 -0.455051
FixedParameters: 0 0 0

#Transform 149
Transform: AffineTransform_float_3_3
Parameters: 0.999969 -0.00457978 0.00644195 0.00441222 0.999657 0.0258222 -0.00655805 -0.0257928 0.999646 0.217592 0.0524222 -0.711645
FixedParameters: 0 0 0

#Transform 150
Transform: AffineTransform_float_3_3
Parameters: 0.999948 -0.00457474 0.00908758 0.00432228 0.999611 0.0275307 -0.0092094 -0.0274903 0.999579 0.193912 0.00897458 -0.891027
FixedParameters: 0 0 0

#Transform 151
Transform: AffineTransform_float_3_3
Parameters: 0.99994 -0.00548492 0.00942415 0.00526908 0.999729 0.022681 -0.00954583 -0.02263 0.999699 0.137409 -0.23214 -1.40322
FixedParameters: 0 0 0

#Transform 152
Transform: AffineTransform_float_3_3
Parameters: 0.999936 -0.00483891 0.0102219 0.00462609 0.999774 0.0207506 -0.0103201 -0.0207024 0.999733 0.252297 -0.324541 -1.24252
FixedParameters: 0 0 0

#Transform 153
Transform: AffineTransform_float_3_3
Parameters: 0.999972 -0.00446562 0.00612574 0.00438638 0.999906 0.0129512 -0.00618227 -0.0129238 0.999898 0.1711 -0.206787 -0.568999
FixedParameters: 0 0 0

#Transform 154
Transform: AffineTransform_float_3_3
Parameters: 0.999983 -0.00264431 0.00517761 0.00259369 0.999949 0.00970058 -0.00520238 -0.0096864 0.999939 0.133126 -0.0911119 -0.210972
FixedParameters: 0 0 0

#Transform 155
Transform: AffineTransform_float_3_3
Parameters: 0.999992 -0.00173817 0.00377611 0.00170183 0.999951 0.00982451 -0.0037929 -0.00981849 0.999944 0.0657307 -0.14426 0.018548
FixedParameters: 0 0 0

#Transform 156
Transform: AffineTransform_float_3_3
Parameters: 0.999987 -0.00193582 0.00469416 0.00188618 0.999945 0.010382 -0.00471383 -0.010373 0.999935 0.0741329 -0.0529141 0.121719
FixedParameters: 0 0 0

#Transform 157
Transform: AffineTransform_float_3_3
Parameters: 0.999993 -0.00236806 0.00294575 0.00235393 0.999986 0.00476897 -0.00295725 -0.00476203 0.999985 0.0726376 -0.165246 -0.126041
FixedParameters: 0 0 0

#Transform 158
Transform: AffineTransform_float_3_3
Parameters: 0.999989 -0.00322159 0.00357589 0.00319741 0.999973 0.00658351 -0.00359711 -0.00657249 0.999972 0.122489 -0.115427 -0.404396
FixedParameters: 0 0 0

#Transform 159
Transform: AffineTransform_float_3_3
Parameters: 0.999988 -0.00214395 0.00441683 0.00210405 0.999957 0.00903041 -0.00443617 -0.0090206 0.99995 0.128711 -0.141514 -0.958403
FixedParameters: 0 0 0
