#Insight Transform File V1.0
#Transform 0
Transform: AffineTransform_float_3_3
Parameters: 1 -1.7622e-08 -6.6e-05 -1.7622e-08 1 -0.000267 6.6e-05 0.000267 1 0.00113878 -0.0126542 -0.193486
FixedParameters: 0 0 0

#Transform 1
Transform: AffineTransform_float_3_3
Parameters: 1 0.0010451 -0.000327692 -0.0010449 1 0.000295343 0.000327308 -0.000294658 1 -0.012309 0.113299 -0.0661143
FixedParameters: 0 0 0

#Transform 2
Transform: AffineTransform_float_3_3
Parameters: 1 0.001045 1.91235e-07 -0.001045 1 0.000183 1.91235e-07 -0.000183 1 0.00325358 0.146984 -0.110765
FixedParameters: 0 0 0

#Transform 3
Transform: AffineTransform_float_3_3
Parameters: 0.999999 0.001045 -3.6784e-07 -0.001045 1 -0.000352 -3.6784e-07 0.000352 1 0.00717921 0.128008 -0.224659
FixedParameters: 0 0 0

#Transform 4
Transform: AffineTransform_float_3_3
Parameters: 1 0.001045 -3.8665e-07 -0.001045 1 -0.00037 -3.8665e-07 0.00037 1 0.0212902 0.147596 -0.251208
FixedParameters: 0 0 0

#Transform 5
Transform: AffineTransform_float_3_3
Parameters: 1 0.001045 -5.6221e-07 -0.001045 1 -0.000538 4.37789e-07 0.000538001 1 0.0160669 0.159723 -0.177417
FixedParameters: 0 0 0

#Transform 6
Transform: AffineTransform_float_3_3
Parameters: 1 0.001124 -6.28316e-07 -0.001124 0.999999 -0.000559 3.71683e-07 0.000559001 1 0.00518415 0.153282 -0.158209
FixedParameters: 0 0 0

#Transform 7
Transform: AffineTransform_float_3_3
Parameters: 1 0.00109505 9.13878e-05 -0.00109495 0.999999 -0.0005591 -9.26121e-05 0.000558899 1 0.0130437 0.136384 -0.11895
FixedParameters: 0 0 0

#Transform 8
Transform: AffineTransform_float_3_3
Parameters: 0.999999 0.00128371 -0.00030124 -0.00128429 0.999998 -0.000965614 0.000299759 0.000966386 1 0.021554 0.0874799 -0.250073
FixedParameters: 0 0 0

#Transform 9
Transform: AffineTransform_float_3_3
Parameters: 0.999999 0.00106383 -0.000168051 -0.00106416 0.999999 -0.000987821 0.000166949 0.000987178 0.999999 0.00687363 0.11078 -0.173508
FixedParameters: 0 0 0

#Transform 10
Transform: AffineTransform_float_3_3
Parameters: 1 0.00106395 -4.12215e-05 -0.00106405 0.999999 -0.00114796 4.07785e-05 0.00114804 1 -0.010949 0.123143 -0.162899
FixedParameters: 0 0 0

#Transform 11
Transform: AffineTransform_float_3_3
Parameters: 0.999999 0.00106393 -5.53108e-05 -0.00106407 0.999998 -0.00123194 5.36891e-05 0.00123206 0.999999 -0.00218285 0.122517 -0.169605
FixedParameters: 0 0 0

#Transform 12
Transform: AffineTransform_float_3_3
Parameters: 1 0.00106377 -0.000231084 -0.00106424 0.999999 -0.00101876 0.000229916 0.00101925 1 0.000989163 0.113661 -0.108844
FixedParameters: 0 0 0

#Transform 13
Transform: AffineTransform_float_3_3
Parameters: 0.999999 0.00106314 -0.000707302 -0.00106386 0.999998 -0.00122325 0.000705699 0.00122375 0.999999 0.0090082 0.117618 -0.143241
FixedParameters: 0 0 0

#Transform 14
Transform: AffineTransform_float_3_3
Parameters: 1 0.000960108 -0.000570506 -0.000960895 0.999999 -0.00156745 0.000569495 0.00156755 0.999998 0.00693704 0.116076 -0.147212
FixedParameters: 0 0 0

#Transform 15
Transform: AffineTransform_float_3_3
Parameters: 1 0.00106393 -8.48948e-05 -0.00106407 0.999999 -0.00084091 8.31051e-05 0.000841089 0.999999 0.00230737 0.111632 -0.155503
FixedParameters: 0 0 0

#Transform 16
Transform: AffineTransform_float_3_3
Parameters: 1 0.00116964 -0.000291455 -0.00117036 0.999998 -0.00124366 0.000290544 0.00124434 0.999999 0.00666257 0.0966496 -0.174508
FixedParameters: 0 0 0

#Transform 17
Transform: AffineTransform_float_3_3
Parameters: 1 0.00106406 4.75806e-05 -0.00106393 0.999998 -0.00133405 -4.94193e-05 0.00133395 0.999999 0.017765 0.0984302 -0.147212
FixedParameters: 0 0 0

#Transform 18
Transform: AffineTransform_float_3_3
Parameters: 1 0.00106325 -0.000488637 -0.00106375 0.999999 -0.00153848 0.000486364 0.00153852 0.999998 0.0252069 0.0852292 -0.177214
FixedParameters: 0 0 0

#Transform 19
Transform: AffineTransform_float_3_3
Parameters: 1 0.00106329 -0.000488557 -0.00106371 0.999999 -0.00146348 0.000486444 0.00146352 0.999999 0.00824584 0.111603 -0.172816
FixedParameters: 0 0 0

#Transform 20
Transform: AffineTransform_float_3_3
Parameters: 0.999999 0.00116017 -0.00054776 -0.00116183 0.999998 -0.00151636 0.000546239 0.00151663 0.999998 0.0109855 0.101352 -0.134251
FixedParameters: 0 0 0

#Transform 21
Transform: AffineTransform_float_3_3
Parameters: 1 0.00106335 -0.000488425 -0.00106365 0.999998 -0.00133948 0.000486575 0.00134052 0.999999 0.0245143 0.100575 -0.187544
FixedParameters: 0 0 0

#Transform 22
Transform: AffineTransform_float_3_3
Parameters: 1 0.00106339 -0.00048834 -0.00106361 0.999998 -0.00125948 0.00048666 0.00126052 0.999999 0.00824533 0.115725 -0.17508
FixedParameters: 0 0 0

#Transform 23
Transform: AffineTransform_float_3_3
Parameters: 1 0.00106317 -0.000488818 -0.00106383 0.999998 -0.00170848 0.000487183 0.00170952 0.999999 0.0246644 0.118532 -0.197802
FixedParameters: 0 0 0

#Transform 24
Transform: AffineTransform_float_3_3
Parameters: 1 0.00106336 -0.000436566 -0.00106364 0.999999 -0.00147154 0.000434435 0.00147246 0.999999 0.0245442 0.134452 -0.176024
FixedParameters: 0 0 0

#Transform 25
Transform: AffineTransform_float_3_3
Parameters: 0.999999 0.00154991 -0.000297474 -0.00155009 0.999999 -0.000305539 0.000296525 0.00030646 1 0.0232033 0.131557 -0.228474
FixedParameters: 0 0 0

#Transform 26
Transform: AffineTransform_float_3_3
Parameters: 0.999998 0.00154953 -0.0004885 -0.00155047 0.999999 -0.000967245 0.0004865 0.000967756 1 0.0397155 0.103604 -0.239456
FixedParameters: 0 0 0

#Transform 27
Transform: AffineTransform_float_3_3
Parameters: 1 0.00108229 -0.000408875 -0.00108271 0.999998 -0.00173156 0.000407125 0.00173244 0.999999 0.0301341 0.149309 -0.219683
FixedParameters: 0 0 0

#Transform 28
Transform: AffineTransform_float_3_3
Parameters: 1 0.00108213 -0.000501875 -0.00108287 0.999998 -0.00173146 0.000500125 0.00173254 0.999999 0.030136 0.14613 -0.246897
FixedParameters: 0 0 0

#Transform 29
Transform: AffineTransform_float_3_3
Parameters: 0.999998 0.00149568 -0.000620191 -0.00149732 0.999996 -0.00213207 0.000616808 0.00213292 0.999997 0.0360004 0.136857 -0.239554
FixedParameters: 0 0 0

#Transform 30
Transform: AffineTransform_float_3_3
Parameters: 0.999999 0.00175974 -0.000516319 -0.00176126 0.999996 -0.0024531 0.00051268 0.00245391 0.999997 0.038275 0.150552 -0.255308
FixedParameters: 0 0 0

#Transform 31
Transform: AffineTransform_float_3_3
Parameters: 0.999999 0.00139823 -0.000620999 -0.00139977 0.999995 -0.00285813 0.000617001 0.00285887 0.999995 0.0339021 0.11758 -0.266911
FixedParameters: 0 0 0

#Transform 32
Transform: AffineTransform_float_3_3
Parameters: 1 0.0011114 -0.000198395 -0.0011116 0.999994 -0.00305378 0.000194606 0.00305422 0.999996 0.0213676 0.121702 -0.192492
FixedParameters: 0 0 0

#Transform 33
Transform: AffineTransform_float_3_3
Parameters: 1 0.00111116 -0.000403331 -0.00111184 0.999997 -0.00209655 0.00040067 0.00209645 0.999997 0.0250816 0.132043 -0.218515
FixedParameters: 0 0 0

#Transform 34
Transform: AffineTransform_float_3_3
Parameters: 0.999999 0.00111067 -0.000565617 -0.00111133 0.999996 -0.00235437 0.000563384 0.00235563 0.999997 0.0278877 0.130537 -0.190031
FixedParameters: 0 0 0

#Transform 35
Transform: AffineTransform_float_3_3
Parameters: 0.999998 0.00156988 -0.000409334 -0.00157112 0.999995 -0.00275936 0.000404665 0.00276064 0.999996 0.0330327 0.106583 -0.23133
FixedParameters: 0 0 0

#Transform 36
Transform: AffineTransform_float_3_3
Parameters: 0.999999 0.00141387 -0.000621869 -0.00141613 0.999993 -0.00344112 0.00061713 0.00344188 0.999994 0.034123 0.160924 -0.18424
FixedParameters: 0 0 0

#Transform 37
Transform: AffineTransform_float_3_3
Parameters: 0.999999 0.00166453 -0.000489026 -0.00166647 0.999994 -0.00301719 0.000483974 0.00301781 0.999996 0.0361896 0.133613 -0.164589
FixedParameters: 0 0 0

#Transform 38
Transform: AffineTransform_float_3_3
Parameters: 0.999999 0.00179566 -0.000504783 -0.00179734 0.999995 -0.0026621 0.000499215 0.0026639 0.999997 0.0387366 0.155518 -0.170711
FixedParameters: 0 0 0

#Transform 39
Transform: AffineTransform_float_3_3
Parameters: 0.999999 0.00179575 -0.00043025 -0.00179725 0.999994 -0.00292223 0.000424748 0.00292377 0.999995 0.0374132 0.123216 -0.243544
FixedParameters: 0 0 0

#Transform 40
Transform: AffineTransform_float_3_3
Parameters: 0.999998 0.0017954 -0.000621648 -0.0017976 0.999995 -0.00258689 0.000616351 0.00258811 0.999997 0.0383516 0.144944 -0.162239
FixedParameters: 0 0 0

#Transform 41
Transform: AffineTransform_float_3_3
Parameters: 0.999999 0.00133918 -0.000363031 -0.00133982 0.999996 -0.00226252 0.000359969 0.00226348 0.999998 0.0282228 0.120692 -0.192206
FixedParameters: 0 0 0

#Transform 42
Transform: AffineTransform_float_3_3
Parameters: 0.999999 0.00177446 -0.000195036 -0.00177555 0.999995 -0.00283766 0.000189962 0.00283834 0.999996 0.0328786 0.152369 -0.175463
FixedParameters: 0 0 0

#Transform 43
Transform: AffineTransform_float_3_3
Parameters: 0.999999 0.00134992 -3.23384e-05 -0.00135008 0.999996 -0.00247296 2.86613e-05 0.00247304 0.999997 0.024214 0.158279 -0.0635539
FixedParameters: 0 0 0

#Transform 44
Transform: AffineTransform_float_3_3
Parameters: 0.999999 0.00175761 -0.000153551 -0.00175839 0.999995 -0.00258873 0.00014945 0.00258827 0.999996 0.0141763 0.164728 -0.0145337
FixedParameters: 0 0 0

#Transform 45
Transform: AffineTransform_float_3_3
Parameters: 0.999999 0.00166154 -0.000620934 -0.00166247 0.999996 -0.00236597 0.000617068 0.00236703 0.999997 0.0441732 0.134279 -0.128864
FixedParameters: 0 0 0

#Transform 46
Transform: AffineTransform_float_3_3
Parameters: 0.999999 0.00164707 -0.000622138 -0.00164893 0.999994 -0.00311698 0.000616863 0.00311802 0.999995 0.0444877 0.148227 -0.21923
FixedParameters: 0 0 0

#Transform 47
Transform: AffineTransform_float_3_3
Parameters: 0.999998 0.00164685 -0.000622699 -0.00164914 0.999992 -0.00345798 0.0006163 0.00345902 0.999994 0.0367177 0.135923 -0.170303
FixedParameters: 0 0 0

#Transform 48
Transform: AffineTransform_float_3_3
Parameters: 0.999999 0.00164684 -0.000622739 -0.00164916 0.999992 -0.00348198 0.000616261 0.00348302 0.999993 0.0348531 0.176464 -0.120099
FixedParameters: 0 0 0

#Transform 49
Transform: AffineTransform_float_3_3
Parameters: 0.999999 0.00164646 -0.000674229 -0.00164854 0.999992 -0.00377989 0.000668772 0.00378111 0.999992 0.0370837 0.140735 -0.175607
FixedParameters: 0 0 0

#Transform 50
Transform: AffineTransform_float_3_3
Parameters: 0.999999 0.00137184 -0.000621781 -0.00137415 0.999993 -0.00348215 0.000616218 0.00348285 0.999993 0.0325078 0.156545 -0.146389
FixedParameters: 0 0 0

#Transform 51
Transform: AffineTransform_float_3_3
Parameters: 0.999999 0.00110965 -0.000677868 -0.00111236 0.999994 -0.00348225 0.000674129 0.00348375 0.999993 0.032122 0.16865 -0.152659
FixedParameters: 0 0 0

#Transform 52
Transform: AffineTransform_float_3_3
Parameters: 0.999998 0.00138918 -0.000782039 -0.00139182 0.999993 -0.00362292 0.000776962 0.00362409 0.999993 0.0326361 0.142892 -0.174367
FixedParameters: 0 0 0

#Transform 53
Transform: AffineTransform_float_3_3
Parameters: 0.999999 0.00121517 -0.00064446 -0.00121683 0.999995 -0.00284522 0.00064054 0.00284578 0.999995 0.029852 0.167016 -0.140942
FixedParameters: 0 0 0

#Transform 54
Transform: AffineTransform_float_3_3
Parameters: 0.999999 0.0012152 -0.000928354 -0.00121679 0.999998 -0.00193587 0.000925645 0.00193713 0.999997 0.0288138 0.149938 -0.157614
FixedParameters: 0 0 0

#Transform 55
Transform: AffineTransform_float_3_3
Parameters: 0.999999 0.00121548 -0.000602079 -0.00121652 0.999996 -0.00253127 0.000598922 0.00253173 0.999996 0.0308301 0.173273 -0.0896786
FixedParameters: 0 0 0

#Transform 56
Transform: AffineTransform_float_3_3
Parameters: 0.999999 0.0014118 -0.00101248 -0.0014152 0.999994 -0.00316657 0.00100752 0.00316843 0.999995 0.0384328 0.18287 -0.112869
FixedParameters: 0 0 0

#Transform 57
Transform: AffineTransform_float_3_3
Parameters: 0.999999 0.00121191 -0.00141737 -0.00121709 0.999993 -0.00359728 0.00141263 0.00359972 0.999993 0.0399348 0.163759 -0.15731
FixedParameters: 0 0 0

#Transform 58
Transform: AffineTransform_float_3_3
Parameters: 0.999998 0.00121375 -0.00102885 -0.00121725 0.999994 -0.00316675 0.00102515 0.00316825 0.999995 0.0286123 0.168161 -0.171432
FixedParameters: 0 0 0

#Transform 59
Transform: AffineTransform_float_3_3
Parameters: 0.999998 0.00146201 -0.00141816 -0.00146699 0.999992 -0.00352193 0.00141284 0.00352407 0.999993 0.0287303 0.157559 -0.183043
FixedParameters: 0 0 0

#Transform 60
Transform: AffineTransform_float_3_3
Parameters: 0.999998 0.00115269 -0.00120713 -0.00115731 0.999993 -0.00357761 0.00120287 0.00357839 0.999993 0.0196349 0.159301 -0.182615
FixedParameters: 0 0 0

#Transform 61
Transform: AffineTransform_float_3_3
Parameters: 0.999999 0.00121372 -0.000973109 -0.00121729 0.999993 -0.00338082 0.000969889 0.00338218 0.999994 0.0165513 0.155727 -0.17799
FixedParameters: 0 0 0

#Transform 62
Transform: AffineTransform_float_3_3
Parameters: 0.999999 0.00121202 -0.00141728 -0.00121698 0.999993 -0.00352128 0.00141272 0.00352272 0.999993 0.024408 0.158184 -0.181388
FixedParameters: 0 0 0

#Transform 63
Transform: AffineTransform_float_3_3
Parameters: 0.999999 0.0011206 -0.00141729 -0.0011254 0.999992 -0.00381641 0.00141271 0.00381859 0.999991 0.0228865 0.163857 -0.217104
FixedParameters: 0 0 0

#Transform 64
Transform: AffineTransform_float_3_3
Parameters: 0.999998 0.00175723 -0.000970861 -0.00176077 0.999991 -0.0038993 0.00096414 0.0039007 0.999992 0.0259763 0.163667 -0.238895
FixedParameters: 0 0 0

#Transform 65
Transform: AffineTransform_float_3_3
Parameters: 0.999998 0.00134616 -0.00141856 -0.00135184 0.99999 -0.00412309 0.00141244 0.00412491 0.99999 0.0267632 0.168566 -0.195151
FixedParameters: 0 0 0

#Transform 66
Transform: AffineTransform_float_3_3
Parameters: 0.999998 0.00174812 -0.00141903 -0.00175288 0.999993 -0.00344552 0.00141297 0.00344748 0.999993 0.0338362 0.173557 -0.18783
FixedParameters: 0 0 0

#Transform 67
Transform: AffineTransform_float_3_3
Parameters: 0.999998 0.00172061 -0.00141956 -0.00172639 0.999992 -0.00380556 0.00141244 0.00380844 0.999992 0.0333406 0.164042 -0.202405
FixedParameters: 0 0 0

#Transform 68
Transform: AffineTransform_float_3_3
Parameters: 0.999997 0.00174026 -0.00133719 -0.00174474 0.999992 -0.00355168 0.00133081 0.00355332 0.999993 0.0325617 0.15734 -0.189535
FixedParameters: 0 0 0

#Transform 69
Transform: AffineTransform_float_3_3
Parameters: 0.999999 0.00152766 -0.00107277 -0.00153034 0.999994 -0.00311836 0.00106823 0.00312064 0.999994 0.0266867 0.174929 -0.180982
FixedParameters: 0 0 0

#Transform 70
Transform: AffineTransform_float_3_3
Parameters: 0.999998 0.00145032 -0.00136698 -0.00145568 0.999993 -0.00343002 0.00136201 0.00343198 0.999993 0.0257058 0.164567 -0.171934
FixedParameters: 0 0 0

#Transform 71
Transform: AffineTransform_float_3_3
Parameters: 0.999998 0.00139954 -0.00141841 -0.00140546 0.999991 -0.00385801 0.00141259 0.00385998 0.999991 0.0115161 0.176637 -0.0962371
FixedParameters: 0 0 0

#Transform 72
Transform: AffineTransform_float_3_3
Parameters: 0.999998 0.00164468 -0.000933872 -0.00164732 0.999993 -0.00356547 0.000928131 0.00356753 0.999993 0.00566672 0.188348 -0.0461649
FixedParameters: 0 0 0

#Transform 73
Transform: AffineTransform_float_3_3
Parameters: 0.999998 0.00154757 -0.00129751 -0.00155243 0.99999 -0.004196 0.0012915 0.00419801 0.999991 0.0298474 0.176361 -0.197519
FixedParameters: 0 0 0

#Transform 74
Transform: AffineTransform_float_3_3
Parameters: 0.999997 0.00168613 -0.00142 -0.00169187 0.99999 -0.00414261 0.001413 0.00414539 0.999991 0.0308982 0.168127 -0.173081
FixedParameters: 0 0 0

#Transform 75
Transform: AffineTransform_float_3_3
Parameters: 0.999998 0.00176415 -0.000997845 -0.00176785 0.999991 -0.00387524 0.000991155 0.00387676 0.999992 0.0243355 0.197329 -0.117934
FixedParameters: 0 0 0

#Transform 76
Transform: AffineTransform_float_3_3
Parameters: 0.999997 0.00200173 -0.000825963 -0.00200527 0.99999 -0.00397435 0.000818035 0.00397565 0.999992 0.0322685 0.162631 -0.128334
FixedParameters: 0 0 0

#Transform 77
Transform: AffineTransform_float_3_3
Parameters: 0.999998 0.00203044 -0.00105384 -0.00203556 0.999989 -0.00434687 0.00104416 0.00434913 0.99999 0.019398 0.204955 -0.110514
FixedParameters: 0 0 0

#Transform 78
Transform: AffineTransform_float_3_3
Parameters: 0.999999 0.00161075 -0.000822392 -0.00161425 0.999991 -0.00396368 0.000815607 0.00396532 0.999992 0.0234375 0.199362 -0.121383
FixedParameters: 0 0 0

#Transform 79
Transform: AffineTransform_float_3_3
Parameters: 0.999998 0.0017934 -0.00068781 -0.0017956 0.999991 -0.00379377 0.000681194 0.00379423 0.999993 0.0246933 0.213078 -0.0768187
FixedParameters: 0 0 0

#Transform 80
Transform: AffineTransform_float_3_3
Parameters: 0.999997 0.00185161 -0.00104284 -0.00185539 0.99999 -0.00422807 0.00103516 0.00422993 0.99999 0.0159079 0.182503 -0.0855932
FixedParameters: 0 0 0

#Transform 81
Transform: AffineTransform_float_3_3
Parameters: 0.999998 0.00178591 -0.000900169 -0.0017891 0.999993 -0.0034504 0.000894831 0.00345161 0.999993 0.00493057 0.209489 -0.00838254
FixedParameters: 0 0 0

#Transform 82
Transform: AffineTransform_float_3_3
Parameters: 0.999997 0.00189718 -0.00110061 -0.00190082 0.999992 -0.00347992 0.00109339 0.00348208 0.999994 -0.0129897 0.205043 0.0254685
FixedParameters: 0 0 0

#Transform 83
Transform: AffineTransform_float_3_3
Parameters: 0.999998 0.00173739 -0.00118579 -0.00174261 0.999991 -0.00390094 0.00117921 0.00390306 0.999991 0.00941248 0.196585 -0.061214
FixedParameters: 0 0 0

#Transform 84
Transform: AffineTransform_float_3_3
Parameters: 0.999998 0.00169659 -0.00119032 -0.00170141 0.999991 -0.00371698 0.00118368 0.00371902 0.999993 0.00893771 0.172687 -0.0644646
FixedParameters: 0 0 0

#Transform 85
Transform: AffineTransform_float_3_3
Parameters: 0.999998 0.00195931 -0.00071244 -0.00196169 0.999991 -0.00379361 0.000705563 0.00379439 0.999993 -0.00682986 0.197082 0.0311739
FixedParameters: 0 0 0

#Transform 86
Transform: AffineTransform_float_3_3
Parameters: 0.999997 0.00251261 -0.000414504 -0.00251439 0.999991 -0.00338297 0.000406495 0.00338403 0.999994 -0.00260212 0.198661 0.092002
FixedParameters: 0 0 0

#Transform 87
Transform: AffineTransform_float_3_3
Parameters: 0.999997 0.00198166 -0.000896191 -0.00198434 0.999994 -0.00261723 0.000890808 0.00261877 0.999996 0.000819539 0.114134 -0.00271837
FixedParameters: 0 0 0

#Transform 88
Transform: AffineTransform_float_3_3
Parameters: 0.999998 0.00220948 -0.000766307 -0.00221152 0.999992 -0.00330432 0.000758696 0.00330569 0.999994 0.00416319 0.122358 0.0029874
FixedParameters: 0 0 0

#Transform 89
Transform: AffineTransform_float_3_3
Parameters: 0.999998 0.0020073 -0.000632407 -0.0020087 0.999995 -0.00269174 0.000627594 0.00269327 0.999996 0.00802716 0.170757 0.0674138
FixedParameters: 0 0 0

#Transform 90
Transform: AffineTransform_float_3_3
Parameters: 0.999998 0.0021538 -0.000756308 -0.00215621 0.999994 -0.00292638 0.000749691 0.00292862 0.999996 0.0189108 0.137805 -0.0330112
FixedParameters: 0 0 0

#Transform 91
Transform: AffineTransform_float_3_3
Parameters: 0.999998 0.00204662 -0.00102577 -0.00205038 0.999993 -0.00330291 0.00101923 0.0033051 0.999994 0.0282378 0.14244 -0.102537
FixedParameters: 0 0 0

#Transform 92
Transform: AffineTransform_float_3_3
Parameters: 0.999997 0.00205517 -0.00130405 -0.00205882 0.999993 -0.00293932 0.00129795 0.00294167 0.999995 0.0382192 0.0586627 -0.150503
FixedParameters: 0 0 0

#Transform 93
Transform: AffineTransform_float_3_3
Parameters: 0.999997 0.00238358 -0.000842876 -0.00238642 0.999993 -0.002882 0.000836124 0.002884 0.999996 0.0179752 0.15673 -0.0866592
FixedParameters: 0 0 0

#Transform 94
Transform: AffineTransform_float_3_3
Parameters: 0.999998 0.00192801 -0.00115998 -0.00193099 0.999995 -0.00258077 0.00115502 0.00258323 0.999996 0.0158313 0.18926 -0.0623891
FixedParameters: 0 0 0

#Transform 95
Transform: AffineTransform_float_3_3
Parameters: 0.999998 0.00205921 -0.00108432 -0.00206179 0.999994 -0.00258077 0.00107868 0.00258323 0.999996 0.0166666 0.180057 -0.0669795
FixedParameters: 0 0 0

#Transform 96
Transform: AffineTransform_float_3_3
Parameters: 0.999997 0.00210631 -0.00116768 -0.00211069 0.999993 -0.00316654 0.00116132 0.00316846 0.999995 0.0308792 0.184962 -0.120598
FixedParameters: 0 0 0

#Transform 97
Transform: AffineTransform_float_3_3
Parameters: 0.999997 0.00192791 -0.00102881 -0.00193109 0.999993 -0.00301302 0.00102218 0.00301498 0.999995 0.0134602 0.188211 -0.123692
FixedParameters: 0 0 0

#Transform 98
Transform: AffineTransform_float_3_3
Parameters: 0.999997 0.00192581 -0.00163115 -0.00193119 0.999993 -0.00318686 0.00162485 0.00319014 0.999993 0.0241856 0.191244 -0.13967
FixedParameters: 0 0 0

#Transform 99
Transform: AffineTransform_float_3_3
Parameters: 0.999997 0.00197831 -0.00126636 -0.00198269 0.999991 -0.0037135 0.00125865 0.0037155 0.999993 0.0319337 0.164555 -0.149277
FixedParameters: 0 0 0

#Transform 100
Transform: AffineTransform_float_3_3
Parameters: 0.999997 0.00203375 -0.00133749 -0.00203826 0.999993 -0.00318728 0.00133151 0.00318972 0.999994 0.0207921 0.155099 -0.145374
FixedParameters: 0 0 0

#Transform 101
Transform: AffineTransform_float_3_3
Parameters: 0.999997 0.00192734 -0.00104677 -0.00193166 0.999992 -0.00350699 0.00104023 0.00350901 0.999994 0.0175268 0.196818 -0.080502
FixedParameters: 0 0 0

#Transform 102
Transform: AffineTransform_float_3_3
Parameters: 0.999997 0.00192796 -0.000889618 -0.00193104 0.999993 -0.00342929 0.000883382 0.00343071 0.999993 0.0249463 0.181894 -0.064743
FixedParameters: 0 0 0

#Transform 103
Transform: AffineTransform_float_3_3
Parameters: 0.999997 0.00192659 -0.00137819 -0.00193141 0.999993 -0.00320935 0.00137181 0.00321165 0.999994 0.0196058 0.186604 -0.0624772
FixedParameters: 0 0 0

#Transform 104
Transform: AffineTransform_float_3_3
Parameters: 0.999997 0.00192591 -0.00141794 -0.00193109 0.999991 -0.00359727 0.00141106 0.00360073 0.999993 0.0203081 0.195775 -0.0754696
FixedParameters: 0 0 0

#Transform 105
Transform: AffineTransform_float_3_3
Parameters: 0.999998 0.00192753 -0.00112696 -0.00193147 0.999994 -0.00308583 0.00112104 0.00308817 0.999994 0.0152447 0.163393 -0.0891253
FixedParameters: 0 0 0

#Transform 106
Transform: AffineTransform_float_3_3
Parameters: 0.999997 0.0019271 -0.00140537 -0.0019309 0.999995 -0.0027813 0.00139963 0.00278371 0.999995 0.00694275 0.187401 -0.0606402
FixedParameters: 0 0 0

#Transform 107
Transform: AffineTransform_float_3_3
Parameters: 0.999997 0.001927 -0.00147525 -0.00193101 0.999995 -0.00271816 0.00146975 0.00272084 0.999995 0.0159654 0.170911 -0.0762771
FixedParameters: 0 0 0

#Transform 108
Transform: AffineTransform_float_3_3
Parameters: 0.999997 0.00205563 -0.000647349 -0.00205736 0.999995 -0.00211467 0.000643648 0.00211633 0.999997 0.0126789 0.152872 -0.0546999
FixedParameters: 0 0 0

#Transform 109
Transform: AffineTransform_float_3_3
Parameters: 0.999998 0.00192854 -0.000875442 -0.00193146 0.999994 -0.00281931 0.000870557 0.00282068 0.999995 0.00620925 0.153245 -0.0805471
FixedParameters: 0 0 0

#Transform 110
Transform: AffineTransform_float_3_3
Parameters: 0.999998 0.00211036 -0.000973744 -0.00211264 0.999994 -0.00271895 0.000968257 0.00272105 0.999996 0.0220119 0.151018 -0.0822634
FixedParameters: 0 0 0

#Transform 111
Transform: AffineTransform_float_3_3
Parameters: 0.999997 0.00192657 -0.00137523 -0.00193143 0.999993 -0.00322935 0.00136877 0.00323265 0.999994 0.0151055 0.169215 -0.0833764
FixedParameters: 0 0 0

#Transform 112
Transform: AffineTransform_float_3_3
Parameters: 0.999996 0.00221161 -0.00163233 -0.00221739 0.999992 -0.00330739 0.00162567 0.00331061 0.999993 0.0278177 0.180392 -0.110445
FixedParameters: 0 0 0

#Transform 113
Transform: AffineTransform_float_3_3
Parameters: 0.999997 0.00232827 -0.000974966 -0.00233173 0.99999 -0.00384674 0.000966037 0.00384826 0.999992 0.0339804 0.132565 -0.171394
FixedParameters: 0 0 0

#Transform 114
Transform: AffineTransform_float_3_3
Parameters: 0.999997 0.00192652 -0.00135638 -0.00193148 0.999992 -0.00330839 0.00135062 0.00331061 0.999993 0.0149022 0.176018 -0.123406
FixedParameters: 0 0 0

#Transform 115
Transform: AffineTransform_float_3_3
Parameters: 0.999997 0.00192745 -0.00107639 -0.00193155 0.999992 -0.00330893 0.00107061 0.00331107 0.999994 0.0174154 0.17594 -0.106762
FixedParameters: 0 0 0

#Transform 116
Transform: AffineTransform_float_3_3
Parameters: 0.999998 0.00215554 -0.000895942 -0.00215746 0.999994 -0.00275407 0.00089006 0.00275593 0.999996 0.0223035 0.165422 -0.0694658
FixedParameters: 0 0 0

#Transform 117
Transform: AffineTransform_float_3_3
Parameters: 0.999997 0.00208754 -0.00117118 -0.00209045 0.999993 -0.00295556 0.00116482 0.00295844 0.999995 0.032599 0.16919 -0.0693199
FixedParameters: 0 0 0

#Transform 118
Transform: AffineTransform_float_3_3
Parameters: 0.999997 0.00215005 -0.00122198 -0.00215395 0.999992 -0.00324038 0.00121502 0.00324362 0.999994 0.033147 0.174158 -0.0724376
FixedParameters: 0 0 0

#Transform 119
Transform: AffineTransform_float_3_3
Parameters: 0.999997 0.00211185 -0.0013545 -0.00211615 0.999993 -0.00307214 0.0013485 0.00307486 0.999995 0.02605 0.171297 -0.0853346
FixedParameters: 0 0 0

#Transform 120
Transform: AffineTransform_float_3_3
Parameters: 0.999997 0.00219625 -0.00096131 -0.00219875 0.999994 -0.0028699 0.000954692 0.00287211 0.999996 0.0289289 0.167381 -0.0887112
FixedParameters: 0 0 0

#Transform 121
Transform: AffineTransform_float_3_3
Parameters: 0.999998 0.00204846 -0.000954312 -0.00205054 0.999996 -0.00161505 0.000950688 0.00161695 0.999998 0.028254 0.148788 -0.0933925
FixedParameters: 0 0 0

#Transform 122
Transform: AffineTransform_float_3_3
Parameters: 0.999997 0.00227532 -0.00110653 -0.00227768 0.999995 -0.00242949 0.00110047 0.00243151 0.999997 0.0293981 0.1489 -0.0847143
FixedParameters: 0 0 0

#Transform 123
Transform: AffineTransform_float_3_3
Parameters: 0.999997 0.00220011 -0.000870788 -0.00220189 0.999995 -0.00217409 0.000866213 0.00217591 0.999998 0.0279545 0.153709 -0.0426891
FixedParameters: 0 0 0

#Transform 124
Transform: AffineTransform_float_3_3
Parameters: 0.999997 0.0022066 -0.000868131 -0.0022094 0.999993 -0.00277609 0.000861868 0.00277791 0.999996 0.0219392 0.164566 -0.0894297
FixedParameters: 0 0 0

#Transform 125
Transform: AffineTransform_float_3_3
Parameters: 0.999998 0.00218651 -0.000833562 -0.00218849 0.999993 -0.00299818 0.000827441 0.00299982 0.999995 0.0163524 0.183075 -0.00862628
FixedParameters: 0 0 0

#Transform 126
Transform: AffineTransform_float_3_3
Parameters: 0.999997 0.00216287 -0.000538542 -0.00216412 0.999995 -0.00209884 0.000534457 0.00210016 0.999997 0.0207678 0.160943 0.0119991
FixedParameters: 0 0 0

#Transform 127
Transform: AffineTransform_float_3_3
Parameters: 0.999998 0.00192851 -0.000877501 -0.00193149 0.999994 -0.00285031 0.000871495 0.00285269 0.999995 0.0210207 0.177229 -0.0574758
FixedParameters: 0 0 0

#Transform 128
Transform: AffineTransform_float_3_3
Parameters: 0.999997 0.00192757 -0.00104933 -0.00193143 0.999993 -0.00327798 0.00104367 0.00328002 0.999994 0.0261739 0.171126 -0.0683196
FixedParameters: 0 0 0

#Transform 129
Transform: AffineTransform_float_3_3
Parameters: 0.999998 0.00211057 -0.000877873 -0.00211243 0.999994 -0.00278015 0.000872129 0.00278185 0.999996 0.0157451 0.169788 -0.0660097
FixedParameters: 0 0 0

#Transform 130
Transform: AffineTransform_float_3_3
Parameters: 0.999998 0.00192898 -0.000876453 -0.00193102 0.999996 -0.00230631 0.000871546 0.00230869 0.999997 0.0106133 0.198281 0.021716
FixedParameters: 0 0 0

#Transform 131
Transform: AffineTransform_float_3_3
Parameters: 0.999998 0.00192872 -0.000877024 -0.00193128 0.999994 -0.00260231 0.000871974 0.00260469 0.999996 0.00268207 0.158447 -0.0467596
FixedParameters: 0 0 0

#Transform 132
Transform: AffineTransform_float_3_3
Parameters: 0.999997 0.00230971 -0.000502945 -0.00231029 0.999994 -0.00257284 0.000497058 0.00257315 0.999996 0.00729184 0.197809 0.0631991
FixedParameters: 0 0 0

#Transform 133
Transform: AffineTransform_float_3_3
Parameters: 0.999997 0.00234346 -0.000878807 -0.00234654 0.999993 -0.00290195 0.000872192 0.00290405 0.999996 0.0248786 0.172825 -0.0922431
FixedParameters: 0 0 0

#Transform 134
Transform: AffineTransform_float_3_3
Parameters: 0.999998 0.00192794 -0.000878745 -0.00193106 0.999992 -0.00349531 0.000872254 0.00349669 0.999993 0.0110881 0.179555 -0.0986955
FixedParameters: 0 0 0

#Transform 135
Transform: AffineTransform_float_3_3
Parameters: 0.999997 0.0022332 -0.00103226 -0.0022368 0.99999 -0.0036957 0.00102474 0.0036983 0.999992 0.0279587 0.167942 -0.105746
FixedParameters: 0 0 0

#Transform 136
Transform: AffineTransform_float_3_3
Parameters: 0.999997 0.00243934 -0.000630443 -0.00244065 0.999993 -0.00263947 0.000623557 0.00264153 0.999997 0.0203451 0.173962 -0.0825529
FixedParameters: 0 0 0

#Transform 137
Transform: AffineTransform_float_3_3
Parameters: 0.999998 0.00218547 -0.000507656 -0.00218653 0.999993 -0.0030439 0.000500346 0.0030451 0.999995 0.00888569 0.193755 -0.0851137
FixedParameters: 0 0 0

#Transform 138
Transform: AffineTransform_float_3_3
Parameters: 0.999998 0.00215225 -0.000612182 -0.00215375 0.999993 -0.00287069 0.000605818 0.00287231 0.999995 0.0191184 0.174621 -0.0879119
FixedParameters: 0 0 0

#Transform 139
Transform: AffineTransform_float_3_3
Parameters: 0.999998 0.00219131 -0.00059031 -0.00219269 0.999994 -0.00287771 0.00058469 0.00287929 0.999995 0.0159885 0.196343 -0.0612208
FixedParameters: 0 0 0

#Transform 140
Transform: AffineTransform_float_3_3
Parameters: 0.999997 0.00239588 -0.000653812 -0.00239811 0.999992 -0.00325844 0.000645186 0.00326056 0.999995 0.0128787 0.158758 -0.094252
FixedParameters: 0 0 0

#Transform 141
Transform: AffineTransform_float_3_3
Parameters: 0.999997 0.00227651 -0.000689285 -0.00227949 0.999991 -0.00363644 0.000680715 0.00363756 0.999993 0.0135311 0.172154 -0.0920392
FixedParameters: 0 0 0

#Transform 142
Transform: AffineTransform_float_3_3
Parameters: 0.999998 0.00192847 -0.00077929 -0.00193153 0.999993 -0.0032585 0.000772708 0.0032605 0.999995 0.00514549 0.152942 -0.0896924
FixedParameters: 0 0 0

#Transform 143
Transform: AffineTransform_float_3_3
Parameters: 0.999997 0.00209614 -0.000511674 -0.00209786 0.999991 -0.00365894 0.000503326 0.00366006 0.999993 0.0102517 0.142301 -0.13261
FixedParameters: 0 0 0

#Transform 144
Transform: AffineTransform_float_3_3
Parameters: 0.999997 0.00212909 -0.000614661 -0.00213091 0.999993 -0.0031267 0.000608338 0.0031283 0.999995 0.0243116 0.163761 -0.102722
FixedParameters: 0 0 0

#Transform 145
Transform: AffineTransform_float_3_3
Parameters: 0.999998 0.00192911 -0.000549667 -0.00193089 0.999992 -0.00345395 0.000543333 0.00345506 0.999994 0.0179893 0.162631 -0.104781
FixedParameters: 0 0 0

#Transform 146
Transform: AffineTransform_float_3_3
Parameters: 0.999998 0.00219958 -0.000653201 -0.00220142 0.99999 -0.00372557 0.000645803 0.00372643 0.999993 0.0250612 0.172535 -0.119829
FixedParameters: 0 0 0

#Transform 147
Transform: AffineTransform_float_3_3
Parameters: 0.999998 0.00192893 -0.000579918 -0.00193106 0.999991 -0.00358389 0.000572082 0.00358511 0.999994 0.0208895 0.193401 -0.106956
FixedParameters: 0 0 0

#Transform 148
Transform: AffineTransform_float_3_3
Parameters: 0.999998 0.00226392 -0.0005713 -0.00226608 0.99999 -0.00366371 0.0005637 0.00366529 0.999993 0.0348063 0.159291 -0.128304
FixedParameters: 0 0 0

#Transform 149
Transform: AffineTransform_float_3_3
Parameters: 0.999997 0.00226816 -0.000702243 -0.00227184 0.999989 -0.00407142 0.000692756 0.00407259 0.999992 0.0332964 0.173002 -0.157507
FixedParameters: 0 0 0

#Transform 150
Transform: AffineTransform_float_3_3
Parameters: 0.999997 0.00246899 -0.000633877 -0.00247101 0.999992 -0.00318844 0.000625121 0.00319055 0.999994 0.0302631 0.197262 -0.136624
FixedParameters: 0 0 0

#Transform 151
Transform: AffineTransform_float_3_3
Parameters: 0.999998 0.00192872 -0.000747898 -0.00193128 0.999993 -0.00305556 0.0007421 0.00305744 0.999995 0.0155255 0.194391 -0.13304
FixedParameters: 0 0 0

#Transform 152
Transform: AffineTransform_float_3_3
Parameters: 0.999997 0.00211439 -0.000760293 -0.00211761 0.999992 -0.0034464 0.000752703 0.0034486 0.999994 0.0231426 0.182656 -0.133367
FixedParameters: 0 0 0

#Transform 153
Transform: AffineTransform_float_3_3
Parameters: 0.999997 0.0020804 -0.000781947 -0.0020836 0.999993 -0.00333638 0.000775051 0.00333762 0.999994 0.0221016 0.180757 -0.124429
FixedParameters: 0 0 0

#Transform 154
Transform: AffineTransform_float_3_3
Parameters: 0.999998 0.00214698 -0.000594364 -0.00214902 0.999992 -0.00342773 0.000586635 0.00342927 0.999994 0.00939918 0.182395 -0.143807
FixedParameters: 0 0 0

#Transform 155
Transform: AffineTransform_float_3_3
Parameters: 0.999998 0.00192815 -0.000812794 -0.00193185 0.999992 -0.00352044 0.000806203 0.00352156 0.999993 0.0214614 0.184367 -0.124126
FixedParameters: 0 0 0

#Transform 156
Transform: AffineTransform_float_3_3
Parameters: 0.999997 0.00213899 -0.000579448 -0.002141 0.999991 -0.00347977 0.000572551 0.00348123 0.999994 0.0222013 0.190034 -0.119202
FixedParameters: 0 0 0

#Transform 157
Transform: AffineTransform_float_3_3
Parameters: 0.999998 0.00204612 -0.000253199 -0.00204688 0.999991 -0.00351749 0.000246802 0.00351751 0.999994 0.0253721 0.184029 -0.121902
FixedParameters: 0 0 0

#Transform 158
Transform: AffineTransform_float_3_3
Parameters: 0.999998 0.00201677 -0.000361913 -0.00201823 0.999992 -0.00342628 0.000355087 0.00342672 0.999994 0.0168848 0.182524 -0.139445
FixedParameters: 0 0 0

#Transform 159
Transform: AffineTransform_float_3_3
Parameters: 0.999998 0.00202246 -0.000139109 -0.00202254 0.99999 -0.00400873 0.000130894 0.00400827 0.999992 0.0118337 0.204177 -0.0882406
FixedParameters: 0 0 0
