# transform file /out/sourcedata/freesurfer/sub-v2s1x29913_ses-1/mri/transforms/cc_up.lta
# created by oesteban on Thu Mar 12 21:58:52 2026

type      = 0 # LINEAR_VOX_TO_VOX
nxforms   = 1
mean      = 127.0000 116.0000 129.0000
sigma     = 10000.0000
1 4 4
9.965867996215820e-01 5.192533601075411e-03 -8.238859474658966e-02 1.018931007385254e+01 
-5.174879916012287e-03 9.999865889549255e-01 4.278113192413002e-04 2.560516548156738e+01 
8.238970488309860e-02 -2.910383045673370e-11 9.966002702713013e-01 -1.908010864257812e+01 
0.000000000000000e+00 0.000000000000000e+00 0.000000000000000e+00 1.000000000000000e+00 
src volume info
valid = 1  # volume info valid
filename = /out/sourcedata/freesurfer/sub-v2s1x29913_ses-1/mri/norm.mgz
volume = 256 256 256
voxelsize = 8.999999761581421e-01 8.999999761581421e-01 8.999999761581421e-01
xras   = -9.999998807907104e-01 0.000000000000000e+00 0.000000000000000e+00
yras   = 0.000000000000000e+00 0.000000000000000e+00 -9.999999403953552e-01
zras   = 0.000000000000000e+00 1.000000000000000e+00 0.000000000000000e+00
cras   = -8.908630371093750e+00 2.408887481689453e+01 5.446142959594727e+01
dst volume info
valid = 1  # volume info valid
filename = /out/sourcedata/freesurfer/sub-v2s1x29913_ses-1/mri/norm.mgz
volume = 256 256 256
voxelsize = 8.999999761581421e-01 8.999999761581421e-01 8.999999761581421e-01
xras   = -9.999998807907104e-01 0.000000000000000e+00 0.000000000000000e+00
yras   = 0.000000000000000e+00 0.000000000000000e+00 -9.999999403953552e-01
zras   = 0.000000000000000e+00 1.000000000000000e+00 0.000000000000000e+00
cras   = -8.908630371093750e+00 2.408887481689453e+01 5.446142959594727e+01
