# transform file /out/sourcedata/freesurfer/sub-v2s1x29910_ses-1/mri/transforms/cc_up.lta
# created by oesteban on Thu Mar 12 21:47:51 2026

type      = 0 # LINEAR_VOX_TO_VOX
nxforms   = 1
mean      = 126.0000 132.0000 124.0000
sigma     = 10000.0000
1 4 4
9.957921504974365e-01 4.681317601352930e-03 -9.152103215456009e-02 1.194409370422363e+01 
-4.661670420318842e-03 9.999890327453613e-01 4.284437163732946e-04 9.541999816894531e+00 
9.152203053236008e-02 0.000000000000000e+00 9.958030581474304e-01 -8.142184257507324e+00 
0.000000000000000e+00 0.000000000000000e+00 0.000000000000000e+00 1.000000000000000e+00 
src volume info
valid = 1  # volume info valid
filename = /out/sourcedata/freesurfer/sub-v2s1x29910_ses-1/mri/norm.mgz
volume = 256 256 256
voxelsize = 8.999999165534973e-01 8.999999165534973e-01 8.999999165534973e-01
xras   = -9.999999403953552e-01 0.000000000000000e+00 0.000000000000000e+00
yras   = 0.000000000000000e+00 0.000000000000000e+00 -9.999999403953552e-01
zras   = 0.000000000000000e+00 9.999998807907104e-01 0.000000000000000e+00
cras   = 8.035003662109375e+00 2.608040618896484e+01 2.921989440917969e+01
dst volume info
valid = 1  # volume info valid
filename = /out/sourcedata/freesurfer/sub-v2s1x29910_ses-1/mri/norm.mgz
volume = 256 256 256
voxelsize = 8.999999165534973e-01 8.999999165534973e-01 8.999999165534973e-01
xras   = -9.999999403953552e-01 0.000000000000000e+00 0.000000000000000e+00
yras   = 0.000000000000000e+00 0.000000000000000e+00 -9.999999403953552e-01
zras   = 0.000000000000000e+00 9.999998807907104e-01 0.000000000000000e+00
cras   = 8.035003662109375e+00 2.608040618896484e+01 2.921989440917969e+01
