#Insight Transform File V1.0
#Transform 0
Transform: AffineTransform_float_3_3
Parameters: 0.999993 0.000453819 -0.00353514 -0.00043118 0.999979 0.00645357 0.00353785 -0.00645144 0.999973 -0.0917685 -0.273614 0.792845
FixedParameters: 0 0 0

#Transform 1
Transform: AffineTransform_float_3_3
Parameters: 0.999985 0.00204622 -0.00519604 -0.00199978 0.999959 0.00888353 0.00521496 -0.00887347 0.999947 -0.0196675 -0.183057 0.185471
FixedParameters: 0 0 0

#Transform 2
Transform: AffineTransform_float_3_3
Parameters: 0.999991 0.00159887 -0.00406322 -0.00156613 0.999966 0.00808044 0.00407578 -0.00807356 0.999959 -0.0549503 -0.127857 0.0771133
FixedParameters: 0 0 0

#Transform 3
Transform: AffineTransform_float_3_3
Parameters: 0.999992 0.00159177 -0.00363482 -0.00156623 0.999973 0.00708175 0.00364618 -0.00707625 0.999969 -0.0656882 -0.13585 0.113551
FixedParameters: 0 0 0

#Transform 4
Transform: AffineTransform_float_3_3
Parameters: 0.999992 0.00172029 -0.00346808 -0.0016947 0.99997 0.00757094 0.00348092 -0.00756507 0.999966 -0.0722898 -0.129625 0.103962
FixedParameters: 0 0 0

#Transform 5
Transform: AffineTransform_float_3_3
Parameters: 0.999993 0.00159084 -0.00322988 -0.00156616 0.99997 0.00767811 0.00324212 -0.0076729 0.999966 -0.0754374 -0.155971 0.108612
FixedParameters: 0 0 0

#Transform 6
Transform: AffineTransform_float_3_3
Parameters: 0.999996 0.000854071 -0.00266935 -0.000832925 0.999968 0.00788425 0.00267665 -0.00788274 0.999966 -0.0279833 -0.190133 0.0961108
FixedParameters: 0 0 0

#Transform 7
Transform: AffineTransform_float_3_3
Parameters: 1 -5.53631e-05 -0.00115056 6.56317e-05 0.999957 0.00924693 0.00114944 -0.00924707 0.999956 -0.0115183 -0.230613 0.138957
FixedParameters: 0 0 0

#Transform 8
Transform: AffineTransform_float_3_3
Parameters: 0.999998 0.000199382 -0.00164832 -0.000185611 0.999962 0.00872131 0.00165068 -0.00872068 0.99996 -0.00925956 -0.254348 0.161355
FixedParameters: 0 0 0

#Transform 9
Transform: AffineTransform_float_3_3
Parameters: 0.999999 0.000583743 -0.00137307 -0.000571258 0.999964 0.00853679 0.00137793 -0.00853621 0.999962 0.0122714 -0.195801 0.164229
FixedParameters: 0 0 0

#Transform 10
Transform: AffineTransform_float_3_3
Parameters: 0.999999 0.000233085 -0.00139936 -0.00022291 0.999974 0.00720332 0.00140164 -0.00720268 0.999973 -0.00894541 -0.193465 0.106507
FixedParameters: 0 0 0

#Transform 11
Transform: AffineTransform_float_3_3
Parameters: 0.999998 0.000230354 -0.00165032 -0.000218648 0.999972 0.00748237 0.00165168 -0.00748163 0.99997 0.000210843 -0.190116 0.0726814
FixedParameters: 0 0 0

#Transform 12
Transform: AffineTransform_float_3_3
Parameters: 0.999999 0.000160517 -0.00185496 -0.000147484 0.999977 0.00674528 0.00185604 -0.00674571 0.999975 0.0196179 -0.177483 0.0340729
FixedParameters: 0 0 0

#Transform 13
Transform: AffineTransform_float_3_3
Parameters: 0.999999 -0.000662842 -0.00124094 0.000672159 0.999973 0.00739418 0.00123606 -0.00739483 0.999972 0.0544255 -0.260849 -0.113563
FixedParameters: 0 0 0

#Transform 14
Transform: AffineTransform_float_3_3
Parameters: 1 5.35435e-05 -0.000316743 -5.24601e-05 0.999988 0.00487102 0.000316259 -0.00487098 0.999988 0.00296915 -0.151464 -0.141011
FixedParameters: 0 0 0

#Transform 15
Transform: AffineTransform_float_3_3
Parameters: 1 0.000254052 0.000210151 -0.000254947 0.999989 0.00452394 -0.000208849 -0.00452405 0.999989 -0.0234973 -0.107196 -0.0684974
FixedParameters: 0 0 0

#Transform 16
Transform: AffineTransform_float_3_3
Parameters: 0.999999 0.0008983 0.000174638 -0.000898697 0.999992 0.00404785 -0.000170363 -0.00404816 0.999992 -0.0288635 -0.0997214 -0.0242517
FixedParameters: 0 0 0

#Transform 17
Transform: AffineTransform_float_3_3
Parameters: 1 0.000340422 -0.000133931 -0.000339577 0.999995 0.00314105 0.000135067 -0.00314095 0.999995 -0.00622292 -0.073097 -0.00687997
FixedParameters: 0 0 0

#Transform 18
Transform: AffineTransform_float_3_3
Parameters: 1 0.000274928 -0.00035829 -0.000274072 0.999996 0.0025891 0.000358711 -0.0025889 0.999997 -0.00725397 -0.086415 -0.0285504
FixedParameters: 0 0 0

#Transform 19
Transform: AffineTransform_float_3_3
Parameters: 1 0.000462478 0.000477478 -0.000463523 0.999995 0.00319078 -0.000476523 -0.00319122 0.999995 -0.0358538 -0.0753354 -0.0370587
FixedParameters: 0 0 0

#Transform 20
Transform: AffineTransform_float_3_3
Parameters: 1 -2.33213e-05 0.000475984 2.36787e-05 1 0.000675011 -0.000476016 -0.000674989 0.999999 -0.0184523 -0.0166871 -0.0337667
FixedParameters: 0 0 0

#Transform 21
Transform: AffineTransform_float_3_3
Parameters: 1 -0.000424109 -0.000113596 0.000423891 1 -0.000953048 0.000114404 0.000952952 0.999999 0.0206029 0.00716484 0.0641082
FixedParameters: 0 0 0

#Transform 22
Transform: AffineTransform_float_3_3
Parameters: 1 -0.000174194 -0.000446924 0.000173806 1 -0.000433078 0.000447075 0.000433922 1 0.0237695 0.00371081 0.0793658
FixedParameters: 0 0 0

#Transform 23
Transform: AffineTransform_float_3_3
Parameters: 1 -0.000158718 -0.000520781 0.000157283 0.999999 -0.00137908 0.000520217 0.00137892 0.999999 0.0271525 0.019026 0.112568
FixedParameters: 0 0 0

#Transform 24
Transform: AffineTransform_float_3_3
Parameters: 1 -0.000402479 -0.00052063 0.000402521 0.999999 -0.00092021 0.000520371 0.000920791 1 0.0224092 0.0151933 0.11661
FixedParameters: 0 0 0

#Transform 25
Transform: AffineTransform_float_3_3
Parameters: 1 -6.71067e-05 -0.000380981 6.68933e-05 1 -0.000280025 0.000381019 0.000279974 1 0.0229394 0.03762 0.0911326
FixedParameters: 0 0 0

#Transform 26
Transform: AffineTransform_float_3_3
Parameters: 1 -0.00015881 -0.000520753 0.000157191 0.999999 -0.00155508 0.000520245 0.00155492 0.999998 0.0236734 0.0283568 0.0543046
FixedParameters: 0 0 0

#Transform 27
Transform: AffineTransform_float_3_3
Parameters: 1 -0.000158293 -0.000203773 0.000157709 0.999999 -0.00143503 0.000203227 0.00143497 0.999999 0.0138022 0.0289803 0.051863
FixedParameters: 0 0 0

#Transform 28
Transform: AffineTransform_float_3_3
Parameters: 0.999997 0.000184417 -0.0024252 -0.000186582 1 -0.00106455 0.0024248 0.00106545 0.999997 0.0683485 -0.0288125 -0.512717
FixedParameters: 0 0 0

#Transform 29
Transform: AffineTransform_float_3_3
Parameters: 0.999997 0.000649559 -0.00257113 -0.00065444 0.999999 -0.00172632 0.00256987 0.00172868 0.999995 -0.012907 0.102828 -0.393931
FixedParameters: 0 0 0

#Transform 30
Transform: AffineTransform_float_3_3
Parameters: 0.999997 8.91642e-05 -0.00214291 -8.68353e-05 1 0.00101019 0.00214309 -0.00100981 0.999997 0.101261 -0.0717177 0.27173
FixedParameters: 0 0 0

#Transform 31
Transform: AffineTransform_float_3_3
Parameters: 1 0.0003791 -0.000196896 -0.000378899 0.999984 0.00555807 0.000199109 -0.00555792 0.999984 0.0694386 -0.151705 0.249429
FixedParameters: 0 0 0

#Transform 32
Transform: AffineTransform_float_3_3
Parameters: 0.999999 -6.81201e-05 -0.00100213 6.98796e-05 0.999998 0.00187593 0.00100187 -0.00187607 0.999997 0.0811822 -0.0601518 0.325021
FixedParameters: 0 0 0

#Transform 33
Transform: AffineTransform_float_3_3
Parameters: 0.999999 -0.000302348 -0.00150193 0.000302651 1 -0.000232455 0.00150207 0.000231546 0.999999 0.0979568 -0.0277868 0.282486
FixedParameters: 0 0 0

#Transform 34
Transform: AffineTransform_float_3_3
Parameters: 0.999999 -0.00019689 -0.00129972 0.000194109 0.999999 -0.00145425 0.00130028 0.00145375 0.999998 0.0577581 0.0847968 0.124995
FixedParameters: 0 0 0

#Transform 35
Transform: AffineTransform_float_3_3
Parameters: 0.999999 -0.000219561 -0.00100144 0.000217439 0.999996 -0.00255722 0.00100156 0.00255678 0.999996 0.0588365 0.0786042 0.0852824
FixedParameters: 0 0 0

#Transform 36
Transform: AffineTransform_float_3_3
Parameters: 1 0.000161168 -0.00114655 -0.00016483 0.999995 -0.00334281 0.00114546 0.00334319 0.999994 0.0614608 0.131171 0.111879
FixedParameters: 0 0 0

#Transform 37
Transform: AffineTransform_float_3_3
Parameters: 0.999999 8.4738e-05 -0.00130428 -8.92609e-05 0.999994 -0.00326788 0.00130372 0.00326811 0.999994 0.0632905 0.117991 0.148872
FixedParameters: 0 0 0

#Transform 38
Transform: AffineTransform_float_3_3
Parameters: 0.999999 0.000127491 -0.00125247 -0.000131507 0.999993 -0.00360084 0.00125153 0.00360116 0.999992 0.0618704 0.141951 0.177191
FixedParameters: 0 0 0

#Transform 39
Transform: AffineTransform_float_3_3
Parameters: 0.999999 0.000445987 -0.00179576 -0.000453015 0.999993 -0.00390719 0.00179424 0.00390781 0.999991 0.0888421 0.113382 0.193832
FixedParameters: 0 0 0

#Transform 40
Transform: AffineTransform_float_3_3
Parameters: 0.999997 0.000299251 -0.00215523 -0.000308746 0.999991 -0.00405934 0.00215376 0.00406065 0.99999 0.0838306 0.125306 0.203791
FixedParameters: 0 0 0

#Transform 41
Transform: AffineTransform_float_3_3
Parameters: 0.999998 0.000300207 -0.00206815 -0.000307793 0.999993 -0.00376937 0.00206685 0.00376963 0.999991 0.0884117 0.131706 0.209211
FixedParameters: 0 0 0

#Transform 42
Transform: AffineTransform_float_3_3
Parameters: 0.999997 0.000298652 -0.00216231 -0.000308347 0.99999 -0.00432434 0.00216069 0.00432466 0.999989 0.0899824 0.147711 0.231162
FixedParameters: 0 0 0

#Transform 43
Transform: AffineTransform_float_3_3
Parameters: 0.999998 0.000173863 -0.00198773 -0.000182137 0.999991 -0.00409364 0.00198727 0.00409435 0.999989 0.0854756 0.102702 0.216889
FixedParameters: 0 0 0

#Transform 44
Transform: AffineTransform_float_3_3
Parameters: 0.999998 0.000298074 -0.00230231 -0.000307925 0.99999 -0.0043123 0.00230069 0.0043127 0.999988 0.0879364 0.119694 0.249487
FixedParameters: 0 0 0

#Transform 45
Transform: AffineTransform_float_3_3
Parameters: 0.999998 0.000299428 -0.00198831 -0.000308575 0.99999 -0.00431239 0.00198769 0.0043126 0.999988 0.0746478 0.117668 0.256678
FixedParameters: 0 0 0

#Transform 46
Transform: AffineTransform_float_3_3
Parameters: 0.999998 0.000298029 -0.00221337 -0.000307968 0.99999 -0.00450533 0.00221164 0.00450667 0.999988 0.10079 0.115891 0.261642
FixedParameters: 0 0 0

#Transform 47
Transform: AffineTransform_float_3_3
Parameters: 0.999997 0.00024727 -0.00234105 -0.000256729 0.999992 -0.00415641 0.00233995 0.00415759 0.999988 0.105585 0.111211 0.283649
FixedParameters: 0 0 0

#Transform 48
Transform: AffineTransform_float_3_3
Parameters: 0.999997 0.000297452 -0.00241632 -0.000308547 0.999991 -0.00436627 0.00241467 0.00436673 0.999987 0.0926385 0.125361 0.285978
FixedParameters: 0 0 0

#Transform 49
Transform: AffineTransform_float_3_3
Parameters: 0.999996 0.000296207 -0.0027353 -0.000307796 0.99999 -0.00431217 0.0027347 0.00431282 0.999987 0.10616 0.106617 0.281917
FixedParameters: 0 0 0

#Transform 50
Transform: AffineTransform_float_3_3
Parameters: 0.999996 0.000294232 -0.00288244 -0.00030877 0.999988 -0.00477713 0.00288156 0.00477787 0.999985 0.112341 0.126248 0.267887
FixedParameters: 0 0 0

#Transform 51
Transform: AffineTransform_float_3_3
Parameters: 0.999996 0.000293067 -0.00259673 -0.000307932 0.999984 -0.00575122 0.00259527 0.00575278 0.99998 0.124197 0.16753 0.272079
FixedParameters: 0 0 0

#Transform 52
Transform: AffineTransform_float_3_3
Parameters: 1 -0.0002887 -0.000614672 0.0002883 1 -0.00113818 0.000615328 0.00113782 0.999999 -0.0655803 0.0189561 0.192715
FixedParameters: 0 0 0

#Transform 53
Transform: AffineTransform_float_3_3
Parameters: 0.999991 -0.00155348 0.00389223 0.00154452 0.999996 0.00243703 -0.00389577 -0.00243097 0.99999 -0.167449 -0.447827 -1.68355
FixedParameters: 0 0 0

#Transform 54
Transform: AffineTransform_float_3_3
Parameters: 0.999875 -0.00532521 0.0149225 0.00509079 0.999864 0.0156889 -0.0150045 -0.015611 0.999765 -0.330867 -0.538412 -0.768267
FixedParameters: 0 0 0

#Transform 55
Transform: AffineTransform_float_3_3
Parameters: 0.999869 -0.0075205 0.0143275 0.00758451 0.999961 -0.0043839 -0.0142935 0.00449108 0.999888 -0.327549 -0.0388604 -1.45469
FixedParameters: 0 0 0

#Transform 56
Transform: AffineTransform_float_3_3
Parameters: 0.999908 -0.00630098 0.0119632 0.00638803 0.999954 -0.00725024 -0.0119178 0.00732577 0.999902 -0.383692 0.0951583 -1.27646
FixedParameters: 0 0 0

#Transform 57
Transform: AffineTransform_float_3_3
Parameters: 0.999922 -0.00762485 0.00983984 0.00770414 0.999938 -0.00803082 -0.00977815 0.00810619 0.99992 -0.251871 0.0595663 -1.05788
FixedParameters: 0 0 0

#Transform 58
Transform: AffineTransform_float_3_3
Parameters: 0.99997 -0.00611724 0.00472516 0.00616475 0.999931 -0.00994517 -0.00466383 0.00997483 0.99994 -0.054284 0.235564 -0.738771
FixedParameters: 0 0 0

#Transform 59
Transform: AffineTransform_float_3_3
Parameters: 0.999977 -0.0058556 0.00335591 0.00590441 0.999876 -0.0145995 -0.00327009 0.0146185 0.999888 0.0575999 0.220276 0.156416
FixedParameters: 0 0 0

#Transform 60
Transform: AffineTransform_float_3_3
Parameters: 0.999977 -0.00535434 0.00413607 0.00541266 0.999883 -0.0143039 -0.00405893 0.0143261 0.999889 0.0500446 0.374238 0.0909563
FixedParameters: 0 0 0

#Transform 61
Transform: AffineTransform_float_3_3
Parameters: 0.999978 -0.00543902 0.00393415 0.00550099 0.999858 -0.0159207 -0.00384685 0.0159423 0.999865 0.0540756 0.432043 -0.122348
FixedParameters: 0 0 0

#Transform 62
Transform: AffineTransform_float_3_3
Parameters: 0.999976 -0.00586994 0.00372873 0.00593707 0.999816 -0.0182363 -0.00362127 0.0182577 0.999827 0.0792555 0.515356 -0.0938898
FixedParameters: 0 0 0

#Transform 63
Transform: AffineTransform_float_3_3
Parameters: 0.999974 -0.00591599 0.00409897 0.00599801 0.999776 -0.0202929 -0.00397803 0.0203171 0.999785 0.0838864 0.555393 -0.177207
FixedParameters: 0 0 0

#Transform 64
Transform: AffineTransform_float_3_3
Parameters: 0.999975 -0.00574938 0.00417528 0.00583861 0.999746 -0.0217792 -0.00404873 0.0218028 0.999754 0.0776441 0.618131 -0.251793
FixedParameters: 0 0 0

#Transform 65
Transform: AffineTransform_float_3_3
Parameters: 0.999973 -0.00573256 0.0045712 0.00583444 0.99973 -0.0224959 -0.0044408 0.0225221 0.999737 0.0526613 0.644257 -0.293014
FixedParameters: 0 0 0

#Transform 66
Transform: AffineTransform_float_3_3
Parameters: 0.999969 -0.00630346 0.00469984 0.00641554 0.999683 -0.0243276 -0.00454518 0.0243564 0.999693 0.0771863 0.674831 -0.425747
FixedParameters: 0 0 0

#Transform 67
Transform: AffineTransform_float_3_3
Parameters: 0.999975 -0.00586451 0.00377178 0.00596049 0.999648 -0.0258251 -0.00361921 0.0258469 0.99966 0.134859 0.712332 -0.53533
FixedParameters: 0 0 0

#Transform 68
Transform: AffineTransform_float_3_3
Parameters: 0.999966 -0.00706102 0.00425141 0.00717897 0.99957 -0.0284074 -0.00404859 0.0284366 0.999588 0.0821968 0.763616 -0.664579
FixedParameters: 0 0 0

#Transform 69
Transform: AffineTransform_float_3_3
Parameters: 0.999972 -0.00683327 0.00284801 0.00690372 0.999648 -0.025611 -0.002672 0.02563 0.999668 0.0812787 0.706233 -0.684856
FixedParameters: 0 0 0

#Transform 70
Transform: AffineTransform_float_3_3
Parameters: 0.999964 -0.00760144 0.00359009 0.00764655 0.999888 -0.012851 -0.00349192 0.012878 0.999911 0.110565 0.302769 -1.64239
FixedParameters: 0 0 0

#Transform 71
Transform: AffineTransform_float_3_3
Parameters: 0.999967 -0.00763832 0.00268486 0.00769168 0.999766 -0.020192 -0.00253013 0.020212 0.999792 0.120316 0.517598 -1.57864
FixedParameters: 0 0 0

#Transform 72
Transform: AffineTransform_float_3_3
Parameters: 0.999968 -0.00707907 0.00377584 0.00719294 0.999492 -0.0310659 -0.00355416 0.0310922 0.99951 -0.0917893 0.971746 -1.74246
FixedParameters: 0 0 0

#Transform 73
Transform: AffineTransform_float_3_3
Parameters: 0.999966 -0.00770156 0.00276113 0.00779543 0.999322 -0.0360007 -0.00248188 0.0360213 0.999348 -0.0432575 1.07355 -1.822
FixedParameters: 0 0 0

#Transform 74
Transform: AffineTransform_float_3_3
Parameters: 0.999966 -0.00791427 0.00204889 0.00798773 0.999234 -0.0383259 -0.00174408 0.0383411 0.999263 0.00842428 1.17497 -1.82918
FixedParameters: 0 0 0

#Transform 75
Transform: AffineTransform_float_3_3
Parameters: 0.99996 -0.0087379 0.00162291 0.00879809 0.999091 -0.0417074 -0.00125709 0.0417196 0.999128 0.027202 1.19064 -1.89991
FixedParameters: 0 0 0

#Transform 76
Transform: AffineTransform_float_3_3
Parameters: 0.999947 -0.0101149 0.00198709 0.0101851 0.999179 -0.0391958 -0.0015889 0.0392141 0.999229 -0.0335001 1.08074 -2.1674
FixedParameters: 0 0 0

#Transform 77
Transform: AffineTransform_float_3_3
Parameters: 0.999961 -0.0088714 0.000864517 0.00889563 0.999362 -0.0346017 -0.000557493 0.0346083 0.999401 0.0596997 1.04547 -1.78332
FixedParameters: 0 0 0

#Transform 78
Transform: AffineTransform_float_3_3
Parameters: 0.999977 -0.00648035 -0.00199341 0.00642164 0.999575 -0.0284615 0.00217761 0.0284485 0.999593 0.177806 0.807139 -0.64006
FixedParameters: 0 0 0

#Transform 79
Transform: AffineTransform_float_3_3
Parameters: 0.99998 -0.00625041 -0.00103749 0.0062146 0.999493 -0.0312031 0.00123149 0.0311959 0.999513 0.190811 0.91911 -0.553635
FixedParameters: 0 0 0

#Transform 80
Transform: AffineTransform_float_3_3
Parameters: 0.999976 -0.00687478 -0.000655309 0.00684923 0.999417 -0.0334663 0.000884703 0.0334617 0.999439 0.240569 1.04275 -0.628701
FixedParameters: 0 0 0

#Transform 81
Transform: AffineTransform_float_3_3
Parameters: 0.999975 -0.00677728 -0.0021254 0.00670873 0.999508 -0.030639 0.0023316 0.030624 0.999529 0.282913 0.857719 -0.734454
FixedParameters: 0 0 0

#Transform 82
Transform: AffineTransform_float_3_3
Parameters: 0.999976 -0.00677538 -0.00178813 0.00670862 0.99937 -0.0348318 0.00202286 0.0348191 0.999391 0.272165 1.03576 -1.1874
FixedParameters: 0 0 0

#Transform 83
Transform: AffineTransform_float_3_3
Parameters: 0.999973 -0.00736079 -0.00112999 0.00731522 0.999316 -0.0362433 0.00139602 0.0362347 0.999343 0.237443 1.08225 -1.15922
FixedParameters: 0 0 0

#Transform 84
Transform: AffineTransform_float_3_3
Parameters: 0.999965 -0.00827252 -0.00166926 0.0082025 0.999223 -0.0385661 0.00198676 0.0385509 0.999254 0.293096 1.12175 -1.2864
FixedParameters: 0 0 0

#Transform 85
Transform: AffineTransform_float_3_3
Parameters: 0.999967 -0.00807287 -0.0010987 0.00802111 0.999125 -0.0410342 0.00142931 0.0410238 0.999157 0.265784 1.28653 -1.48737
FixedParameters: 0 0 0

#Transform 86
Transform: AffineTransform_float_3_3
Parameters: 0.999965 -0.00840255 0.00078361 0.00842747 0.999179 -0.0396268 -0.000450371 0.0396322 0.999214 0.123851 1.27584 -2.17783
FixedParameters: 0 0 0

#Transform 87
Transform: AffineTransform_float_3_3
Parameters: 0.999956 -0.00464417 0.00823314 0.00487086 0.999603 -0.0277491 -0.00810187 0.0277879 0.999581 -0.872467 0.833342 -3.44128
FixedParameters: 0 0 0

#Transform 88
Transform: AffineTransform_float_3_3
Parameters: 0.999987 -0.0046342 -0.00181261 0.0046208 0.999964 -0.00721947 0.00184639 0.00721054 0.999973 -0.171928 0.143817 -2.48779
FixedParameters: 0 0 0

#Transform 89
Transform: AffineTransform_float_3_3
Parameters: 0.999953 -0.0097394 -0.000344529 0.0097266 0.999608 -0.0262446 0.000600466 0.0262404 0.999656 -0.203153 0.742797 -3.25296
FixedParameters: 0 0 0

#Transform 90
Transform: AffineTransform_float_3_3
Parameters: 0.999926 -0.011998 0.00190351 0.012054 0.99939 -0.0327845 -0.0015085 0.0328045 0.99946 -0.257598 1.01748 -3.24309
FixedParameters: 0 0 0

#Transform 91
Transform: AffineTransform_float_3_3
Parameters: 0.999849 -0.0165773 0.00530908 0.0167757 0.999063 -0.03988 -0.00464294 0.039963 0.999191 -0.340148 1.21635 -3.34744
FixedParameters: 0 0 0

#Transform 92
Transform: AffineTransform_float_3_3
Parameters: 0.999858 -0.0163657 0.0040319 0.0165183 0.999015 -0.0411792 -0.00335409 0.0412397 0.999143 -0.265987 1.34638 -3.34566
FixedParameters: 0 0 0

#Transform 93
Transform: AffineTransform_float_3_3
Parameters: 0.999855 -0.0166052 0.00380893 0.0167548 0.998917 -0.0434085 -0.00308408 0.0434655 0.99905 -0.263747 1.36177 -3.37067
FixedParameters: 0 0 0

#Transform 94
Transform: AffineTransform_float_3_3
Parameters: 0.999846 -0.0169529 0.00449925 0.017129 0.998949 -0.0425015 -0.00377376 0.0425715 0.999087 -0.30264 1.3582 -3.36496
FixedParameters: 0 0 0

#Transform 95
Transform: AffineTransform_float_3_3
Parameters: 0.999843 -0.0170691 0.00488614 0.0172699 0.998858 -0.0445577 -0.00411988 0.0446344 0.998995 -0.290897 1.39154 -3.28422
FixedParameters: 0 0 0

#Transform 96
Transform: AffineTransform_float_3_3
Parameters: 0.999833 -0.0177116 0.00466052 0.0179074 0.998786 -0.0458943 -0.00384247 0.0459698 0.998936 -0.279831 1.44046 -3.2168
FixedParameters: 0 0 0

#Transform 97
Transform: AffineTransform_float_3_3
Parameters: 0.999842 -0.017436 0.00344938 0.017578 0.998758 -0.0466328 -0.00263164 0.0466853 0.998906 -0.244825 1.47493 -3.16739
FixedParameters: 0 0 0

#Transform 98
Transform: AffineTransform_float_3_3
Parameters: 0.999828 -0.0180899 0.00423555 0.0182771 0.998615 -0.0493471 -0.00333643 0.0494169 0.998772 -0.315325 1.57241 -3.1523
FixedParameters: 0 0 0

#Transform 99
Transform: AffineTransform_float_3_3
Parameters: 0.999804 -0.019124 0.00525551 0.019367 0.998515 -0.0509152 -0.0042735 0.0510068 0.998689 -0.336188 1.59325 -3.17348
FixedParameters: 0 0 0

#Transform 100
Transform: AffineTransform_float_3_3
Parameters: 0.999839 -0.0173865 0.00448355 0.0175865 0.998623 -0.0494281 -0.00361847 0.0494989 0.998767 -0.30305 1.55738 -3.30741
FixedParameters: 0 0 0

#Transform 101
Transform: AffineTransform_float_3_3
Parameters: 0.999857 -0.0161705 0.00484346 0.0163895 0.99866 -0.0490996 -0.00404351 0.0491724 0.998782 -0.32728 1.52868 -3.23509
FixedParameters: 0 0 0

#Transform 102
Transform: AffineTransform_float_3_3
Parameters: 0.999844 -0.0172889 0.00344892 0.0174431 0.998534 -0.0512388 -0.00255807 0.0512912 0.998681 -0.259826 1.5946 -3.18229
FixedParameters: 0 0 0

#Transform 103
Transform: AffineTransform_float_3_3
Parameters: 0.999845 -0.0173134 0.00297473 0.0174427 0.998537 -0.051196 -0.00208429 0.05124 0.998684 -0.23611 1.62464 -3.13882
FixedParameters: 0 0 0

#Transform 104
Transform: AffineTransform_float_3_3
Parameters: 0.999845 -0.017283 0.00351838 0.017443 0.998487 -0.0521357 -0.00261161 0.0521892 0.998634 -0.241286 1.61946 -3.13807
FixedParameters: 0 0 0

#Transform 105
Transform: AffineTransform_float_3_3
Parameters: 0.999853 -0.0168766 0.00296387 0.0170104 0.99845 -0.0529894 -0.00206511 0.0530316 0.99859 -0.212371 1.6546 -3.09167
FixedParameters: 0 0 0

#Transform 106
Transform: AffineTransform_float_3_3
Parameters: 0.999831 -0.0179371 0.00385561 0.01811 0.998543 -0.0508438 -0.00293839 0.0509053 0.998699 -0.227871 1.53536 -3.18778
FixedParameters: 0 0 0

#Transform 107
Transform: AffineTransform_float_3_3
Parameters: 0.999831 -0.0179226 0.00413757 0.0181093 0.998541 -0.0508597 -0.00321945 0.0509263 0.998697 -0.139424 1.5236 -2.89478
FixedParameters: 0 0 0

#Transform 108
Transform: AffineTransform_float_3_3
Parameters: 0.999815 -0.0187419 0.00416452 0.0189331 0.998471 -0.0519237 -0.00318547 0.0519933 0.998643 -0.2125 1.68807 -2.9235
FixedParameters: 0 0 0

#Transform 109
Transform: AffineTransform_float_3_3
Parameters: 0.999842 -0.0174962 0.00335068 0.0176448 0.99853 -0.051254 -0.00244834 0.051305 0.99868 -0.189964 1.66195 -2.94413
FixedParameters: 0 0 0

#Transform 110
Transform: AffineTransform_float_3_3
Parameters: 0.999845 -0.0174968 0.00229015 0.0175902 0.998539 -0.0510836 -0.00139289 0.0511163 0.998691 -0.129785 1.65456 -2.93632
FixedParameters: 0 0 0

#Transform 111
Transform: AffineTransform_float_3_3
Parameters: 0.999851 -0.0171954 0.00191236 0.0172705 0.998529 -0.0513827 -0.00102566 0.0514083 0.998677 -0.139637 1.64839 -2.95782
FixedParameters: 0 0 0

#Transform 112
Transform: AffineTransform_float_3_3
Parameters: 0.999857 -0.0169078 0.00060275 0.0169161 0.998449 -0.0530414 0.000295751 0.0530436 0.998592 -0.0786061 1.65065 -3.40605
FixedParameters: 0 0 0

#Transform 113
Transform: AffineTransform_float_3_3
Parameters: 0.999871 -0.0160292 -0.00083917 0.0159578 0.998332 -0.0554755 0.00172683 0.0554554 0.998459 -0.0613205 1.79337 -3.39339
FixedParameters: 0 0 0

#Transform 114
Transform: AffineTransform_float_3_3
Parameters: 0.999873 -0.0157532 -0.00215044 0.0156118 0.998379 -0.0547215 0.00300855 0.0546815 0.9985 -0.0397061 1.79327 -3.28733
FixedParameters: 0 0 0

#Transform 115
Transform: AffineTransform_float_3_3
Parameters: 0.999827 -0.0185842 0.000796664 0.0186008 0.998665 -0.0481915 9.96641e-05 0.0481985 0.998838 -0.0821392 1.51009 -3.50351
FixedParameters: 0 0 0

#Transform 116
Transform: AffineTransform_float_3_3
Parameters: 0.999714 -0.0231422 -0.00592414 0.0229407 0.999224 -0.0320391 0.00666184 0.0318939 0.999469 0.0955983 1.00392 -3.74256
FixedParameters: 0 0 0

#Transform 117
Transform: AffineTransform_float_3_3
Parameters: 0.999839 -0.0173384 -0.00476117 0.0171776 0.999343 -0.0318919 0.0053108 0.0318041 0.99948 0.117532 1.06515 -3.56521
FixedParameters: 0 0 0

#Transform 118
Transform: AffineTransform_float_3_3
Parameters: 0.999875 -0.011489 -0.0108026 0.010995 0.998938 -0.0447293 0.0113044 0.0446046 0.99894 0.392981 1.50077 -2.00439
FixedParameters: 0 0 0

#Transform 119
Transform: AffineTransform_float_3_3
Parameters: 0.999893 -0.00945545 -0.011151 0.00892155 0.998853 -0.0470415 0.011583 0.0469365 0.99883 0.452913 1.56476 -1.66119
FixedParameters: 0 0 0

#Transform 120
Transform: AffineTransform_float_3_3
Parameters: 0.999898 -0.00912723 -0.010998 0.00858776 0.998804 -0.0481184 0.011424 0.0480186 0.998781 0.45191 1.55333 -1.67244
FixedParameters: 0 0 0

#Transform 121
Transform: AffineTransform_float_3_3
Parameters: 0.999891 -0.00914032 -0.0116557 0.00853467 0.998664 -0.0509661 0.0121063 0.0508609 0.998633 0.453179 1.64606 -1.66947
FixedParameters: 0 0 0

#Transform 122
Transform: AffineTransform_float_3_3
Parameters: 0.999918 -0.010793 -0.00691736 0.01038 0.998309 -0.0571975 0.00752263 0.0571205 0.998339 0.208834 1.82552 -2.10204
FixedParameters: 0 0 0

#Transform 123
Transform: AffineTransform_float_3_3
Parameters: 0.999905 -0.012574 -0.00567055 0.012211 0.99812 -0.0600529 0.00641545 0.059978 0.998179 0.142955 1.88959 -2.34371
FixedParameters: 0 0 0

#Transform 124
Transform: AffineTransform_float_3_3
Parameters: 0.99989 -0.0135264 -0.00597001 0.0132235 0.998755 -0.0480852 0.00661297 0.0480008 0.998826 0.189227 1.6125 -2.58307
FixedParameters: 0 0 0

#Transform 125
Transform: AffineTransform_float_3_3
Parameters: 0.99994 -0.0103966 -0.00324062 0.0102444 0.998991 -0.0437308 0.00369235 0.0436942 0.999038 0.115113 1.3615 -2.66299
FixedParameters: 0 0 0

#Transform 126
Transform: AffineTransform_float_3_3
Parameters: 0.999908 -0.0117974 -0.0065881 0.0114376 0.998573 -0.0521551 0.00719387 0.0520749 0.998618 0.238611 1.65524 -2.60147
FixedParameters: 0 0 0

#Transform 127
Transform: AffineTransform_float_3_3
Parameters: 0.999907 -0.0119177 -0.00663029 0.0116253 0.999027 -0.0425561 0.00713074 0.042476 0.999072 0.180412 1.45909 -3.16486
FixedParameters: 0 0 0

#Transform 128
Transform: AffineTransform_float_3_3
Parameters: 0.999879 -0.0147131 -0.00519342 0.0144339 0.998634 -0.0502051 0.00592558 0.0501239 0.998726 0.24243 1.49743 -3.19431
FixedParameters: 0 0 0

#Transform 129
Transform: AffineTransform_float_3_3
Parameters: 0.999863 -0.0148109 -0.00738426 0.0144151 0.998592 -0.0510524 0.00812973 0.0509385 0.998668 0.3521 1.44799 -2.97442
FixedParameters: 0 0 0

#Transform 130
Transform: AffineTransform_float_3_3
Parameters: 0.999893 -0.0136794 -0.00520629 0.0133946 0.998588 -0.0513952 0.00590173 0.0513197 0.998665 0.241539 1.49044 -3.02836
FixedParameters: 0 0 0

#Transform 131
Transform: AffineTransform_float_3_3
Parameters: 0.999895 -0.0142575 -0.00263473 0.0141305 0.99896 -0.0433458 0.00324929 0.0433042 0.999056 0.170306 1.3403 -2.81013
FixedParameters: 0 0 0

#Transform 132
Transform: AffineTransform_float_3_3
Parameters: 0.999864 -0.00282707 0.016241 0.00345093 0.999252 -0.0385182 -0.01612 0.0385688 0.999126 -0.741176 1.49599 4.16082
FixedParameters: 0 0 0

#Transform 133
Transform: AffineTransform_float_3_3
Parameters: 0.999847 -0.00193616 -0.0173961 0.000998795 0.998555 -0.0537196 0.0174759 0.0536944 0.998405 0.617043 1.85247 4.50105
FixedParameters: 0 0 0

#Transform 134
Transform: AffineTransform_float_3_3
Parameters: 0.999803 -0.00583055 -0.0189732 0.00438646 0.997154 -0.075255 0.0193577 0.0751569 0.996984 0.700141 2.21262 3.07204
FixedParameters: 0 0 0

#Transform 135
Transform: AffineTransform_float_3_3
Parameters: 0.999805 -0.00611407 -0.0187991 0.00457795 0.996729 -0.0806928 0.0192309 0.0805912 0.996561 0.712314 2.47573 2.70481
FixedParameters: 0 0 0

#Transform 136
Transform: AffineTransform_float_3_3
Parameters: 0.999749 -0.00930316 -0.0204114 0.00765187 0.996803 -0.0795312 0.0210856 0.0793548 0.996624 0.718386 2.37293 2.31085
FixedParameters: 0 0 0

#Transform 137
Transform: AffineTransform_float_3_3
Parameters: 0.999479 -0.0178688 -0.0269034 0.0160292 0.997619 -0.0670792 0.0280375 0.0666127 0.997385 0.805481 1.7888 0.70973
FixedParameters: 0 0 0

#Transform 138
Transform: AffineTransform_float_3_3
Parameters: 0.99972 -0.0141 -0.0190312 0.012523 0.99667 -0.08058 0.0201048 0.0803191 0.996567 0.506874 2.34498 0.948234
FixedParameters: 0 0 0

#Transform 139
Transform: AffineTransform_float_3_3
Parameters: 0.999734 -0.0129001 -0.019082 0.0112339 0.99632 -0.0849799 0.020108 0.0847431 0.9962 0.51985 2.44798 0.956439
FixedParameters: 0 0 0

#Transform 140
Transform: AffineTransform_float_3_3
Parameters: 0.999716 -0.0130489 -0.0199394 0.0112331 0.996002 -0.0886141 0.0210156 0.0883659 0.995867 0.563993 2.51654 0.932265
FixedParameters: 0 0 0

#Transform 141
Transform: AffineTransform_float_3_3
Parameters: 0.999676 -0.0145204 -0.0209163 0.0125667 0.995801 -0.0906693 0.0221447 0.0903778 0.995662 0.610786 2.53493 0.896286
FixedParameters: 0 0 0

#Transform 142
Transform: AffineTransform_float_3_3
Parameters: 0.999652 -0.0137246 -0.0224972 0.0116193 0.995769 -0.0911471 0.0236537 0.0908539 0.995584 0.635421 2.57549 0.828261
FixedParameters: 0 0 0

#Transform 143
Transform: AffineTransform_float_3_3
Parameters: 0.999686 -0.0123106 -0.02183 0.0103294 0.996012 -0.0886273 0.0228339 0.0883737 0.995825 0.586853 2.49657 0.786044
FixedParameters: 0 0 0

#Transform 144
Transform: AffineTransform_float_3_3
Parameters: 0.999668 -0.0134805 -0.0219641 0.0114165 0.995739 -0.0915052 0.0231039 0.0912249 0.995563 0.60591 2.55687 0.823715
FixedParameters: 0 0 0

#Transform 145
Transform: AffineTransform_float_3_3
Parameters: 0.999672 -0.0138996 -0.0215169 0.0118603 0.995672 -0.0921775 0.0227051 0.0918916 0.99551 0.604598 2.49287 0.872636
FixedParameters: 0 0 0

#Transform 146
Transform: AffineTransform_float_3_3
Parameters: 0.999679 -0.0138726 -0.0211738 0.0118723 0.995702 -0.0918498 0.0223572 0.0915692 0.995547 0.568775 2.59533 0.932306
FixedParameters: 0 0 0

#Transform 147
Transform: AffineTransform_float_3_3
Parameters: 0.999696 -0.0158867 -0.0188246 0.0140293 0.995377 -0.0950089 0.0202474 0.0947161 0.995299 0.521585 2.60914 0.55843
FixedParameters: 0 0 0

#Transform 148
Transform: AffineTransform_float_3_3
Parameters: 0.999672 -0.0157459 -0.0201942 0.0137401 0.995298 -0.095886 0.0216089 0.0955772 0.995188 0.589534 2.6834 0.596444
FixedParameters: 0 0 0

#Transform 149
Transform: AffineTransform_float_3_3
Parameters: 0.999699 -0.0137015 -0.0203416 0.0117695 0.99567 -0.0922111 0.0215163 0.0919448 0.995531 0.663642 2.52262 0.559788
FixedParameters: 0 0 0

#Transform 150
Transform: AffineTransform_float_3_3
Parameters: 0.99965 -0.0148884 -0.0218438 0.0128006 0.995606 -0.0927691 0.0231291 0.092457 0.995448 0.75293 2.52239 0.497674
FixedParameters: 0 0 0

#Transform 151
Transform: AffineTransform_float_3_3
Parameters: 0.999651 -0.0109873 -0.0240524 0.00887359 0.996228 -0.0863126 0.0249107 0.0860683 0.995977 1.0169 2.23471 0.0361744
FixedParameters: 0 0 0

#Transform 152
Transform: AffineTransform_float_3_3
Parameters: 0.999559 -0.0132903 -0.0265822 0.0112567 0.997102 -0.0752294 0.0275048 0.0748975 0.996812 1.0209 1.881 -0.777001
FixedParameters: 0 0 0

#Transform 153
Transform: AffineTransform_float_3_3
Parameters: 0.999373 -0.0176923 -0.0306497 0.0148847 0.995874 -0.0895153 0.0321072 0.0890027 0.995513 0.90692 2.33444 -1.06101
FixedParameters: 0 0 0

#Transform 154
Transform: AffineTransform_float_3_3
Parameters: 0.999381 -0.0163282 -0.0311638 0.0132568 0.995261 -0.0963297 0.0325892 0.0958572 0.994861 0.916315 2.62688 -0.744143
FixedParameters: 0 0 0

#Transform 155
Transform: AffineTransform_float_3_3
Parameters: 0.999455 -0.0162859 -0.0287102 0.013922 0.996642 -0.0806967 0.0299288 0.0802534 0.996325 0.895465 2.36045 -0.555736
FixedParameters: 0 0 0

#Transform 156
Transform: AffineTransform_float_3_3
Parameters: 0.999308 -0.00852888 -0.0362163 0.00610917 0.997773 -0.0664092 0.0367018 0.0661428 0.997135 1.15851 1.90611 -1.27986
FixedParameters: 0 0 0

#Transform 157
Transform: AffineTransform_float_3_3
Parameters: 0.999476 -0.0159691 -0.0281774 0.013725 0.99685 -0.0781117 0.0293356 0.0776843 0.996547 0.920785 2.34968 -2.84573
FixedParameters: 0 0 0

#Transform 158
Transform: AffineTransform_float_3_3
Parameters: 0.999495 -0.0207868 -0.0240425 0.0186852 0.996242 -0.0845659 0.0257095 0.084074 0.996128 0.830218 2.28513 -2.01725
FixedParameters: 0 0 0

#Transform 159
Transform: AffineTransform_float_3_3
Parameters: 0.999526 -0.02315 -0.020267 0.021185 0.995505 -0.0923161 0.022313 0.091843 0.995524 0.595733 2.70449 -1.90476
FixedParameters: 0 0 0
