# transform file /out/sourcedata/freesurfer/sub-v2s1x29871_ses-1/mri/transforms/cc_up.lta
# created by oesteban on Wed Mar 11 20:19:56 2026

type      = 0 # LINEAR_VOX_TO_VOX
nxforms   = 1
mean      = 127.0000 135.0000 128.0000
sigma     = 10000.0000
1 4 4
9.994231462478638e-01 1.359745394438505e-02 3.111814521253109e-02 -3.349099159240723e+00 
-1.359086669981480e-02 9.999075531959534e-01 -4.231666971463710e-04 1.478914165496826e+01 
-3.112102299928665e-02 2.910382698728675e-11 9.995155334472656e-01 8.012434005737305e+00 
0.000000000000000e+00 0.000000000000000e+00 0.000000000000000e+00 1.000000000000000e+00 
src volume info
valid = 1  # volume info valid
filename = /out/sourcedata/freesurfer/sub-v2s1x29871_ses-1/mri/norm.mgz
volume = 256 256 256
voxelsize = 8.999999165534973e-01 8.999999165534973e-01 8.999999165534973e-01
xras   = -1.000000000000000e+00 0.000000000000000e+00 0.000000000000000e+00
yras   = 0.000000000000000e+00 0.000000000000000e+00 -1.000000119209290e+00
zras   = 0.000000000000000e+00 1.000000000000000e+00 0.000000000000000e+00
cras   = -3.652601623535156e+01 -2.545951843261719e+00 1.770423126220703e+01
dst volume info
valid = 1  # volume info valid
filename = /out/sourcedata/freesurfer/sub-v2s1x29871_ses-1/mri/norm.mgz
volume = 256 256 256
voxelsize = 8.999999165534973e-01 8.999999165534973e-01 8.999999165534973e-01
xras   = -1.000000000000000e+00 0.000000000000000e+00 0.000000000000000e+00
yras   = 0.000000000000000e+00 0.000000000000000e+00 -1.000000119209290e+00
zras   = 0.000000000000000e+00 1.000000000000000e+00 0.000000000000000e+00
cras   = -3.652601623535156e+01 -2.545951843261719e+00 1.770423126220703e+01
