# transform file /out/sourcedata/freesurfer/sub-v2s1x29908_ses-1/mri/transforms/cc_up.lta
# created by oesteban on Thu Mar 12 21:38:47 2026

type      = 0 # LINEAR_VOX_TO_VOX
nxforms   = 1
mean      = 130.0000 131.0000 113.0000
sigma     = 10000.0000
1 4 4
9.985562562942505e-01 3.215801343321800e-02 4.302594065666199e-02 -9.438182830810547e+00 
-3.212820366024971e-02 9.994827508926392e-01 -1.384344650432467e-03 1.536147594451904e+01 
-4.304820671677589e-02 -1.164153218269348e-10 9.990730285644531e-01 2.065795898437500e+01 
0.000000000000000e+00 0.000000000000000e+00 0.000000000000000e+00 1.000000000000000e+00 
src volume info
valid = 1  # volume info valid
filename = /out/sourcedata/freesurfer/sub-v2s1x29908_ses-1/mri/norm.mgz
volume = 256 256 256
voxelsize = 8.999999165534973e-01 8.999999165534973e-01 8.999999165534973e-01
xras   = -9.999999403953552e-01 0.000000000000000e+00 0.000000000000000e+00
yras   = 0.000000000000000e+00 0.000000000000000e+00 -1.000000000000000e+00
zras   = 0.000000000000000e+00 9.999999403953552e-01 0.000000000000000e+00
cras   = 1.164646911621094e+01 3.671588134765625e+01 1.486690521240234e+01
dst volume info
valid = 1  # volume info valid
filename = /out/sourcedata/freesurfer/sub-v2s1x29908_ses-1/mri/norm.mgz
volume = 256 256 256
voxelsize = 8.999999165534973e-01 8.999999165534973e-01 8.999999165534973e-01
xras   = -9.999999403953552e-01 0.000000000000000e+00 0.000000000000000e+00
yras   = 0.000000000000000e+00 0.000000000000000e+00 -1.000000000000000e+00
zras   = 0.000000000000000e+00 9.999999403953552e-01 0.000000000000000e+00
cras   = 1.164646911621094e+01 3.671588134765625e+01 1.486690521240234e+01
