#Insight Transform File V1.0
#Transform 0
Transform: AffineTransform_float_3_3
Parameters: 0.999995 -0.00290149 -0.00117195 0.00293351 0.999582 0.0287637 0.00108807 -0.0287673 0.999585 0.0551693 -1.30262 0.170897
FixedParameters: 0 0 0

#Transform 1
Transform: AffineTransform_float_3_3
Parameters: 0.999998 -0.00186918 -0.00125187 0.00190082 0.999663 0.0259167 0.00120314 -0.0259193 0.999664 0.0805342 -0.985127 0.0794529
FixedParameters: 0 0 0

#Transform 2
Transform: AffineTransform_float_3_3
Parameters: 0.999999 -0.000826821 -0.000266955 0.000833179 0.99971 0.0240408 0.000247042 -0.0240402 0.999711 -0.00733155 -0.870602 0.0289394
FixedParameters: 0 0 0

#Transform 3
Transform: AffineTransform_float_3_3
Parameters: 0.999999 -0.00138631 0.000227724 0.00138068 0.999759 0.0218783 -0.000258269 -0.0218786 0.99976 -0.0490534 -0.784474 0.0090935
FixedParameters: 0 0 0

#Transform 4
Transform: AffineTransform_float_3_3
Parameters: 1 -0.00110962 5.88179e-05 0.00110737 0.999741 0.0227081 -8.4168e-05 -0.0227079 0.999742 -0.0234525 -0.800001 0.0230266
FixedParameters: 0 0 0

#Transform 5
Transform: AffineTransform_float_3_3
Parameters: 1 -0.00119542 0.000100511 0.00119259 0.999771 0.0213411 -0.00012548 -0.0213409 0.999772 -0.0174017 -0.727182 0.0694018
FixedParameters: 0 0 0

#Transform 6
Transform: AffineTransform_float_3_3
Parameters: 0.999999 -0.000757612 0.000305066 0.000750388 0.999776 0.0211222 -0.000320921 -0.0211218 0.999777 -0.0287007 -0.701162 0.0648803
FixedParameters: 0 0 0

#Transform 7
Transform: AffineTransform_float_3_3
Parameters: 1 -0.000370081 0.000448452 0.00036191 0.99984 0.0178862 -0.000455546 -0.0178868 0.99984 -0.0520587 -0.572536 0.0395972
FixedParameters: 0 0 0

#Transform 8
Transform: AffineTransform_float_3_3
Parameters: 0.999999 -0.00106514 0.000696248 0.00105386 0.999875 0.0158098 -0.000712749 -0.0158083 0.999875 -0.0570425 -0.468982 0.057257
FixedParameters: 0 0 0

#Transform 9
Transform: AffineTransform_float_3_3
Parameters: 0.999999 -0.000585291 0.000769278 0.000575712 0.999911 0.0133105 -0.000776731 -0.0133096 0.999911 -0.0487494 -0.407506 0.0993819
FixedParameters: 0 0 0

#Transform 10
Transform: AffineTransform_float_3_3
Parameters: 0.999999 0.000104803 0.00133574 -0.000125202 0.999885 0.0151298 -0.00133426 -0.0151291 0.999884 -0.0629548 -0.523958 0.0454143
FixedParameters: 0 0 0

#Transform 11
Transform: AffineTransform_float_3_3
Parameters: 0.999999 0.000298941 0.00147742 -0.000320052 0.999898 0.0142735 -0.00147258 -0.0142745 0.999897 -0.0662238 -0.527987 0.013008
FixedParameters: 0 0 0

#Transform 12
Transform: AffineTransform_float_3_3
Parameters: 0.999999 9.53232e-05 0.00123041 -0.000111671 0.999908 0.0135609 -0.0012286 -0.0135611 0.999908 -0.0579555 -0.498029 0.0080437
FixedParameters: 0 0 0

#Transform 13
Transform: AffineTransform_float_3_3
Parameters: 0.999999 0.000146011 0.00142496 -0.000163989 0.99992 0.0126318 -0.00142304 -0.0126322 0.999919 -0.0566128 -0.474 0.0275261
FixedParameters: 0 0 0

#Transform 14
Transform: AffineTransform_float_3_3
Parameters: 0.999998 0.000559839 0.0015071 -0.00057616 0.999942 0.0107441 -0.0015009 -0.0107449 0.999941 -0.0622693 -0.389453 0.0668559
FixedParameters: 0 0 0

#Transform 15
Transform: AffineTransform_float_3_3
Parameters: 0.999998 0.000614486 0.00191405 -0.000629515 0.999967 0.00811581 -0.00190895 -0.00811619 0.999965 -0.0820519 -0.319052 0.0272135
FixedParameters: 0 0 0

#Transform 16
Transform: AffineTransform_float_3_3
Parameters: 0.999999 -0.000648793 0.000800136 0.000644201 0.999982 0.00597652 -0.000804863 -0.00597548 0.999982 -0.0192787 -0.300553 0.0292366
FixedParameters: 0 0 0

#Transform 17
Transform: AffineTransform_float_3_3
Parameters: 0.999999 -7.28515e-05 0.00138566 6.61516e-05 0.999988 0.00494409 -0.00138534 -0.0049439 0.999987 -0.0486411 -0.266906 -0.00992528
FixedParameters: 0 0 0

#Transform 18
Transform: AffineTransform_float_3_3
Parameters: 1 -6.62939e-05 6.26907e-05 6.67094e-05 0.999989 0.004676 -6.23126e-05 -0.004676 0.999989 -0.00810204 -0.212092 0.00124473
FixedParameters: 0 0 0

#Transform 19
Transform: AffineTransform_float_3_3
Parameters: 1 0.000376098 -0.000124705 -0.000375902 0.999999 0.000785046 0.000125295 -0.000784952 0.999999 -0.00467729 -0.0368157 0.059374
FixedParameters: 0 0 0

#Transform 20
Transform: AffineTransform_float_3_3
Parameters: 1 0.000260759 0.00109806 -0.000261241 1 0.000219713 -0.00109794 -0.000219287 1 -0.0429119 0.00491768 0.0306102
FixedParameters: 0 0 0

#Transform 21
Transform: AffineTransform_float_3_3
Parameters: 1 -2.47415e-05 -0.000251928 2.42582e-05 0.999995 -0.002943 0.000252072 0.00294299 0.999995 0.018773 0.151037 -0.0638482
FixedParameters: 0 0 0

#Transform 22
Transform: AffineTransform_float_3_3
Parameters: 1 -0.000907919 -0.000787506 0.00090408 0.999988 -0.00496172 0.000792496 0.00496129 0.999988 0.0517935 0.257132 -0.0565109
FixedParameters: 0 0 0

#Transform 23
Transform: AffineTransform_float_3_3
Parameters: 1 0.00014497 -0.000264567 -0.000146027 0.999993 -0.00389596 0.000263433 0.00389604 0.999993 0.0109421 0.106333 -0.0181095
FixedParameters: 0 0 0

#Transform 24
Transform: AffineTransform_float_3_3
Parameters: 1 0.000516189 -0.00037749 -0.000518809 0.999989 -0.00481481 0.000374507 0.0048142 0.999989 0.0244391 0.20966 0.000386734
FixedParameters: 0 0 0

#Transform 25
Transform: AffineTransform_float_3_3
Parameters: 1 0.000425284 -0.00013134 -0.000425714 0.999985 -0.00549794 0.000128661 0.00549805 0.999985 0.0183915 0.264523 -0.0057148
FixedParameters: 0 0 0

#Transform 26
Transform: AffineTransform_float_3_3
Parameters: 1 0.000724479 -0.000971895 -0.000730522 0.999977 -0.0067263 0.000967108 0.00672671 0.999977 0.0336791 0.346994 0.00831587
FixedParameters: 0 0 0

#Transform 27
Transform: AffineTransform_float_3_3
Parameters: 1 0.000854151 -0.00087077 -0.000861851 0.999958 -0.00905425 0.000863232 0.00905474 0.999958 0.0115047 0.457811 -0.0189297
FixedParameters: 0 0 0

#Transform 28
Transform: AffineTransform_float_3_3
Parameters: 0.999998 0.000960377 -0.00126459 -0.000968619 0.999976 -0.00683578 0.00125741 0.00683722 0.999976 0.0147894 0.321578 -0.00662031
FixedParameters: 0 0 0

#Transform 29
Transform: AffineTransform_float_3_3
Parameters: 0.999998 0.00119866 -0.00163188 -0.00121134 0.999965 -0.00819904 0.00162212 0.00820096 0.999965 0.0405135 0.39626 -0.0261167
FixedParameters: 0 0 0

#Transform 30
Transform: AffineTransform_float_3_3
Parameters: 0.999998 0.00172522 -0.00156707 -0.00173678 0.99997 -0.0075473 0.00155394 0.0075497 0.999971 0.0462256 0.367585 -0.0125151
FixedParameters: 0 0 0

#Transform 31
Transform: AffineTransform_float_3_3
Parameters: 0.999997 0.00214607 -0.00129626 -0.00215692 0.999961 -0.00848723 0.00127774 0.00848977 0.999963 0.041311 0.4354 0.0425432
FixedParameters: 0 0 0

#Transform 32
Transform: AffineTransform_float_3_3
Parameters: 0.999996 0.00172243 -0.00191007 -0.00173956 0.99996 -0.00870571 0.00189493 0.00870829 0.999961 0.0468537 0.47039 0.015127
FixedParameters: 0 0 0

#Transform 33
Transform: AffineTransform_float_3_3
Parameters: 0.999996 0.00197303 -0.00212076 -0.00199297 0.999954 -0.00945682 0.00210224 0.00946119 0.999953 0.0551558 0.504472 0.0493356
FixedParameters: 0 0 0

#Transform 34
Transform: AffineTransform_float_3_3
Parameters: 0.999997 0.00122764 -0.00220019 -0.00125035 0.999942 -0.0106453 0.00218681 0.0106477 0.999941 0.0607671 0.453979 -0.00451122
FixedParameters: 0 0 0

#Transform 35
Transform: AffineTransform_float_3_3
Parameters: 0.999999 0.000435896 -0.00118253 -0.000447109 0.999948 -0.0102545 0.00117848 0.0102555 0.999946 0.0500554 0.354568 -0.126357
FixedParameters: 0 0 0

#Transform 36
Transform: AffineTransform_float_3_3
Parameters: 0.999999 0.000499159 -0.000621555 -0.000505834 0.999939 -0.0110537 0.000615446 0.0110543 0.999938 0.02031 0.368201 -0.112333
FixedParameters: 0 0 0

#Transform 37
Transform: AffineTransform_float_3_3
Parameters: 0.999999 0.000390274 -0.00128875 -0.000395727 0.99999 -0.0044455 0.00128725 0.00444651 0.99999 0.0478062 0.191095 -0.127544
FixedParameters: 0 0 0

#Transform 38
Transform: AffineTransform_float_3_3
Parameters: 0.999991 0.00128992 -0.00391623 -0.00126307 0.999975 0.006869 0.00392576 -0.00686399 0.999968 0.114953 -0.227613 -0.207625
FixedParameters: 0 0 0

#Transform 39
Transform: AffineTransform_float_3_3
Parameters: 0.999996 0.000343045 -0.00283335 -0.000353958 0.999993 -0.00386701 0.00283265 0.00386799 0.999988 0.0394776 0.136035 -1.0506
FixedParameters: 0 0 0

#Transform 40
Transform: AffineTransform_float_3_3
Parameters: 0.999997 0.00183052 -0.00194596 -0.00184048 0.999987 -0.00488044 0.00193704 0.00488357 0.999986 -0.0371604 0.199185 -1.71005
FixedParameters: 0 0 0

#Transform 41
Transform: AffineTransform_float_3_3
Parameters: 0.999996 0.00205508 0.00205207 -0.00203592 0.999955 -0.00925822 -0.00207093 0.00925378 0.999955 -0.0602114 0.37165 -1.96594
FixedParameters: 0 0 0

#Transform 42
Transform: AffineTransform_float_3_3
Parameters: 0.999961 0.00829883 0.00322956 -0.00825518 0.999876 -0.0133562 -0.00333944 0.0133288 0.999905 -0.0571683 0.581919 -0.993025
FixedParameters: 0 0 0

#Transform 43
Transform: AffineTransform_float_3_3
Parameters: 0.999996 0.0022908 -0.00178367 -0.00235522 0.999318 -0.036867 0.00169832 0.036871 0.999318 0.138336 2.94443 0.661538
FixedParameters: 0 0 0

#Transform 44
Transform: AffineTransform_float_3_3
Parameters: 0.999996 0.00156379 -0.00232507 -0.00159921 0.999883 -0.0152183 0.00230093 0.0152227 0.999882 0.056736 0.415315 -1.06636
FixedParameters: 0 0 0

#Transform 45
Transform: AffineTransform_float_3_3
Parameters: 0.999984 0.00277912 -0.00503805 -0.00292788 0.999552 -0.0297888 0.00495296 0.0298033 0.999544 0.0637106 1.21273 -0.372759
FixedParameters: 0 0 0

#Transform 46
Transform: AffineTransform_float_3_3
Parameters: 0.999987 0.00259746 -0.00438044 -0.00273756 0.999471 -0.0323894 0.00429457 0.0324006 0.999465 0.0500207 1.36006 -0.416944
FixedParameters: 0 0 0

#Transform 47
Transform: AffineTransform_float_3_3
Parameters: 0.999987 0.00230339 -0.00459687 -0.00245962 0.999407 -0.0343592 0.00451514 0.0343699 0.999399 0.0605522 1.47398 -0.446996
FixedParameters: 0 0 0

#Transform 48
Transform: AffineTransform_float_3_3
Parameters: 0.999981 0.00319081 -0.00523809 -0.0033742 0.99937 -0.035346 0.00512191 0.035363 0.999362 0.0807479 1.53234 -0.384914
FixedParameters: 0 0 0

#Transform 49
Transform: AffineTransform_float_3_3
Parameters: 0.999979 0.00379084 -0.00527672 -0.00398117 0.999319 -0.0367008 0.00513431 0.0367213 0.999313 0.0812378 1.61659 -0.369172
FixedParameters: 0 0 0

#Transform 50
Transform: AffineTransform_float_3_3
Parameters: 0.999976 0.00352871 -0.0058422 -0.00372228 0.999435 -0.033411 0.00572079 0.0334319 0.999424 0.104067 1.47601 -0.336606
FixedParameters: 0 0 0

#Transform 51
Transform: AffineTransform_float_3_3
Parameters: 0.999977 0.00374452 -0.00578248 -0.0039435 0.99939 -0.034704 0.00564951 0.034726 0.999381 0.10568 1.51577 -0.338261
FixedParameters: 0 0 0

#Transform 52
Transform: AffineTransform_float_3_3
Parameters: 0.999981 0.00307686 -0.0053434 -0.00324412 0.99949 -0.0317482 0.00524262 0.0317647 0.999481 0.0883939 1.45864 -0.337671
FixedParameters: 0 0 0

#Transform 53
Transform: AffineTransform_float_3_3
Parameters: 0.999986 0.0033786 -0.00388923 -0.00350842 0.999415 -0.0340238 0.00377279 0.0340372 0.999414 0.0393829 1.5986 -0.308576
FixedParameters: 0 0 0

#Transform 54
Transform: AffineTransform_float_3_3
Parameters: 0.999981 0.00314944 -0.00527543 -0.00331455 0.999493 -0.0316741 0.00517259 0.0316909 0.999485 0.0900744 1.49303 -0.315104
FixedParameters: 0 0 0

#Transform 55
Transform: AffineTransform_float_3_3
Parameters: 0.999985 0.00283859 -0.00478066 -0.00298542 0.999512 -0.0311152 0.00469036 0.0311288 0.999505 0.0668643 1.47361 -0.281235
FixedParameters: 0 0 0

#Transform 56
Transform: AffineTransform_float_3_3
Parameters: 0.999984 0.00245849 -0.00521485 -0.00266052 0.999236 -0.0389938 0.00511513 0.0390072 0.999226 0.027732 1.60134 -0.68126
FixedParameters: 0 0 0

#Transform 57
Transform: AffineTransform_float_3_3
Parameters: 0.999998 0.00069725 -0.00189505 -0.000746774 0.999651 -0.0263796 0.00187695 0.0263814 0.99965 -0.0778063 1.26667 -0.742304
FixedParameters: 0 0 0

#Transform 58
Transform: AffineTransform_float_3_3
Parameters: 1 -0.000568424 0.000950731 0.000586581 0.999827 -0.0185894 -0.000940258 0.0185905 0.999826 -0.0803615 0.946094 -0.446312
FixedParameters: 0 0 0

#Transform 59
Transform: AffineTransform_float_3_3
Parameters: 1 0.000786282 0.0009143 -0.000763724 0.999708 -0.0241217 -0.000932693 0.0241203 0.999708 -0.110345 1.32314 -0.326593
FixedParameters: 0 0 0

#Transform 60
Transform: AffineTransform_float_3_3
Parameters: 0.999994 0.00340928 0.000399058 -0.00339373 0.999434 -0.0334876 -0.000512935 0.0334865 0.999439 -0.138302 1.7478 -0.652948
FixedParameters: 0 0 0

#Transform 61
Transform: AffineTransform_float_3_3
Parameters: 0.999994 0.00260271 -0.00194479 -0.00267229 0.999309 -0.037057 0.00184723 0.037062 0.999312 -0.0498539 1.77497 -0.44219
FixedParameters: 0 0 0

#Transform 62
Transform: AffineTransform_float_3_3
Parameters: 0.999984 0.00387215 -0.00413978 -0.00404781 0.999052 -0.0433489 0.00396723 0.0433651 0.999052 0.0177964 1.943 -0.458968
FixedParameters: 0 0 0

#Transform 63
Transform: AffineTransform_float_3_3
Parameters: 0.99999 0.00351763 -0.00281194 -0.00363837 0.999007 -0.0443902 0.00265309 0.0443998 0.999011 -0.0300245 1.98717 -0.476104
FixedParameters: 0 0 0

#Transform 64
Transform: AffineTransform_float_3_3
Parameters: 0.99999 0.00287324 -0.00320689 -0.00301476 0.998978 -0.0451118 0.00307411 0.0451213 0.998977 -0.0234668 2.00921 -0.45841
FixedParameters: 0 0 0

#Transform 65
Transform: AffineTransform_float_3_3
Parameters: 0.999992 0.00261722 -0.00298799 -0.00274378 0.99906 -0.0432451 0.00287202 0.0432528 0.99906 -0.0185311 1.96157 -0.482106
FixedParameters: 0 0 0

#Transform 66
Transform: AffineTransform_float_3_3
Parameters: 0.999998 0.0019186 -0.00128052 -0.00197342 0.999032 -0.0439286 0.00119546 0.0439314 0.999034 -0.118907 1.90482 -0.804695
FixedParameters: 0 0 0

#Transform 67
Transform: AffineTransform_float_3_3
Parameters: 0.999999 0.00183889 -0.000112822 -0.00184211 0.999127 -0.0417229 3.61729e-05 0.0417231 0.999129 -0.0932937 1.82335 -0.789865
FixedParameters: 0 0 0

#Transform 68
Transform: AffineTransform_float_3_3
Parameters: 0.999996 0.00114204 0.00233049 -0.00102798 0.99883 -0.0483636 -0.0023825 0.0483605 0.998827 -0.58416 3.22345 -0.787451
FixedParameters: 0 0 0

#Transform 69
Transform: AffineTransform_float_3_3
Parameters: 0.999993 0.00331986 -0.00184377 -0.0034141 0.998554 -0.0536481 0.00166222 0.0536539 0.998558 -0.239947 2.62624 -1.6266
FixedParameters: 0 0 0

#Transform 70
Transform: AffineTransform_float_3_3
Parameters: 0.999985 0.00358631 -0.00410085 -0.0037797 0.99884 -0.0479882 0.00392411 0.0480037 0.998839 -0.103885 2.14344 -1.41829
FixedParameters: 0 0 0

#Transform 71
Transform: AffineTransform_float_3_3
Parameters: 0.999971 0.00516808 -0.00562555 -0.00544289 0.998734 -0.0500049 0.00535945 0.0500342 0.998733 -0.0253384 2.28913 -0.927202
FixedParameters: 0 0 0

#Transform 72
Transform: AffineTransform_float_3_3
Parameters: 0.999971 0.0046265 -0.0061545 -0.00493453 0.998681 -0.0510931 0.00591053 0.0511228 0.998675 0.00850909 2.27484 -0.882526
FixedParameters: 0 0 0

#Transform 73
Transform: AffineTransform_float_3_3
Parameters: 0.999964 0.00571167 -0.00628852 -0.00602331 0.99869 -0.050823 0.00598951 0.0508591 0.998688 0.0189996 2.33132 -0.823755
FixedParameters: 0 0 0

#Transform 74
Transform: AffineTransform_float_3_3
Parameters: 0.999963 0.00623178 -0.00605474 -0.00653623 0.998646 -0.0515973 0.00572525 0.0516346 0.998649 -0.00271193 2.30455 -0.866814
FixedParameters: 0 0 0

#Transform 75
Transform: AffineTransform_float_3_3
Parameters: 0.999973 0.0049329 -0.00541789 -0.00520911 0.998623 -0.0521881 0.0051531 0.0522148 0.998622 -0.0189663 2.33868 -0.871033
FixedParameters: 0 0 0

#Transform 76
Transform: AffineTransform_float_3_3
Parameters: 0.999978 0.00468645 -0.00470291 -0.00492056 0.99869 -0.050944 0.00445806 0.0509661 0.998691 -0.0494257 2.32681 -0.875445
FixedParameters: 0 0 0

#Transform 77
Transform: AffineTransform_float_3_3
Parameters: 0.999983 0.00457596 -0.00376182 -0.00476305 0.998671 -0.051315 0.00352219 0.051332 0.998676 -0.0488671 2.38265 -0.714269
FixedParameters: 0 0 0

#Transform 78
Transform: AffineTransform_float_3_3
Parameters: 0.999978 0.00521711 -0.00424555 -0.00541792 0.998796 -0.0487691 0.00398646 0.0487909 0.998801 -0.0622202 2.32772 -0.671909
FixedParameters: 0 0 0

#Transform 79
Transform: AffineTransform_float_3_3
Parameters: 0.999987 0.00375626 -0.00338577 -0.00391975 0.99877 -0.0494143 0.00319618 0.0494276 0.998772 -0.103799 2.20307 -0.775767
FixedParameters: 0 0 0

#Transform 80
Transform: AffineTransform_float_3_3
Parameters: 0.999991 0.00272015 -0.00344399 -0.00289185 0.998698 -0.0509195 0.00330102 0.0509284 0.998697 -0.114114 2.2211 -0.793571
FixedParameters: 0 0 0

#Transform 81
Transform: AffineTransform_float_3_3
Parameters: 0.999988 0.00322315 -0.00349577 -0.00340086 0.998635 -0.0521227 0.00332324 0.0521333 0.998634 -0.0767722 2.32662 -0.785636
FixedParameters: 0 0 0

#Transform 82
Transform: AffineTransform_float_3_3
Parameters: 0.999989 0.00324365 -0.00319124 -0.00340033 0.998713 -0.0506027 0.00302279 0.0506133 0.998714 -0.0905922 2.26854 -0.737603
FixedParameters: 0 0 0

#Transform 83
Transform: AffineTransform_float_3_3
Parameters: 0.999989 0.00309188 -0.00349706 -0.00326512 0.998712 -0.0506341 0.00333594 0.0506449 0.998711 -0.0730741 2.24126 -0.78232
FixedParameters: 0 0 0

#Transform 84
Transform: AffineTransform_float_3_3
Parameters: 0.999989 0.00296852 -0.00378736 -0.00315847 0.998677 -0.0513226 0.00362967 0.0513334 0.998675 -0.0610793 2.23228 -0.753276
FixedParameters: 0 0 0

#Transform 85
Transform: AffineTransform_float_3_3
Parameters: 0.999987 0.00320356 -0.0039334 -0.00340047 0.998679 -0.0512592 0.00376462 0.0512727 0.998677 -0.0612426 2.25117 -0.767593
FixedParameters: 0 0 0

#Transform 86
Transform: AffineTransform_float_3_3
Parameters: 0.99998 0.00370366 -0.0050778 -0.00395235 0.998751 -0.0498029 0.00488719 0.0498221 0.998746 -0.0135517 2.11032 -0.870264
FixedParameters: 0 0 0

#Transform 87
Transform: AffineTransform_float_3_3
Parameters: 0.999984 0.00316994 -0.0046917 -0.00340108 0.998739 -0.0500898 0.0045273 0.0501051 0.998733 -0.0439554 2.1834 -0.805472
FixedParameters: 0 0 0

#Transform 88
Transform: AffineTransform_float_3_3
Parameters: 0.999992 0.00250217 -0.003076 -0.00265383 0.998726 -0.0503902 0.00294601 0.0503978 0.998725 -0.113964 2.19184 -0.863224
FixedParameters: 0 0 0

#Transform 89
Transform: AffineTransform_float_3_3
Parameters: 0.999991 0.00264154 -0.00353543 -0.00278249 0.999183 -0.0403336 0.00342655 0.0403435 0.99918 -0.0730916 1.79161 -0.883408
FixedParameters: 0 0 0

#Transform 90
Transform: AffineTransform_float_3_3
Parameters: 0.999995 0.00325399 -0.000786733 -0.00328598 0.998989 -0.0448487 0.000639269 0.0448503 0.998993 -0.173088 1.94292 -0.967768
FixedParameters: 0 0 0

#Transform 91
Transform: AffineTransform_float_3_3
Parameters: 0.999995 0.00334416 -0.000512416 -0.00336287 0.999081 -0.0427445 0.000369592 0.0427455 0.999086 -0.165123 1.86841 -0.89173
FixedParameters: 0 0 0

#Transform 92
Transform: AffineTransform_float_3_3
Parameters: 0.999994 0.00354798 -0.000912668 -0.00358403 0.999065 -0.043071 0.000759331 0.0430739 0.999071 -0.15735 1.90111 -0.910425
FixedParameters: 0 0 0

#Transform 93
Transform: AffineTransform_float_3_3
Parameters: 0.999992 0.00378422 -0.000574575 -0.00380579 0.999006 -0.0443961 0.00040643 0.0443988 0.999014 -0.176675 1.97045 -0.930246
FixedParameters: 0 0 0

#Transform 94
Transform: AffineTransform_float_3_3
Parameters: 0.999991 0.00429274 -0.000777578 -0.00432428 0.998929 -0.0460651 0.00057941 0.0460679 0.998938 -0.181343 2.06687 -0.91261
FixedParameters: 0 0 0

#Transform 95
Transform: AffineTransform_float_3_3
Parameters: 0.999991 0.00428555 -0.000934152 -0.00432445 0.998867 -0.0473904 0.000729876 0.0473936 0.998876 -0.17363 2.13483 -0.910407
FixedParameters: 0 0 0

#Transform 96
Transform: AffineTransform_float_3_3
Parameters: 0.999992 0.00361898 -0.00197615 -0.00369802 0.999129 -0.041566 0.00182385 0.0415729 0.999134 -0.13075 1.85365 -0.929182
FixedParameters: 0 0 0

#Transform 97
Transform: AffineTransform_float_3_3
Parameters: 0.999993 0.00339402 -0.00156175 -0.00345899 0.999039 -0.0436789 0.00141225 0.0436841 0.999045 -0.129241 1.97746 -0.838257
FixedParameters: 0 0 0

#Transform 98
Transform: AffineTransform_float_3_3
Parameters: 0.999993 0.00341588 -0.00189612 -0.00349511 0.999051 -0.0434207 0.00174587 0.0434273 0.999055 -0.12067 1.94556 -0.833909
FixedParameters: 0 0 0

#Transform 99
Transform: AffineTransform_float_3_3
Parameters: 0.999993 0.0038284 -0.000792263 -0.00386059 0.998919 -0.0463393 0.000613754 0.0463427 0.998926 -0.190254 2.06043 -0.864432
FixedParameters: 0 0 0

#Transform 100
Transform: AffineTransform_float_3_3
Parameters: 0.999992 0.00374333 -0.0012366 -0.00379664 0.998946 -0.0457597 0.00106337 0.0457643 0.998951 -0.148435 2.10012 -0.895774
FixedParameters: 0 0 0

#Transform 101
Transform: AffineTransform_float_3_3
Parameters: 0.999988 0.00398186 -0.00284783 -0.00411115 0.998892 -0.0468799 0.00265817 0.0468912 0.998897 -0.0615554 2.16193 -0.880917
FixedParameters: 0 0 0

#Transform 102
Transform: AffineTransform_float_3_3
Parameters: 0.999994 0.00331734 -0.00109591 -0.00336367 0.998948 -0.0457476 0.000943103 0.0457504 0.998952 -0.160237 2.0295 -0.976575
FixedParameters: 0 0 0

#Transform 103
Transform: AffineTransform_float_3_3
Parameters: 0.999994 0.00345642 -0.00124367 -0.0035106 0.998891 -0.046953 0.00108035 0.0469571 0.998897 -0.148033 2.10093 -0.898024
FixedParameters: 0 0 0

#Transform 104
Transform: AffineTransform_float_3_3
Parameters: 0.999993 0.00344122 -0.000966494 -0.0034828 0.998879 -0.0471959 0.000803515 0.0471991 0.998885 -0.147024 2.13593 -0.949733
FixedParameters: 0 0 0

#Transform 105
Transform: AffineTransform_float_3_3
Parameters: 0.999995 0.00337163 -0.000256087 -0.00337938 0.998857 -0.0476904 9.49409e-05 0.0476916 0.998862 -0.178531 2.16591 -0.875193
FixedParameters: 0 0 0

#Transform 106
Transform: AffineTransform_float_3_3
Parameters: 0.999997 0.00264293 0.000513945 -0.00261607 0.998902 -0.0467735 -0.000637057 0.0467715 0.998906 -0.21775 2.07087 -0.934281
FixedParameters: 0 0 0

#Transform 107
Transform: AffineTransform_float_3_3
Parameters: 0.999996 0.00299195 0.000495216 -0.00296506 0.998863 -0.0475767 -0.000636788 0.0475753 0.998867 -0.193344 2.09803 -0.932839
FixedParameters: 0 0 0

#Transform 108
Transform: AffineTransform_float_3_3
Parameters: 0.999996 0.00301602 0.000353119 -0.00299595 0.998882 -0.0471733 -0.000495878 0.0471717 0.998886 -0.211305 2.06774 -0.885439
FixedParameters: 0 0 0

#Transform 109
Transform: AffineTransform_float_3_3
Parameters: 0.999995 0.00313606 0.000486597 -0.00310892 0.998836 -0.0481397 -0.000637397 0.0481372 0.99884 -0.194723 2.13536 -0.876752
FixedParameters: 0 0 0

#Transform 110
Transform: AffineTransform_float_3_3
Parameters: 0.999996 0.0026771 0.000840997 -0.0026319 0.998761 -0.0496974 -0.000972999 0.0496956 0.998764 -0.189453 2.2714 -0.868412
FixedParameters: 0 0 0

#Transform 111
Transform: AffineTransform_float_3_3
Parameters: 0.999996 0.00306272 -0.000180885 -0.00306729 0.998584 -0.0530997 1.81517e-05 0.0531003 0.998589 -0.170522 2.35343 -0.906644
FixedParameters: 0 0 0

#Transform 112
Transform: AffineTransform_float_3_3
Parameters: 0.999995 0.00304305 -0.000694058 -0.00307495 0.998644 -0.0519601 0.000534945 0.0519618 0.998649 -0.150034 2.29564 -0.908829
FixedParameters: 0 0 0

#Transform 113
Transform: AffineTransform_float_3_3
Parameters: 0.999995 0.00316354 -0.000228097 -0.00317046 0.998734 -0.0501995 6.89288e-05 0.0502005 0.998739 -0.164962 2.24912 -0.925707
FixedParameters: 0 0 0

#Transform 114
Transform: AffineTransform_float_3_3
Parameters: 0.999994 0.00330372 0.000245774 -0.00328827 0.998829 -0.0482831 -0.000405239 0.0482819 0.998833 -0.184979 2.2201 -0.918065
FixedParameters: 0 0 0

#Transform 115
Transform: AffineTransform_float_3_3
Parameters: 0.999995 0.00317484 2.44698e-05 -0.00317013 0.99884 -0.0480523 -0.000177536 0.0480517 0.998845 -0.158929 2.22489 -0.905967
FixedParameters: 0 0 0

#Transform 116
Transform: AffineTransform_float_3_3
Parameters: 0.999994 0.00328576 0.000480271 -0.00325921 0.998849 -0.0478678 -0.00063774 0.0478662 0.998853 -0.179703 2.23324 -0.923291
FixedParameters: 0 0 0

#Transform 117
Transform: AffineTransform_float_3_3
Parameters: 0.999995 0.00277989 0.000939844 -0.00273414 0.99895 -0.0457368 -0.00106516 0.0457342 0.998953 -0.213391 2.0929 -0.92246
FixedParameters: 0 0 0

#Transform 118
Transform: AffineTransform_float_3_3
Parameters: 0.999994 0.00324988 -0.000279527 -0.0032591 0.999036 -0.0437733 0.000136469 0.0437737 0.999042 -0.13232 2.02958 -0.955436
FixedParameters: 0 0 0

#Transform 119
Transform: AffineTransform_float_3_3
Parameters: 0.999994 0.00340637 0.000483292 -0.0033816 0.998969 -0.0452699 -0.000637736 0.0452681 0.998974 -0.192413 2.02319 -0.958211
FixedParameters: 0 0 0

#Transform 120
Transform: AffineTransform_float_3_3
Parameters: 0.999995 0.00315244 0.000495971 -0.00312655 0.998987 -0.0448957 -0.000637009 0.0448942 0.998991 -0.183139 2.09712 -0.995918
FixedParameters: 0 0 0

#Transform 121
Transform: AffineTransform_float_3_3
Parameters: 0.999995 0.00308964 -0.000483324 -0.00310635 0.999138 -0.0413987 0.000354702 0.0414003 0.999142 -0.177357 1.92743 -1.17484
FixedParameters: 0 0 0

#Transform 122
Transform: AffineTransform_float_3_3
Parameters: 0.999998 0.00221729 0.000294272 -0.00220268 0.999118 -0.0419378 -0.000387717 0.0419372 0.99912 -0.245507 2.00808 -1.32349
FixedParameters: 0 0 0

#Transform 123
Transform: AffineTransform_float_3_3
Parameters: 0.999998 0.00207588 0.00100983 -0.00202911 0.999012 -0.0443992 -0.00110118 0.0443968 0.999014 -0.2648 2.12528 -1.76005
FixedParameters: 0 0 0

#Transform 124
Transform: AffineTransform_float_3_3
Parameters: 0.999994 0.00276261 0.00201095 -0.00268339 0.999253 -0.0385696 -0.00211607 0.0385644 0.999254 -0.371725 1.85796 -2.29534
FixedParameters: 0 0 0

#Transform 125
Transform: AffineTransform_float_3_3
Parameters: 0.99999 0.00371517 0.00225259 -0.00360481 0.998884 -0.0470826 -0.0024254 0.0470744 0.998889 -0.363526 2.22277 -2.64906
FixedParameters: 0 0 0

#Transform 126
Transform: AffineTransform_float_3_3
Parameters: 0.999996 0.00270524 0.000450317 -0.00268273 0.999043 -0.0436614 -0.000568672 0.0436596 0.999047 -0.327591 1.98587 -2.91812
FixedParameters: 0 0 0

#Transform 127
Transform: AffineTransform_float_3_3
Parameters: 0.999989 0.00449686 -0.00177156 -0.00458216 0.998667 -0.0514135 0.00153843 0.0514215 0.998676 -0.262625 1.95668 -3.50525
FixedParameters: 0 0 0

#Transform 128
Transform: AffineTransform_float_3_3
Parameters: 0.999994 8.39597e-05 -0.00350194 -0.000204041 0.999412 -0.0342915 0.00349706 0.0342925 0.999405 -0.117572 1.28849 -2.74191
FixedParameters: 0 0 0

#Transform 129
Transform: AffineTransform_float_3_3
Parameters: 0.999953 0.00536224 -0.00808186 -0.00568776 0.999149 -0.0408379 0.00785615 0.040882 0.999133 0.0717501 1.78688 -1.36917
FixedParameters: 0 0 0

#Transform 130
Transform: AffineTransform_float_3_3
Parameters: 0.999957 0.00510566 -0.00766037 -0.00540737 0.999186 -0.0399813 0.00745066 0.0400207 0.999171 0.0752753 1.82933 -1.32741
FixedParameters: 0 0 0

#Transform 131
Transform: AffineTransform_float_3_3
Parameters: 0.999963 0.00533173 -0.00685305 -0.00562127 0.999056 -0.0430591 0.00661699 0.0430959 0.999049 0.0592153 1.96019 -1.30804
FixedParameters: 0 0 0

#Transform 132
Transform: AffineTransform_float_3_3
Parameters: 0.999968 0.00554635 -0.00587727 -0.0058037 0.998989 -0.0445924 0.0056247 0.0446247 0.998988 -0.0107303 1.97454 -1.36778
FixedParameters: 0 0 0

#Transform 133
Transform: AffineTransform_float_3_3
Parameters: 0.999964 0.00528505 -0.00662197 -0.00559296 0.998861 -0.0473837 0.00636404 0.0474183 0.998855 0.0500028 2.08462 -1.33105
FixedParameters: 0 0 0

#Transform 134
Transform: AffineTransform_float_3_3
Parameters: 0.999958 0.00613989 -0.00671625 -0.00645409 0.998837 -0.0477916 0.00641474 0.0478334 0.998834 0.0465064 2.0961 -1.24525
FixedParameters: 0 0 0

#Transform 135
Transform: AffineTransform_float_3_3
Parameters: 0.999963 0.00617462 -0.00589692 -0.00644538 0.998866 -0.0471667 0.0055991 0.0472033 0.998869 0.00179206 2.02841 -1.27802
FixedParameters: 0 0 0

#Transform 136
Transform: AffineTransform_float_3_3
Parameters: 0.999969 0.0063376 -0.00468813 -0.0065524 0.998852 -0.0474548 0.0043819 0.0474833 0.998863 -0.0561615 2.01019 -1.27524
FixedParameters: 0 0 0

#Transform 137
Transform: AffineTransform_float_3_3
Parameters: 0.999971 0.00235981 -0.00721111 -0.00261119 0.999383 -0.0350262 0.00712389 0.0350438 0.999361 0.112354 1.53181 -1.39435
FixedParameters: 0 0 0

#Transform 138
Transform: AffineTransform_float_3_3
Parameters: 0.999975 0.00346987 -0.00626084 -0.00365611 0.999544 -0.0299669 0.00615317 0.0299891 0.999532 0.0458347 1.33636 -1.3321
FixedParameters: 0 0 0

#Transform 139
Transform: AffineTransform_float_3_3
Parameters: 0.999955 0.00429083 -0.00845188 -0.00459417 0.999334 -0.0361828 0.00829112 0.0362202 0.99931 0.114794 1.6634 -1.23374
FixedParameters: 0 0 0

#Transform 140
Transform: AffineTransform_float_3_3
Parameters: 0.999881 0.00494645 -0.0146604 -0.00530055 0.999692 -0.0242452 0.0145356 0.0243198 0.999598 0.297653 1.09819 -1.51258
FixedParameters: 0 0 0

#Transform 141
Transform: AffineTransform_float_3_3
Parameters: 0.999792 0.00466085 -0.0198488 -0.00525816 0.999532 -0.0301399 0.0196992 0.0302381 0.999348 0.475569 1.32728 -1.46245
FixedParameters: 0 0 0

#Transform 142
Transform: AffineTransform_float_3_3
Parameters: 0.999799 0.00549247 -0.0192532 -0.00623055 0.999239 -0.0385107 0.0190278 0.0386232 0.999072 0.464698 1.81653 -2.00126
FixedParameters: 0 0 0

#Transform 143
Transform: AffineTransform_float_3_3
Parameters: 0.999919 0.00436414 -0.0119398 -0.00479086 0.999342 -0.0359587 0.0117752 0.0360133 0.999282 0.235033 1.75368 -1.33191
FixedParameters: 0 0 0

#Transform 144
Transform: AffineTransform_float_3_3
Parameters: 0.999962 0.00444354 -0.00743183 -0.00471646 0.999302 -0.0370543 0.00726214 0.0370877 0.999285 0.0658211 1.75001 -1.20355
FixedParameters: 0 0 0

#Transform 145
Transform: AffineTransform_float_3_3
Parameters: 0.999954 0.00404006 -0.00862934 -0.00442192 0.99899 -0.0447099 0.00843965 0.0447461 0.998962 0.158026 1.98534 -1.23965
FixedParameters: 0 0 0

#Transform 146
Transform: AffineTransform_float_3_3
Parameters: 0.999921 0.00397926 -0.0119662 -0.00458575 0.998683 -0.0511132 0.0117469 0.0511638 0.998621 0.34166 2.29246 -1.29717
FixedParameters: 0 0 0

#Transform 147
Transform: AffineTransform_float_3_3
Parameters: 0.999984 0.00143737 -0.00558617 -0.00168963 0.998963 -0.0454863 0.00551485 0.0454947 0.99895 -0.00322861 2.08914 -1.33933
FixedParameters: 0 0 0

#Transform 148
Transform: AffineTransform_float_3_3
Parameters: 0.999995 0.00272122 -0.00170284 -0.00277678 0.99945 -0.0330384 0.00161213 0.0330426 0.999452 -0.0863007 1.61292 -1.27228
FixedParameters: 0 0 0

#Transform 149
Transform: AffineTransform_float_3_3
Parameters: 0.999985 -0.0014619 -0.00518878 0.00124109 0.999103 -0.042323 0.00524622 0.0423159 0.99909 0.133106 1.99039 -1.28842
FixedParameters: 0 0 0

#Transform 150
Transform: AffineTransform_float_3_3
Parameters: 0.999988 0.00219035 -0.0045473 -0.00239268 0.998982 -0.0450477 0.00444471 0.0450583 0.998974 0.01529 2.15153 -1.56818
FixedParameters: 0 0 0

#Transform 151
Transform: AffineTransform_float_3_3
Parameters: 0.999986 0.00383345 -0.00358584 -0.00390254 0.999801 -0.0195963 0.00350917 0.0196097 0.999801 0.0586884 1.22117 -1.61215
FixedParameters: 0 0 0

#Transform 152
Transform: AffineTransform_float_3_3
Parameters: 0.999987 0.00342536 -0.00395841 -0.00359463 0.99904 -0.0436754 0.00380461 0.0436886 0.999038 0.0180763 1.85381 -2.02354
FixedParameters: 0 0 0

#Transform 153
Transform: AffineTransform_float_3_3
Parameters: 0.999986 0.00349353 -0.00397806 -0.00365046 0.999192 -0.040029 0.00383492 0.0400429 0.99919 0.0069095 1.97945 -0.649437
FixedParameters: 0 0 0

#Transform 154
Transform: AffineTransform_float_3_3
Parameters: 0.999959 0.00470177 -0.0077671 -0.00504623 0.998978 -0.0449117 0.00754789 0.0449483 0.998961 0.0936026 2.03334 -0.953712
FixedParameters: 0 0 0

#Transform 155
Transform: AffineTransform_float_3_3
Parameters: 0.999959 0.00531666 -0.00732918 -0.00565233 0.998895 -0.0466605 0.00707285 0.0467005 0.998884 0.0849788 2.11103 -1.03894
FixedParameters: 0 0 0

#Transform 156
Transform: AffineTransform_float_3_3
Parameters: 0.999966 0.00542137 -0.00624952 -0.00571161 0.998865 -0.047298 0.00598545 0.0473321 0.998862 0.0324765 2.09654 -1.06159
FixedParameters: 0 0 0

#Transform 157
Transform: AffineTransform_float_3_3
Parameters: 0.999953 0.00514881 -0.00827904 -0.00554719 0.998787 -0.0489394 0.00801702 0.0489836 0.998768 0.119025 2.18592 -1.08429
FixedParameters: 0 0 0

#Transform 158
Transform: AffineTransform_float_3_3
Parameters: 0.999963 0.00488434 -0.00698913 -0.00521465 0.998829 -0.0481023 0.00674588 0.0481367 0.998818 0.0588369 2.14631 -1.06311
FixedParameters: 0 0 0

#Transform 159
Transform: AffineTransform_float_3_3
Parameters: 0.999961 0.00517201 -0.00705705 -0.00551299 0.998775 -0.049188 0.00679395 0.049225 0.998764 0.0330891 2.17775 -1.10024
FixedParameters: 0 0 0
