#Insight Transform File V1.0
#Transform 0
Transform: AffineTransform_float_3_3
Parameters: 1 0 0 0 0.999999 -0.000855999 0 0.000855999 0.999999 -8e-06 -0.0286295 -0.169532
FixedParameters: 0 0 0

#Transform 1
Transform: AffineTransform_float_3_3
Parameters: 0.999999 0.000714176 0.000386674 -0.000713823 0.999999 -0.000456276 -0.000387326 0.000456723 1 -0.0080983 0.134855 -0.100756
FixedParameters: 0 0 0

#Transform 2
Transform: AffineTransform_float_3_3
Parameters: 0.999999 0.000695257 0.000579691 -0.000694742 0.999999 -0.000444403 -0.000580309 0.000444596 0.999999 0.000408312 0.193247 -0.145023
FixedParameters: 0 0 0

#Transform 3
Transform: AffineTransform_float_3_3
Parameters: 1 0.001149 -2.60823e-07 -0.001149 1 -0.000227 -2.60823e-07 0.000227 1 0.00396032 0.208686 -0.133136
FixedParameters: 0 0 0

#Transform 4
Transform: AffineTransform_float_3_3
Parameters: 0.999999 0.000847874 0.000439241 -0.000848124 0.999999 0.000284627 -0.000438758 -0.000285372 1 -0.000339129 0.204957 -0.159635
FixedParameters: 0 0 0

#Transform 5
Transform: AffineTransform_float_3_3
Parameters: 0.999999 0.00089596 0.000309114 -0.000895039 0.999999 0.000127723 -0.000308885 -0.000128277 1 0.00380961 0.195201 -0.189933
FixedParameters: 0 0 0

#Transform 6
Transform: AffineTransform_float_3_3
Parameters: 0.999999 0.000464347 0.00117486 -0.000463653 1 -0.000295545 -0.00117514 0.000295455 1 0.0200848 0.173972 -0.205678
FixedParameters: 0 0 0

#Transform 7
Transform: AffineTransform_float_3_3
Parameters: 0.999998 0.000773344 0.00151631 -0.000772655 1 -0.000887174 -0.00151769 0.000885828 0.999999 0.00163921 0.316508 -0.198321
FixedParameters: 0 0 0

#Transform 8
Transform: AffineTransform_float_3_3
Parameters: 0.999999 0.000763616 0.00101229 -0.000764383 0.999999 0.000378227 -0.00101171 -0.000379773 1 0.0175858 0.256906 -0.199754
FixedParameters: 0 0 0

#Transform 9
Transform: AffineTransform_float_3_3
Parameters: 0.999999 0.000942956 0.000349116 -0.000942042 0.999999 0.000122671 -0.000348884 -0.000123329 1 0.0237188 0.235334 -0.214606
FixedParameters: 0 0 0

#Transform 10
Transform: AffineTransform_float_3_3
Parameters: 0.999999 0.00124917 0.000348398 -0.00124983 0.999999 -0.000482436 -0.000348603 0.000482565 1 0.0215795 0.240312 -0.218941
FixedParameters: 0 0 0

#Transform 11
Transform: AffineTransform_float_3_3
Parameters: 0.999999 0.00124925 0.000348092 -0.00124975 0.999999 -0.000727435 -0.00034891 0.000727564 0.999999 0.0127204 0.256042 -0.226811
FixedParameters: 0 0 0

#Transform 12
Transform: AffineTransform_float_3_3
Parameters: 0.999999 0.00133705 0.000348821 -0.00133695 0.999999 -0.000134466 -0.000349179 0.000133533 1 0.0161927 0.217977 -0.214251
FixedParameters: 0 0 0

#Transform 13
Transform: AffineTransform_float_3_3
Parameters: 0.999999 0.00134312 0.000348552 -0.00134288 0.999999 -0.000333468 -0.000348448 0.000333532 1 0.0241523 0.210975 -0.199461
FixedParameters: 0 0 0

#Transform 14
Transform: AffineTransform_float_3_3
Parameters: 0.999999 0.00124901 0.00034895 -0.00124899 0.999999 -4.04359e-05 -0.00034905 3.95641e-05 1 0.0260782 0.23093 -0.192107
FixedParameters: 0 0 0

#Transform 15
Transform: AffineTransform_float_3_3
Parameters: 0.999999 0.00124844 0.000518347 -0.00124956 0.999998 0.00107835 -0.000516652 -0.00107965 1 0.0313816 0.197933 -0.179661
FixedParameters: 0 0 0

#Transform 16
Transform: AffineTransform_float_3_3
Parameters: 0.999999 0.00124891 0.000349339 -0.0012491 0.999999 0.000271564 -0.000348661 -0.000271436 1 0.0201187 0.183983 -0.13424
FixedParameters: 0 0 0

#Transform 17
Transform: AffineTransform_float_3_3
Parameters: 1 0.00103701 0.000576977 -0.00103699 0.999999 -2.25983e-05 -0.000577024 2.24016e-05 1 0.0126139 0.190644 -0.18044
FixedParameters: 0 0 0

#Transform 18
Transform: AffineTransform_float_3_3
Parameters: 0.999999 0.00124907 0.000801898 -0.00124993 0.999999 -8.20024e-05 -0.000802102 8.09982e-05 0.999999 0.0137333 0.205648 -0.196876
FixedParameters: 0 0 0

#Transform 19
Transform: AffineTransform_float_3_3
Parameters: 0.999999 0.000948239 0.000937771 -0.000948762 0.999999 0.000812111 -0.00093723 -0.00081289 0.999999 0.0236206 0.316061 -0.214719
FixedParameters: 0 0 0

#Transform 20
Transform: AffineTransform_float_3_3
Parameters: 0.999998 0.00151452 0.000686506 -0.00151749 0.999993 0.00363196 -0.000681492 -0.00363304 0.999993 0.032981 0.4264 -0.182998
FixedParameters: 0 0 0

#Transform 21
Transform: AffineTransform_float_3_3
Parameters: 0.999998 0.0019628 0.000355667 -0.00196419 0.999993 0.00339531 -0.000348331 -0.00339669 0.999994 0.0349284 0.430277 -0.141742
FixedParameters: 0 0 0

#Transform 22
Transform: AffineTransform_float_3_3
Parameters: 0.999998 0.00170931 0.000895945 -0.00171469 0.999978 0.00639148 -0.000885057 -0.00639353 0.999979 0.0399471 0.544046 -0.195305
FixedParameters: 0 0 0

#Transform 23
Transform: AffineTransform_float_3_3
Parameters: 0.999998 0.00190488 0.000639363 -0.00190712 0.999992 0.00333779 -0.000632637 -0.00333921 0.999994 0.0286003 0.481304 -0.170472
FixedParameters: 0 0 0

#Transform 24
Transform: AffineTransform_float_3_3
Parameters: 0.999996 0.00224297 0.00160764 -0.00224703 0.999995 0.0025094 -0.00160236 -0.0025126 0.999995 0.0250716 0.431507 -0.19099
FixedParameters: 0 0 0

#Transform 25
Transform: AffineTransform_float_3_3
Parameters: 0.999998 0.00195559 0.00118897 -0.00195741 0.999996 0.00202968 -0.00118503 -0.00203132 0.999997 0.0166655 0.398274 -0.199517
FixedParameters: 0 0 0

#Transform 26
Transform: AffineTransform_float_3_3
Parameters: 0.999999 0.00153206 0.000933905 -0.00153194 0.999999 -6.24308e-05 -0.000933094 6.05705e-05 0.999999 0.00682806 0.396871 -0.216845
FixedParameters: 0 0 0

#Transform 27
Transform: AffineTransform_float_3_3
Parameters: 0.999997 0.00214225 0.000420841 -0.00214275 0.999996 0.0017921 -0.00041716 -0.0017929 0.999999 0.0127009 0.490228 -0.22126
FixedParameters: 0 0 0

#Transform 28
Transform: AffineTransform_float_3_3
Parameters: 0.999998 0.00149332 0.000839437 -0.00149268 0.999999 -0.000377253 -0.000839563 0.000376747 0.999999 0.0160069 0.349792 -0.204979
FixedParameters: 0 0 0

#Transform 29
Transform: AffineTransform_float_3_3
Parameters: 0.999999 0.00143852 0.000353872 -0.00143747 0.999998 -0.00147951 -0.000356127 0.00147949 0.999999 0.0214405 0.248781 -0.157511
FixedParameters: 0 0 0

#Transform 30
Transform: AffineTransform_float_3_3
Parameters: 0.999999 0.00143846 0.000415422 -0.00143754 0.999999 -0.0010976 -0.000416578 0.0010974 1 0.0206192 0.261998 -0.165101
FixedParameters: 0 0 0

#Transform 31
Transform: AffineTransform_float_3_3
Parameters: 0.999998 0.00156683 0.000413854 -0.00156516 0.999997 -0.00200865 -0.000417145 0.00200835 0.999998 0.0231255 0.240368 -0.182203
FixedParameters: 0 0 0

#Transform 32
Transform: AffineTransform_float_3_3
Parameters: 0.999999 0.00121168 0.000415008 -0.00121132 0.999998 -0.0016445 -0.000416993 0.0016445 0.999998 0.0202042 0.237148 -0.190117
FixedParameters: 0 0 0

#Transform 33
Transform: AffineTransform_float_3_3
Parameters: 1 0.00101857 0.000337283 -0.00101843 0.999998 -0.00168634 -0.000338717 0.00168566 0.999998 0.013281 0.262312 -0.201698
FixedParameters: 0 0 0

#Transform 34
Transform: AffineTransform_float_3_3
Parameters: 1 0.0010674 0.000415973 -0.0010666 0.999999 -0.000962445 -0.000417027 0.000962556 1 0.0309563 0.301923 -0.216296
FixedParameters: 0 0 0

#Transform 35
Transform: AffineTransform_float_3_3
Parameters: 0.999999 0.00120586 0.000414503 -0.00120514 0.999997 -0.0020715 -0.000416496 0.0020705 0.999998 0.0336734 0.228958 -0.228472
FixedParameters: 0 0 0

#Transform 36
Transform: AffineTransform_float_3_3
Parameters: 1 0.000967518 0.000537068 -0.000966482 0.999999 -0.00096452 -0.000537932 0.000963481 1 0.0189405 0.250767 -0.169644
FixedParameters: 0 0 0

#Transform 37
Transform: AffineTransform_float_3_3
Parameters: 0.999999 0.001206 0.000480496 -0.001205 0.999997 -0.00207758 -0.000483505 0.00207742 0.999997 0.0195036 0.231701 -0.175896
FixedParameters: 0 0 0

#Transform 38
Transform: AffineTransform_float_3_3
Parameters: 1 0.000851167 0.000738659 -0.000849836 0.999999 -0.00157763 -0.000739342 0.00157737 0.999999 0.0220886 0.227476 -0.126873
FixedParameters: 0 0 0

#Transform 39
Transform: AffineTransform_float_3_3
Parameters: 1 0.000799791 0.000913309 -0.000799209 1 -0.000865731 -0.000914693 0.00086527 0.999999 0.0187393 0.334856 -0.0876827
FixedParameters: 0 0 0

#Transform 40
Transform: AffineTransform_float_3_3
Parameters: 0.999999 0.000315721 0.000634642 -0.00031428 1 -0.0011362 -0.000634357 0.0011358 0.999999 0.0127163 0.265092 -0.103458
FixedParameters: 0 0 0

#Transform 41
Transform: AffineTransform_float_3_3
Parameters: 1 8.61351e-05 0.00107732 -9.08637e-05 0.999993 0.0035879 -0.00107668 -0.00358809 0.999993 0.0272437 0.269602 -0.214062
FixedParameters: 0 0 0

#Transform 42
Transform: AffineTransform_float_3_3
Parameters: 0.999999 -0.000212201 0.0012568 0.000210798 0.999999 0.000956265 -0.0012572 -0.000955733 0.999999 0.00454972 0.27921 -0.171628
FixedParameters: 0 0 0

#Transform 43
Transform: AffineTransform_float_3_3
Parameters: 0.999999 0.000542253 0.000606773 -0.000541746 1 -0.000418329 -0.000607226 0.000417671 0.999999 0.00179831 0.273402 -0.136299
FixedParameters: 0 0 0

#Transform 44
Transform: AffineTransform_float_3_3
Parameters: 1 0.000985563 0.000558007 -0.000984437 0.999999 -0.00100855 -0.000558993 0.00100745 1 -0.00107889 0.243492 -0.127321
FixedParameters: 0 0 0

#Transform 45
Transform: AffineTransform_float_3_3
Parameters: 1 0.000985965 0.000537233 -0.000985034 0.999998 -0.00179353 -0.000539767 0.00179247 0.999998 0.0116772 0.235415 -0.0874433
FixedParameters: 0 0 0

#Transform 46
Transform: AffineTransform_float_3_3
Parameters: 1 0.000985813 0.000497394 -0.000985189 0.999998 -0.00163049 -0.000498606 0.00162951 0.999998 0.00362953 0.235066 -0.0971889
FixedParameters: 0 0 0

#Transform 47
Transform: AffineTransform_float_3_3
Parameters: 0.999999 0.000852871 0.000944313 -0.00085013 0.999997 -0.0019798 -0.000945685 0.00197919 0.999997 -0.0108755 0.257009 -0.118606
FixedParameters: 0 0 0

#Transform 48
Transform: AffineTransform_float_3_3
Parameters: 0.999999 0.00125417 0.000529226 -0.00125283 0.999997 -0.00221367 -0.000531775 0.00221334 0.999998 0.00755705 0.260353 -0.120748
FixedParameters: 0 0 0

#Transform 49
Transform: AffineTransform_float_3_3
Parameters: 0.999999 0.00128839 0.000658291 -0.00128761 0.999997 -0.00210385 -0.000660708 0.00210215 0.999997 0.00925711 0.258813 -0.13918
FixedParameters: 0 0 0

#Transform 50
Transform: AffineTransform_float_3_3
Parameters: 0.999999 0.00122613 0.000943235 -0.00122387 0.999996 -0.00225716 -0.000945764 0.00225584 0.999997 -0.00358586 0.260885 -0.0947423
FixedParameters: 0 0 0

#Transform 51
Transform: AffineTransform_float_3_3
Parameters: 0.999999 0.00101055 0.000943279 -0.00100845 0.999996 -0.00269595 -0.000945722 0.00269505 0.999996 -0.0172839 0.238378 -0.0514051
FixedParameters: 0 0 0

#Transform 52
Transform: AffineTransform_float_3_3
Parameters: 0.999999 0.00113676 0.000530237 -0.00113524 0.999994 -0.00331361 -0.000533765 0.0033134 0.999995 0.0050316 0.2436 -0.0518787
FixedParameters: 0 0 0

#Transform 53
Transform: AffineTransform_float_3_3
Parameters: 0.999999 0.00127227 0.000360536 -0.00127073 0.999993 -0.00351046 -0.000365463 0.00351054 0.999994 0.00468529 0.260717 -0.0269922
FixedParameters: 0 0 0

#Transform 54
Transform: AffineTransform_float_3_3
Parameters: 0.999998 0.0015339 0.000762204 -0.0015291 0.999986 -0.00508917 -0.00076979 0.00508782 0.999987 -0.00146218 0.307896 0.0150648
FixedParameters: 0 0 0

#Transform 55
Transform: AffineTransform_float_3_3
Parameters: 0.999998 0.00172053 0.000934067 -0.00171447 0.999975 -0.00694962 -0.000945937 0.00694839 0.999976 -0.00913584 0.275478 -0.0845686
FixedParameters: 0 0 0

#Transform 56
Transform: AffineTransform_float_3_3
Parameters: 0.999998 0.000868115 0.00206495 -0.000855887 0.999983 -0.00585978 -0.00207005 0.00585822 0.99998 -0.0119717 0.297719 -0.0880859
FixedParameters: 0 0 0

#Transform 57
Transform: AffineTransform_float_3_3
Parameters: 0.999996 0.000999054 0.00263185 -0.000979944 0.999974 -0.00723161 -0.00263915 0.0072284 0.999971 -0.021463 0.271961 -0.130701
FixedParameters: 0 0 0

#Transform 58
Transform: AffineTransform_float_3_3
Parameters: 0.999999 0.000621609 0.0012874 -0.000611387 0.999972 -0.0074508 -0.00129259 0.00745021 0.999972 -0.0901933 0.315386 -0.286092
FixedParameters: 0 0 0

#Transform 59
Transform: AffineTransform_float_3_3
Parameters: 0.999999 0.00085543 0.00109099 -0.000848571 0.999983 -0.00587993 -0.00109601 0.00587907 0.999982 -0.0646346 0.287378 -0.297784
FixedParameters: 0 0 0

#Transform 60
Transform: AffineTransform_float_3_3
Parameters: 0.999997 0.000714216 0.00230073 -0.000696783 0.999972 -0.00747463 -0.00230627 0.00747338 0.99997 -0.0482806 0.297555 -0.280026
FixedParameters: 0 0 0

#Transform 61
Transform: AffineTransform_float_3_3
Parameters: 0.999998 0.000323375 0.00230336 -0.000303629 0.999964 -0.00840672 -0.00230563 0.00840627 0.999962 -0.0566527 0.288464 -0.396505
FixedParameters: 0 0 0

#Transform 62
Transform: AffineTransform_float_3_3
Parameters: 0.999998 0.000212336 0.00230414 -0.000190665 0.999957 -0.00925647 -0.00230587 0.00925554 0.999955 -0.0551824 0.302608 -0.412978
FixedParameters: 0 0 0

#Transform 63
Transform: AffineTransform_float_3_3
Parameters: 0.999998 0.00110017 0.00166271 -0.00108583 0.999964 -0.00850082 -0.00167229 0.00849818 0.999962 -0.0254035 0.297504 -0.218277
FixedParameters: 0 0 0

#Transform 64
Transform: AffineTransform_float_3_3
Parameters: 0.999997 0.000516887 0.00239916 -0.000489113 0.999932 -0.0116102 -0.00240484 0.0116088 0.999929 0.0130044 0.226563 -0.139669
FixedParameters: 0 0 0

#Transform 65
Transform: AffineTransform_float_3_3
Parameters: 0.999998 0.00158103 0.00127611 -0.00157297 0.999979 -0.00627302 -0.00128589 0.00627098 0.99998 0.0231056 0.356255 -0.03528
FixedParameters: 0 0 0

#Transform 66
Transform: AffineTransform_float_3_3
Parameters: 0.999998 0.00155157 0.000696553 -0.00154543 0.999956 -0.00933109 -0.00071145 0.00932991 0.999956 -0.00207502 0.321337 -0.0479156
FixedParameters: 0 0 0

#Transform 67
Transform: AffineTransform_float_3_3
Parameters: 0.999997 0.00149346 0.0018315 -0.00147353 0.999937 -0.0111237 -0.00184851 0.0111213 0.999937 -0.0585131 0.350771 -0.129074
FixedParameters: 0 0 0

#Transform 68
Transform: AffineTransform_float_3_3
Parameters: 0.999998 0.00212325 0.000989036 -0.00210975 0.999911 -0.0132121 -0.00101696 0.0132099 0.999912 -0.0184655 0.264397 -0.184879
FixedParameters: 0 0 0

#Transform 69
Transform: AffineTransform_float_3_3
Parameters: 0.999997 0.00207109 0.000672534 -0.00206391 0.999944 -0.0103824 -0.000693463 0.0103806 0.999946 -0.0200186 0.380087 -0.130042
FixedParameters: 0 0 0

#Transform 70
Transform: AffineTransform_float_3_3
Parameters: 0.999997 0.00264554 -6.21404e-05 -0.00264546 0.999955 -0.00912387 3.78643e-05 0.00912413 0.999959 -0.0350237 0.342988 -0.0948605
FixedParameters: 0 0 0

#Transform 71
Transform: AffineTransform_float_3_3
Parameters: 0.999997 0.00264615 1.12866e-05 -0.00264586 0.999972 -0.00707206 -2.97122e-05 0.00707195 0.999975 -0.0318865 0.322749 -0.172637
FixedParameters: 0 0 0

#Transform 72
Transform: AffineTransform_float_3_3
Parameters: 0.999993 0.00352038 0.000727435 -0.00351562 0.999968 -0.00726861 -0.00075257 0.0072664 0.999974 -0.0579942 0.299602 -0.241086
FixedParameters: 0 0 0

#Transform 73
Transform: AffineTransform_float_3_3
Parameters: 0.999994 0.00324152 0.00110853 -0.00323148 0.999958 -0.00848863 -0.00113547 0.00848537 0.999964 -0.0354414 0.318936 -0.297504
FixedParameters: 0 0 0

#Transform 74
Transform: AffineTransform_float_3_3
Parameters: 0.999997 0.00261825 0.000783154 -0.00261075 0.999955 -0.00912108 -0.000806844 0.00911892 0.999958 -0.00397953 0.308307 -0.336143
FixedParameters: 0 0 0

#Transform 75
Transform: AffineTransform_float_3_3
Parameters: 0.999997 0.00241676 0.00106695 -0.00240524 0.999948 -0.0099726 -0.00109104 0.0099704 0.999949 -0.00443812 0.278282 -0.315224
FixedParameters: 0 0 0

#Transform 76
Transform: AffineTransform_float_3_3
Parameters: 0.999997 0.00191733 0.0014384 -0.00190466 0.999955 -0.00921276 -0.00145661 0.00921023 0.999956 -0.0218169 0.248228 -0.282968
FixedParameters: 0 0 0

#Transform 77
Transform: AffineTransform_float_3_3
Parameters: 0.999998 0.00173403 0.0014829 -0.00172098 0.999961 -0.00873958 -0.0014981 0.00873743 0.99996 -0.0177952 0.269816 -0.198709
FixedParameters: 0 0 0

#Transform 78
Transform: AffineTransform_float_3_3
Parameters: 0.999999 0.00151485 0.000728963 -0.00150915 0.999967 -0.00796211 -0.000741039 0.00796089 0.999968 -0.0198108 0.301479 -0.142263
FixedParameters: 0 0 0

#Transform 79
Transform: AffineTransform_float_3_3
Parameters: 0.999999 0.00130161 0.000676421 -0.00129439 0.999952 -0.00968889 -0.000688573 0.00968811 0.999953 -0.0719117 0.319924 -0.288224
FixedParameters: 0 0 0

#Transform 80
Transform: AffineTransform_float_3_3
Parameters: 0.999998 0.00149325 0.000673131 -0.00148675 0.999942 -0.010653 -0.000688876 0.010652 0.999943 -0.0358666 0.382824 -0.159015
FixedParameters: 0 0 0

#Transform 81
Transform: AffineTransform_float_3_3
Parameters: 0.999999 0.00173287 0.000668965 -0.00172513 0.999932 -0.0115882 -0.000689036 0.0115868 0.999932 -0.0561253 0.386206 -0.147812
FixedParameters: 0 0 0

#Transform 82
Transform: AffineTransform_float_3_3
Parameters: 0.999998 0.00152969 0.000671746 -0.0015213 0.999935 -0.011308 -0.000689246 0.011307 0.999936 -0.0580665 0.311701 -0.209683
FixedParameters: 0 0 0

#Transform 83
Transform: AffineTransform_float_3_3
Parameters: 0.999999 0.00136995 0.000763412 -0.00136006 0.999916 -0.0128851 -0.000780588 0.0128839 0.999916 -0.0493856 0.228916 -0.153699
FixedParameters: 0 0 0

#Transform 84
Transform: AffineTransform_float_3_3
Parameters: 0.999999 0.00124941 0.000635435 -0.0012356 0.999753 -0.0221878 -0.000662577 0.0221862 0.999753 -0.0667989 0.20285 -0.0868043
FixedParameters: 0 0 0

#Transform 85
Transform: AffineTransform_float_3_3
Parameters: 0.999991 0.00434543 -0.000573732 -0.00436055 0.999519 -0.0307118 0.000439281 0.0307142 0.999528 -0.0834479 0.246362 -0.163437
FixedParameters: 0 0 0

#Transform 86
Transform: AffineTransform_float_3_3
Parameters: 0.999992 0.0040198 1.34059e-05 -0.00401718 0.999633 -0.0267673 -0.000121571 0.0267667 0.999641 -0.0855215 0.246585 -0.0610798
FixedParameters: 0 0 0

#Transform 87
Transform: AffineTransform_float_3_3
Parameters: 0.999989 0.00463118 0.000230506 -0.00462683 0.999866 -0.0156602 -0.000302496 0.0156598 0.999878 -0.0660662 0.590368 -0.224509
FixedParameters: 0 0 0

#Transform 88
Transform: AffineTransform_float_3_3
Parameters: 0.999988 0.00448918 -0.00164489 -0.00451782 0.999828 -0.0179568 0.00156411 0.0179642 0.999838 -0.05641 0.451938 -0.383383
FixedParameters: 0 0 0

#Transform 89
Transform: AffineTransform_float_3_3
Parameters: 0.999991 0.00408089 -0.000924262 -0.00409711 0.999826 -0.0181584 0.000849733 0.0181626 0.999834 -0.0567325 0.339701 -0.243289
FixedParameters: 0 0 0

#Transform 90
Transform: AffineTransform_float_3_3
Parameters: 0.999994 0.00346937 -0.00108903 -0.00348963 0.999803 -0.0195473 0.00102097 0.0195517 0.999809 -0.0440837 0.28317 -0.2746
FixedParameters: 0 0 0

#Transform 91
Transform: AffineTransform_float_3_3
Parameters: 0.999994 0.00323153 -0.000650371 -0.00324446 0.999791 -0.020187 0.000584619 0.020189 0.999796 -0.0301652 0.250157 -0.131361
FixedParameters: 0 0 0

#Transform 92
Transform: AffineTransform_float_3_3
Parameters: 0.999995 0.00306581 -0.000379868 -0.0030722 0.999842 -0.0175509 0.000326128 0.0175521 0.999846 -0.0249916 0.259851 -0.04531
FixedParameters: 0 0 0

#Transform 93
Transform: AffineTransform_float_3_3
Parameters: 0.999996 0.00301236 -0.000249724 -0.00301565 0.999865 -0.0161633 0.000201283 0.0161637 0.99987 -0.0274484 0.220744 -0.139508
FixedParameters: 0 0 0

#Transform 94
Transform: AffineTransform_float_3_3
Parameters: 0.999997 0.00268541 0.000304285 -0.0026816 0.999939 -0.0106999 -0.000332711 0.0106991 0.999942 -0.00124812 0.177274 -0.102306
FixedParameters: 0 0 0

#Transform 95
Transform: AffineTransform_float_3_3
Parameters: 0.999998 0.0021692 0.000890289 -0.0021608 0.999956 -0.00910495 -0.00091071 0.00910305 0.999958 -0.0119386 0.250124 -0.0561976
FixedParameters: 0 0 0

#Transform 96
Transform: AffineTransform_float_3_3
Parameters: 0.999997 0.00260695 0.000640157 -0.00260205 0.999967 -0.00761969 -0.000659845 0.0076183 0.999971 -0.00515787 0.152608 -0.129181
FixedParameters: 0 0 0

#Transform 97
Transform: AffineTransform_float_3_3
Parameters: 0.999997 0.00199082 0.00138011 -0.00197918 0.999962 -0.00851175 -0.00139689 0.00850924 0.999963 0.00795677 0.170422 -0.0804287
FixedParameters: 0 0 0

#Transform 98
Transform: AffineTransform_float_3_3
Parameters: 0.999998 0.00188306 0.00125355 -0.00187194 0.99996 -0.00876437 -0.00127045 0.00876163 0.999961 0.0202731 0.177705 -0.0237563
FixedParameters: 0 0 0

#Transform 99
Transform: AffineTransform_float_3_3
Parameters: 0.999997 0.00218662 0.0012551 -0.00217838 0.999975 -0.00683076 -0.00126991 0.00682825 0.999976 0.0234306 0.241469 -0.0154899
FixedParameters: 0 0 0

#Transform 100
Transform: AffineTransform_float_3_3
Parameters: 0.999997 0.00217844 4.91924e-05 -0.00217855 0.999968 -0.00771613 -6.68137e-05 0.00771687 0.99997 0.0141356 0.24914 0.120152
FixedParameters: 0 0 0

#Transform 101
Transform: AffineTransform_float_3_3
Parameters: 0.999998 0.00217334 -0.000535307 -0.00217867 0.999959 -0.00887286 0.00051669 0.00887315 0.999961 0.0128377 0.161188 -0.073405
FixedParameters: 0 0 0

#Transform 102
Transform: AffineTransform_float_3_3
Parameters: 0.999996 0.000511249 -0.00302901 -0.00052275 0.999993 -0.00387944 0.00302699 0.00388157 0.999988 0.126568 0.0919811 -0.198576
FixedParameters: 0 0 0

#Transform 103
Transform: AffineTransform_float_3_3
Parameters: 0.999994 -0.00328681 0.000291256 0.00328519 0.999976 0.00600899 -0.000310745 -0.00600801 0.999982 0.0399765 -0.147878 -0.967753
FixedParameters: 0 0 0

#Transform 104
Transform: AffineTransform_float_3_3
Parameters: 0.999995 -0.0013449 0.00262844 0.0013321 0.999987 0.00490352 -0.00263456 -0.00490048 0.999984 -0.003923 0.098004 -0.410895
FixedParameters: 0 0 0

#Transform 105
Transform: AffineTransform_float_3_3
Parameters: 0.999998 -0.000409908 0.00197502 0.000410092 1 -4.61902e-05 -0.00197498 4.68097e-05 0.999998 0.0246726 0.258222 0.0363283
FixedParameters: 0 0 0

#Transform 106
Transform: AffineTransform_float_3_3
Parameters: 1 -0.000162423 0.00117008 0.000162577 1 -0.00049281 -0.00116992 0.00049319 0.999999 0.0347819 0.249082 0.0234972
FixedParameters: 0 0 0

#Transform 107
Transform: AffineTransform_float_3_3
Parameters: 0.999998 -0.00016076 0.00173921 0.000163239 0.999999 -0.00128772 -0.00173879 0.00128828 0.999997 0.0113324 0.277283 0.00169835
FixedParameters: 0 0 0

#Transform 108
Transform: AffineTransform_float_3_3
Parameters: 0.999998 0.000459732 0.00229566 -0.00045227 0.999995 -0.00293205 -0.00229634 0.00293095 0.999993 0.0242864 0.268069 -0.0407097
FixedParameters: 0 0 0

#Transform 109
Transform: AffineTransform_float_3_3
Parameters: 0.999997 0.000153489 0.00239629 -0.000142507 0.999989 -0.00479436 -0.00239771 0.00479365 0.999985 0.0211323 0.226445 -0.0276012
FixedParameters: 0 0 0

#Transform 110
Transform: AffineTransform_float_3_3
Parameters: 0.999997 0.000892494 0.00194376 -0.000880503 0.999982 -0.00590672 -0.00194923 0.00590427 0.99998 0.0165108 0.394811 0.00670587
FixedParameters: 0 0 0

#Transform 111
Transform: AffineTransform_float_3_3
Parameters: 0.999998 0.00051411 0.0015924 -0.000505892 0.999987 -0.00508881 -0.00159459 0.00508819 0.999986 0.00941088 0.287729 0.10203
FixedParameters: 0 0 0

#Transform 112
Transform: AffineTransform_float_3_3
Parameters: 1 0.000480262 0.000951361 -0.000476737 0.999994 -0.00342545 -0.000953639 0.00342554 0.999993 0.0108811 0.283541 0.153638
FixedParameters: 0 0 0

#Transform 113
Transform: AffineTransform_float_3_3
Parameters: 0.999999 0.000215004 0.00174904 -0.000206996 0.999989 -0.00457537 -0.00174997 0.00457463 0.999988 0.00703711 0.284383 0.157582
FixedParameters: 0 0 0

#Transform 114
Transform: AffineTransform_float_3_3
Parameters: 0.999999 0.000521247 0.0014037 -0.000514751 0.99999 -0.00444773 -0.0014063 0.00444627 0.999989 0.00583714 0.260648 0.141473
FixedParameters: 0 0 0

#Transform 115
Transform: AffineTransform_float_3_3
Parameters: 0.999998 0.000532 0.0015613 -0.000523996 0.999987 -0.00511982 -0.0015647 0.00511917 0.999985 -0.00177685 0.238417 0.155281
FixedParameters: 0 0 0

#Transform 116
Transform: AffineTransform_float_3_3
Parameters: 1 0.000368426 -0.000461164 -0.000361577 0.999872 0.0160002 0.000466845 -0.0159998 0.999872 0.0966607 0.160227 0.116816
FixedParameters: 0 0 0

#Transform 117
Transform: AffineTransform_float_3_3
Parameters: 0.999999 0.00083075 -0.000247754 -0.000827245 0.99989 0.0147732 0.00026025 -0.0147738 0.999891 0.0230293 0.175892 0.402651
FixedParameters: 0 0 0

#Transform 118
Transform: AffineTransform_float_3_3
Parameters: 1 0.00101617 0.000310729 -0.00101683 0.999996 0.00268369 -0.000308272 -0.00268432 0.999997 0.0105292 0.255941 0.431022
FixedParameters: 0 0 0

#Transform 119
Transform: AffineTransform_float_3_3
Parameters: 1 0.000473787 0.000519194 -0.000474213 1 0.000410754 -0.000518805 -0.000410246 1 -0.00972626 0.297434 0.455484
FixedParameters: 0 0 0

#Transform 120
Transform: AffineTransform_float_3_3
Parameters: 1 0.000492164 0.000173535 -0.000492837 1 -0.000944086 -0.000173465 0.000943915 0.999999 0.00124998 0.28111 0.451714
FixedParameters: 0 0 0

#Transform 121
Transform: AffineTransform_float_3_3
Parameters: 0.999999 0.000874982 -1.22644e-05 -0.000875016 0.999998 -0.00144499 1.07356e-05 0.00144501 0.999999 -0.00693273 0.266621 0.370735
FixedParameters: 0 0 0

#Transform 122
Transform: AffineTransform_float_3_3
Parameters: 0.999999 0.00147088 0.000516501 -0.00147012 0.999998 -0.00169976 -0.0005195 0.00169924 0.999999 -0.0236305 0.472159 0.445067
FixedParameters: 0 0 0

#Transform 123
Transform: AffineTransform_float_3_3
Parameters: 0.999997 0.00209655 -0.000424421 -0.00209445 0.999992 0.0036169 0.000432578 -0.0036161 0.999994 0.0321436 0.38574 0.416455
FixedParameters: 0 0 0

#Transform 124
Transform: AffineTransform_float_3_3
Parameters: 0.999999 0.00160172 -0.000620308 -0.00160328 0.999996 -0.00206401 0.000616691 0.00206499 0.999997 0.0178024 0.271979 0.469897
FixedParameters: 0 0 0

#Transform 125
Transform: AffineTransform_float_3_3
Parameters: 0.999998 0.0014961 -0.000621588 -0.0014979 0.999994 -0.00306407 0.000616413 0.00306493 0.999995 0.00833675 0.283263 0.421394
FixedParameters: 0 0 0

#Transform 126
Transform: AffineTransform_float_3_3
Parameters: 0.999998 0.00148136 -0.000620935 -0.00148364 0.999996 -0.00265408 0.000617064 0.00265492 0.999997 0.0126798 0.286296 0.41694
FixedParameters: 0 0 0

#Transform 127
Transform: AffineTransform_float_3_3
Parameters: 0.999996 0.00225184 -0.00127129 -0.00225116 0.999998 -0.000127139 0.00127071 0.000129862 0.999999 0.0124316 0.433986 0.406544
FixedParameters: 0 0 0

#Transform 128
Transform: AffineTransform_float_3_3
Parameters: 0.999999 0.00134842 -0.000145472 -0.00134858 0.999991 -0.00405681 0.00014053 0.00405719 0.999992 0.0049962 0.327138 0.432412
FixedParameters: 0 0 0

#Transform 129
Transform: AffineTransform_float_3_3
Parameters: 0.999999 0.00100625 -0.000145287 -0.00100675 0.999985 -0.00525186 0.000140714 0.00525214 0.999986 -0.00637977 0.247215 0.468946
FixedParameters: 0 0 0

#Transform 130
Transform: AffineTransform_float_3_3
Parameters: 0.999999 0.000840316 6.92596e-05 -0.000840684 0.999989 -0.00445206 -7.27442e-05 0.00445294 0.99999 -0.00829902 0.203927 0.44
FixedParameters: 0 0 0

#Transform 131
Transform: AffineTransform_float_3_3
Parameters: 1 0.000884065 0.000529569 -0.000881934 0.999992 -0.00388647 -0.000533431 0.00388553 0.999993 0.00642272 0.209531 0.439652
FixedParameters: 0 0 0

#Transform 132
Transform: AffineTransform_float_3_3
Parameters: 0.999999 0.000794188 0.000378516 -0.000793809 0.999995 -0.0031303 -0.000381487 0.0031307 0.999995 0.00548218 0.341521 0.440382
FixedParameters: 0 0 0

#Transform 133
Transform: AffineTransform_float_3_3
Parameters: 0.999999 0.00136061 -0.000609362 -0.00136239 0.999992 -0.00393718 0.00060364 0.00393783 0.999992 0.0115607 0.352934 0.446929
FixedParameters: 0 0 0

#Transform 134
Transform: AffineTransform_float_3_3
Parameters: 0.999999 0.00153332 -0.000859801 -0.00153568 0.999994 -0.00312768 0.0008552 0.00312932 0.999994 0.00277991 0.379083 0.463226
FixedParameters: 0 0 0

#Transform 135
Transform: AffineTransform_float_3_3
Parameters: 0.999999 0.00147496 -0.000368265 -0.00147704 0.999983 -0.00559947 0.000360735 0.00559954 0.999985 0.00183305 0.240286 0.428354
FixedParameters: 0 0 0

#Transform 136
Transform: AffineTransform_float_3_3
Parameters: 1 0.00114517 -0.000365781 -0.00114683 0.999986 -0.00504358 0.00036022 0.00504442 0.999987 0.00387173 0.257311 0.418462
FixedParameters: 0 0 0

#Transform 137
Transform: AffineTransform_float_3_3
Parameters: 0.999999 0.00147739 7.24115e-05 -0.00147661 0.999985 -0.00513711 -7.95863e-05 0.00513689 0.999987 -0.0104886 0.328208 0.457052
FixedParameters: 0 0 0

#Transform 138
Transform: AffineTransform_float_3_3
Parameters: 0.999998 0.00223171 0.000130325 -0.00223129 0.999984 -0.0052323 -0.000141676 0.0052317 0.999987 -0.0602704 0.33019 0.491117
FixedParameters: 0 0 0

#Transform 139
Transform: AffineTransform_float_3_3
Parameters: 0.999997 0.00189816 -0.00103649 -0.00190684 0.999969 -0.00761605 0.00102151 0.00761796 0.999971 -0.0369546 0.411245 0.621973
FixedParameters: 0 0 0

#Transform 140
Transform: AffineTransform_float_3_3
Parameters: 0.999973 0.00631613 -0.00386047 -0.00630587 0.999976 0.00263142 0.00387653 -0.00260659 0.999989 -0.0252436 1.21359 -0.253541
FixedParameters: 0 0 0

#Transform 141
Transform: AffineTransform_float_3_3
Parameters: 0.999938 0.0102075 -0.00445322 -0.0101745 0.999922 0.00726176 0.00452676 -0.00721524 0.999963 -0.0154301 1.6619 -0.456503
FixedParameters: 0 0 0

#Transform 142
Transform: AffineTransform_float_3_3
Parameters: 0.999981 0.00599555 -0.00151752 -0.00601245 0.99992 -0.0110751 0.00145147 0.0110839 0.999937 -0.190929 2.06898 -0.237186
FixedParameters: 0 0 0

#Transform 143
Transform: AffineTransform_float_3_3
Parameters: 0.999991 0.00423066 -0.00121454 -0.00427136 0.999364 -0.0354002 0.00106445 0.0354049 0.999373 -0.293893 2.78796 -0.664366
FixedParameters: 0 0 0

#Transform 144
Transform: AffineTransform_float_3_3
Parameters: 0.999967 0.00809466 0.00128254 -0.00800131 0.998127 -0.0606403 -0.00177142 0.0606277 0.998159 -0.299052 2.82141 -1.13327
FixedParameters: 0 0 0

#Transform 145
Transform: AffineTransform_float_3_3
Parameters: 0.999988 0.00457872 -0.0012424 -0.00461527 0.999509 -0.0309686 0.00109959 0.0309734 0.999519 -0.180286 1.48364 -0.184526
FixedParameters: 0 0 0

#Transform 146
Transform: AffineTransform_float_3_3
Parameters: 0.999993 0.00342243 -0.000989447 -0.00342357 0.999993 -0.00158962 0.000984552 0.00159338 0.999998 -0.143774 0.526383 -0.833362
FixedParameters: 0 0 0

#Transform 147
Transform: AffineTransform_float_3_3
Parameters: 0.999994 0.00322553 0.000584515 -0.00325045 0.998827 0.0483114 -0.00042746 -0.0483136 0.998832 0.10808 0.501606 -0.898831
FixedParameters: 0 0 0

#Transform 148
Transform: AffineTransform_float_3_3
Parameters: 0.999991 0.00382737 0.00140505 -0.00386962 0.999514 0.0309268 -0.00128593 -0.0309322 0.99952 0.0496274 0.679745 -0.253429
FixedParameters: 0 0 0

#Transform 149
Transform: AffineTransform_float_3_3
Parameters: 0.999993 0.00337307 0.00158656 -0.00339992 0.999845 0.0172877 -0.00152744 -0.0172933 0.99985 -0.0269885 0.720828 -0.128761
FixedParameters: 0 0 0

#Transform 150
Transform: AffineTransform_float_3_3
Parameters: 0.999992 0.00382254 0.00101347 -0.00384145 0.999793 0.0199502 -0.000936542 -0.0199537 0.9998 0.0211797 0.845075 -0.0962699
FixedParameters: 0 0 0

#Transform 151
Transform: AffineTransform_float_3_3
Parameters: 0.999993 0.00375402 0.0010289 -0.00377398 0.999789 0.0201603 -0.000953104 -0.0201637 0.999796 -0.000116903 0.820782 -0.0291172
FixedParameters: 0 0 0

#Transform 152
Transform: AffineTransform_float_3_3
Parameters: 0.99999 0.00441678 0.000363491 -0.00442022 0.999946 0.00938949 -0.000321505 -0.00939151 0.999956 -0.0106325 0.771383 -0.00149837
FixedParameters: 0 0 0

#Transform 153
Transform: AffineTransform_float_3_3
Parameters: 0.999994 0.00352597 1.65109e-05 -0.00352602 0.999967 0.00723498 9.51111e-06 -0.00723501 0.999974 0.0178516 0.769296 0.0136496
FixedParameters: 0 0 0

#Transform 154
Transform: AffineTransform_float_3_3
Parameters: 0.999992 0.00394654 7.95957e-05 -0.00394746 0.999968 0.00699174 -5.14e-05 -0.00699225 0.999975 0.00331852 0.752642 -0.00358596
FixedParameters: 0 0 0

#Transform 155
Transform: AffineTransform_float_3_3
Parameters: 0.999991 0.00405931 -0.00017362 -0.00405768 0.999968 0.00699277 0.000202379 -0.00699224 0.999976 0.019285 0.753561 -0.00368898
FixedParameters: 0 0 0

#Transform 156
Transform: AffineTransform_float_3_3
Parameters: 0.999991 0.00426401 0.00015751 -0.00426498 0.999967 0.00691939 -0.000127492 -0.00691961 0.999976 0.0150897 0.773879 -0.0022836
FixedParameters: 0 0 0

#Transform 157
Transform: AffineTransform_float_3_3
Parameters: 0.999994 0.00360386 0.000381929 -0.00360714 0.999956 0.00857768 -0.000351072 -0.00857832 0.999963 -0.00818809 0.73137 0.0213987
FixedParameters: 0 0 0

#Transform 158
Transform: AffineTransform_float_3_3
Parameters: 0.999993 0.00369277 0.000296273 -0.00369524 0.999962 0.00792395 -0.000267725 -0.00792504 0.999968 -0.0489101 0.681483 0.00859842
FixedParameters: 0 0 0

#Transform 159
Transform: AffineTransform_float_3_3
Parameters: 0.999993 0.00375341 -2.9967e-05 -0.00375259 0.999954 0.00880118 6.30326e-05 -0.00880183 0.999962 -0.0282575 0.669029 0.0177329
FixedParameters: 0 0 0
