# transform file /out/sourcedata/freesurfer/sub-v2s1x29896_ses-1/mri/transforms/cc_up.lta
# created by oesteban on Thu Mar 12 20:53:02 2026

type      = 0 # LINEAR_VOX_TO_VOX
nxforms   = 1
mean      = 129.0000 104.0000 113.0000
sigma     = 10000.0000
1 4 4
9.996058344841003e-01 1.591166295111179e-02 -2.313486672937870e-02 -2.318370491266251e-01 
-1.590740494430065e-02 9.998735189437866e-01 3.681608650367707e-04 4.502988052368164e+01 
2.313779667019844e-02 -2.910383392618066e-11 9.997324347496033e-01 1.403340625762939e+01 
0.000000000000000e+00 0.000000000000000e+00 0.000000000000000e+00 1.000000000000000e+00 
src volume info
valid = 1  # volume info valid
filename = /out/sourcedata/freesurfer/sub-v2s1x29896_ses-1/mri/norm.mgz
volume = 256 256 256
voxelsize = 8.999999165534973e-01 8.999999165534973e-01 8.999999165534973e-01
xras   = -1.000000119209290e+00 0.000000000000000e+00 0.000000000000000e+00
yras   = 0.000000000000000e+00 0.000000000000000e+00 -1.000000000000000e+00
zras   = 0.000000000000000e+00 1.000000000000000e+00 0.000000000000000e+00
cras   = 1.833776092529297e+01 4.132982635498047e+01 -2.166961669921875e+00
dst volume info
valid = 1  # volume info valid
filename = /out/sourcedata/freesurfer/sub-v2s1x29896_ses-1/mri/norm.mgz
volume = 256 256 256
voxelsize = 8.999999165534973e-01 8.999999165534973e-01 8.999999165534973e-01
xras   = -1.000000119209290e+00 0.000000000000000e+00 0.000000000000000e+00
yras   = 0.000000000000000e+00 0.000000000000000e+00 -1.000000000000000e+00
zras   = 0.000000000000000e+00 1.000000000000000e+00 0.000000000000000e+00
cras   = 1.833776092529297e+01 4.132982635498047e+01 -2.166961669921875e+00
