type      = 0 # LINEAR_VOX_TO_VOX
nxforms   = 1
mean      = 0.0000 0.0000 0.0000
sigma     = 1.0000
1 4 4
9.793620109558105e-01 1.201049890369177e-02 -1.755989715456963e-02 1.419418334960938e+00 
-1.275930088013411e-02 1.044210433959961e+00 1.838078796863556e-01 -5.514465332031250e+00 
3.355560451745987e-02 -2.222963869571686e-01 9.578500986099243e-01 2.372564697265625e+01 
0.000000000000000e+00 0.000000000000000e+00 0.000000000000000e+00 1.000000000000000e+00 
src volume info
valid = 1  # volume info valid
filename = /out/sourcedata/freesurfer/sub-v2s1x29896_ses-1/mri/orig.mgz
volume = 256 256 256
voxelsize = 8.999999165534973e-01 8.999999165534973e-01 8.999999165534973e-01
xras   = -1.000000119209290e+00 0.000000000000000e+00 0.000000000000000e+00
yras   = 0.000000000000000e+00 0.000000000000000e+00 -1.000000000000000e+00
zras   = 0.000000000000000e+00 1.000000000000000e+00 0.000000000000000e+00
cras   = 1.833776092529297e+01 4.132982635498047e+01 -2.166961669921875e+00
dst volume info
valid = 1  # volume info valid
filename = /opt/freesurfer/average/mni305.cor.mgz
volume = 256 256 256
voxelsize = 1.000000000000000e+00 1.000000000000000e+00 1.000000000000000e+00
xras   = -1.000000000000000e+00 0.000000000000000e+00 0.000000000000000e+00
yras   = 0.000000000000000e+00 0.000000000000000e+00 -1.000000000000000e+00
zras   = 0.000000000000000e+00 1.000000000000000e+00 0.000000000000000e+00
cras   = 0.000000000000000e+00 0.000000000000000e+00 0.000000000000000e+00
subject fsaverage
fscale 0.100000
