#Insight Transform File V1.0
#Transform 0
Transform: AffineTransform_float_3_3
Parameters: 1 0 0 0 1 -0.000247 0 0.000247 1 1.42109e-14 -0.0277687 -0.216012
FixedParameters: 0 0 0

#Transform 1
Transform: AffineTransform_float_3_3
Parameters: 1 0.000512 -3.90656e-07 -0.000512 0.999999 -0.000762999 -3.90656e-07 0.000762999 0.999999 -0.0238264 0.0978737 0.00670106
FixedParameters: 0 0 0

#Transform 2
Transform: AffineTransform_float_3_3
Parameters: 1 0.000621286 0.000186045 -0.000620713 0.999998 -0.00153811 -0.000186955 0.00153788 0.999999 -0.0249062 0.0980094 -0.0743578
FixedParameters: 0 0 0

#Transform 3
Transform: AffineTransform_float_3_3
Parameters: 0.999999 0.000999226 0.000957722 -0.000997773 0.999998 -0.00127996 -0.000959277 0.00127904 0.999998 -0.0471675 0.0808256 -0.0798848
FixedParameters: 0 0 0

#Transform 4
Transform: AffineTransform_float_3_3
Parameters: 0.999999 0.000938957 0.00120748 -0.000937042 0.999998 -0.00162013 -0.00120952 0.00161887 0.999998 -0.0399569 0.100307 -0.129753
FixedParameters: 0 0 0

#Transform 5
Transform: AffineTransform_float_3_3
Parameters: 0.999999 0.00139328 0.000725642 -0.00139072 0.999994 -0.00313101 -0.000729357 0.00312999 0.999995 -0.0537098 0.060031 -0.369567
FixedParameters: 0 0 0

#Transform 6
Transform: AffineTransform_float_3_3
Parameters: 0.999999 0.00157262 0.000978212 -0.00156839 0.999992 -0.00368554 -0.000983785 0.00368346 0.999992 -0.0539461 0.0455901 -0.34001
FixedParameters: 0 0 0

#Transform 7
Transform: AffineTransform_float_3_3
Parameters: 0.999999 0.00126756 0.000173933 -0.00126744 0.999994 -0.00320922 -0.000178068 0.00320878 0.999995 -0.0606826 0.0506249 -0.307143
FixedParameters: 0 0 0

#Transform 8
Transform: AffineTransform_float_3_3
Parameters: 1 0.00115056 0.000174372 -0.00115045 0.999995 -0.0031542 -0.00017763 0.0031548 0.999995 -0.07595 0.0782935 -0.227305
FixedParameters: 0 0 0

#Transform 9
Transform: AffineTransform_float_3_3
Parameters: 1 0.00101956 0.000174785 -0.00101844 0.999994 -0.00315418 -0.000178214 0.00315482 0.999995 -0.0624552 0.0645753 -0.254376
FixedParameters: 0 0 0

#Transform 10
Transform: AffineTransform_float_3_3
Parameters: 0.999999 0.00156971 0.000171584 -0.00156828 0.999991 -0.00408827 -0.000178414 0.00408873 0.999991 -0.0342282 0.0230137 -0.360164
FixedParameters: 0 0 0

#Transform 11
Transform: AffineTransform_float_3_3
Parameters: 0.999999 0.00156963 0.000172313 -0.00156837 0.999992 -0.00362428 -0.000177685 0.00362373 0.999994 -0.0680293 0.017541 -0.351578
FixedParameters: 0 0 0

#Transform 12
Transform: AffineTransform_float_3_3
Parameters: 0.999998 0.00156988 0.000227014 -0.00156912 0.999991 -0.00381436 -0.000232986 0.00381364 0.999992 -0.0772083 0.0252113 -0.399983
FixedParameters: 0 0 0

#Transform 13
Transform: AffineTransform_float_3_3
Parameters: 0.999998 0.00157003 0.000296583 -0.00156896 0.999993 -0.00345147 -0.000302416 0.00345053 0.999994 -0.0714468 0.00278936 -0.426617
FixedParameters: 0 0 0

#Transform 14
Transform: AffineTransform_float_3_3
Parameters: 0.999997 0.00215509 -0.000306433 -0.0021559 0.999993 -0.00298435 0.000299567 0.00298465 0.999995 -0.0960465 0.0233533 -0.380042
FixedParameters: 0 0 0

#Transform 15
Transform: AffineTransform_float_3_3
Parameters: 0.999997 0.0024183 -0.000239192 -0.0024187 0.999992 -0.00297343 0.000231809 0.00297357 0.999995 -0.111396 0.0371435 -0.356114
FixedParameters: 0 0 0

#Transform 16
Transform: AffineTransform_float_3_3
Parameters: 0.999996 0.00278982 -0.000355416 -0.00279119 0.999991 -0.00337402 0.000346583 0.00337498 0.999994 -0.123571 0.032242 -0.342888
FixedParameters: 0 0 0

#Transform 17
Transform: AffineTransform_float_3_3
Parameters: 0.999996 0.00261925 -0.000875262 -0.00262175 0.999991 -0.00315171 0.000866737 0.00315428 0.999994 -0.129166 0.0177221 -0.315777
FixedParameters: 0 0 0

#Transform 18
Transform: AffineTransform_float_3_3
Parameters: 0.999995 0.00276124 -0.000941149 -0.00276376 0.999992 -0.00294841 0.000932853 0.00295059 0.999995 -0.140566 0.0320233 -0.305123
FixedParameters: 0 0 0

#Transform 19
Transform: AffineTransform_float_3_3
Parameters: 0.999996 0.00251771 -0.00111149 -0.0025213 0.999993 -0.00297121 0.00110451 0.00297379 0.999995 -0.131981 0.0428855 -0.304091
FixedParameters: 0 0 0

#Transform 20
Transform: AffineTransform_float_3_3
Parameters: 0.999995 0.00268082 -0.00132946 -0.00268418 0.999992 -0.00315045 0.00132054 0.00315456 0.999994 -0.106733 0.0260731 -0.338217
FixedParameters: 0 0 0

#Transform 21
Transform: AffineTransform_float_3_3
Parameters: 0.999996 0.00223902 -0.00132942 -0.00224398 0.999991 -0.00375503 0.00132058 0.00375797 0.999992 -0.0988324 0.0031727 -0.36788
FixedParameters: 0 0 0

#Transform 22
Transform: AffineTransform_float_3_3
Parameters: 0.999997 0.00219265 -0.00123377 -0.00219735 0.999992 -0.0035373 0.00122623 0.0035397 0.999993 -0.104022 0.0218858 -0.297506
FixedParameters: 0 0 0

#Transform 23
Transform: AffineTransform_float_3_3
Parameters: 0.999996 0.00219099 -0.00187803 -0.00219701 0.999993 -0.00320189 0.00187097 0.00320611 0.999993 -0.124144 0.0155713 -0.281229
FixedParameters: 0 0 0

#Transform 24
Transform: AffineTransform_float_3_3
Parameters: 0.999995 0.00273972 -0.00196818 -0.00274728 0.99999 -0.00370762 0.00195782 0.00371339 0.999991 -0.120797 0.0116965 -0.329166
FixedParameters: 0 0 0

#Transform 25
Transform: AffineTransform_float_3_3
Parameters: 0.999994 0.00268622 -0.00216967 -0.00269378 0.99999 -0.00359018 0.00216034 0.00359583 0.999991 -0.123572 -0.0060215 -0.331094
FixedParameters: 0 0 0

#Transform 26
Transform: AffineTransform_float_3_3
Parameters: 0.999995 0.00248669 -0.0020051 -0.00249431 0.99999 -0.00365002 0.0019959 0.00365498 0.999992 -0.128422 -0.0137609 -0.300558
FixedParameters: 0 0 0

#Transform 27
Transform: AffineTransform_float_3_3
Parameters: 0.999994 0.00265008 -0.00212392 -0.00265892 0.999989 -0.00373637 0.00211407 0.00374162 0.999991 -0.122297 0.00168082 -0.338927
FixedParameters: 0 0 0

#Transform 28
Transform: AffineTransform_float_3_3
Parameters: 0.999995 0.00257198 -0.00192079 -0.00258002 0.999988 -0.00418507 0.00191021 0.00419094 0.99999 -0.107952 -0.0286656 -0.346569
FixedParameters: 0 0 0

#Transform 29
Transform: AffineTransform_float_3_3
Parameters: 0.999994 0.00250642 -0.00206148 -0.00251558 0.999988 -0.00417084 0.00205052 0.00417616 0.999989 -0.100636 -0.0187076 -0.389862
FixedParameters: 0 0 0

#Transform 30
Transform: AffineTransform_float_3_3
Parameters: 0.999993 0.00268578 -0.00251197 -0.00269622 0.999988 -0.00407325 0.00250103 0.00407974 0.999988 -0.0952939 -0.0120156 -0.427958
FixedParameters: 0 0 0

#Transform 31
Transform: AffineTransform_float_3_3
Parameters: 0.999993 0.00279245 -0.00227899 -0.00280255 0.999986 -0.00463964 0.00226601 0.00464636 0.999986 -0.0983998 -0.0275858 -0.44145
FixedParameters: 0 0 0

#Transform 32
Transform: AffineTransform_float_3_3
Parameters: 0.999992 0.00283569 -0.00258954 -0.00284831 0.999984 -0.00476066 0.00257646 0.00476734 0.999986 -0.106119 -0.031347 -0.447034
FixedParameters: 0 0 0

#Transform 33
Transform: AffineTransform_float_3_3
Parameters: 0.999993 0.00300227 -0.00250691 -0.00301274 0.999987 -0.00428948 0.00249409 0.00429652 0.999987 -0.0982873 -0.0212761 -0.439846
FixedParameters: 0 0 0

#Transform 34
Transform: AffineTransform_float_3_3
Parameters: 0.99999 0.00308733 -0.00322418 -0.00310067 0.999987 -0.00393304 0.00321181 0.00394295 0.999987 -0.102802 0.00098892 -0.393727
FixedParameters: 0 0 0

#Transform 35
Transform: AffineTransform_float_3_3
Parameters: 0.999992 0.00287865 -0.00281372 -0.00289135 0.999985 -0.0047529 0.00280028 0.0047611 0.999984 -0.122743 0.00940514 -0.347883
FixedParameters: 0 0 0

#Transform 36
Transform: AffineTransform_float_3_3
Parameters: 0.999992 0.00290532 -0.0025356 -0.00291767 0.999983 -0.00500964 0.0025204 0.00501736 0.999984 -0.117344 -0.00627208 -0.369265
FixedParameters: 0 0 0

#Transform 37
Transform: AffineTransform_float_3_3
Parameters: 0.999994 0.00258226 -0.00238568 -0.00259274 0.999986 -0.00451084 0.00237432 0.00451716 0.999987 -0.128237 0.0104822 -0.349704
FixedParameters: 0 0 0

#Transform 38
Transform: AffineTransform_float_3_3
Parameters: 0.999993 0.00246493 -0.00303149 -0.00247807 0.999986 -0.00464552 0.00301951 0.00465348 0.999984 -0.121811 0.0295836 -0.322709
FixedParameters: 0 0 0

#Transform 39
Transform: AffineTransform_float_3_3
Parameters: 0.999993 0.002635 -0.00291074 -0.002649 0.999985 -0.00481633 0.00289826 0.00482467 0.999984 -0.118223 0.00212526 -0.335222
FixedParameters: 0 0 0

#Transform 40
Transform: AffineTransform_float_3_3
Parameters: 0.999992 0.00263418 -0.00293855 -0.00264682 0.999987 -0.00436826 0.00292646 0.00437574 0.999986 -0.122586 0.00837154 -0.299835
FixedParameters: 0 0 0

#Transform 41
Transform: AffineTransform_float_3_3
Parameters: 0.999994 0.00242292 -0.00253357 -0.00243607 0.999983 -0.00517186 0.00252043 0.00517814 0.999984 -0.107122 0.018325 -0.343428
FixedParameters: 0 0 0

#Transform 42
Transform: AffineTransform_float_3_3
Parameters: 0.999996 0.00211349 -0.00222396 -0.00212651 0.999982 -0.00563829 0.00221204 0.0056427 0.999981 -0.0927018 0.0138728 -0.335792
FixedParameters: 0 0 0

#Transform 43
Transform: AffineTransform_float_3_3
Parameters: 0.999994 0.00236536 -0.0025338 -0.00237964 0.999982 -0.005394 0.00252019 0.00539999 0.999982 -0.0962047 0.0233906 -0.331324
FixedParameters: 0 0 0

#Transform 44
Transform: AffineTransform_float_3_3
Parameters: 0.999992 0.00250579 -0.00332153 -0.00252021 0.999987 -0.00458167 0.00331048 0.00459034 0.999984 -0.0959682 0.0380422 -0.316447
FixedParameters: 0 0 0

#Transform 45
Transform: AffineTransform_float_3_3
Parameters: 0.999992 0.00260532 -0.00323949 -0.00262168 0.999984 -0.00515655 0.00322551 0.00516445 0.999981 -0.0940983 0.0223111 -0.351101
FixedParameters: 0 0 0

#Transform 46
Transform: AffineTransform_float_3_3
Parameters: 0.999994 0.00242126 -0.00273811 -0.00243574 0.999983 -0.00539337 0.00272489 0.00540063 0.999981 -0.106232 0.00988536 -0.384819
FixedParameters: 0 0 0

#Transform 47
Transform: AffineTransform_float_3_3
Parameters: 0.999992 0.00284659 -0.0027918 -0.00286141 0.99998 -0.00553005 0.00277621 0.00553794 0.999981 -0.111813 0.0353821 -0.367618
FixedParameters: 0 0 0

#Transform 48
Transform: AffineTransform_float_3_3
Parameters: 0.999991 0.00311949 -0.00307189 -0.00313751 0.999979 -0.00571242 0.00305411 0.00572258 0.999979 -0.116777 0.0376286 -0.34934
FixedParameters: 0 0 0

#Transform 49
Transform: AffineTransform_float_3_3
Parameters: 0.999991 0.00295513 -0.00298281 -0.00297187 0.999979 -0.00566619 0.00296619 0.00567582 0.99998 -0.127143 0.00593318 -0.358602
FixedParameters: 0 0 0

#Transform 50
Transform: AffineTransform_float_3_3
Parameters: 0.999992 0.00286443 -0.00298297 -0.00288157 0.999979 -0.00590246 0.00296603 0.00591055 0.999978 -0.12792 0.0207686 -0.367277
FixedParameters: 0 0 0

#Transform 51
Transform: AffineTransform_float_3_3
Parameters: 0.999991 0.00296374 -0.00298325 -0.00298026 0.999978 -0.00579916 0.00296575 0.00580784 0.999978 -0.128762 0.0283562 -0.371637
FixedParameters: 0 0 0

#Transform 52
Transform: AffineTransform_float_3_3
Parameters: 0.999989 0.00319204 -0.00323481 -0.00321095 0.999977 -0.00587067 0.00321618 0.00588132 0.999977 -0.114792 0.0287972 -0.366866
FixedParameters: 0 0 0

#Transform 53
Transform: AffineTransform_float_3_3
Parameters: 0.999991 0.00301761 -0.00298471 -0.0030354 0.999977 -0.00617799 0.00296629 0.00618701 0.999976 -0.121082 0.0338106 -0.364603
FixedParameters: 0 0 0

#Transform 54
Transform: AffineTransform_float_3_3
Parameters: 0.999992 0.00274955 -0.00298219 -0.00276745 0.999979 -0.0058638 0.00296581 0.0058722 0.999979 -0.120355 0.0298052 -0.37188
FixedParameters: 0 0 0

#Transform 55
Transform: AffineTransform_float_3_3
Parameters: 0.999991 0.00304427 -0.00298419 -0.00306272 0.999977 -0.00595391 0.0029658 0.00596308 0.999978 -0.119873 0.0385087 -0.362661
FixedParameters: 0 0 0

#Transform 56
Transform: AffineTransform_float_3_3
Parameters: 0.999991 0.00266277 -0.00329147 -0.00268324 0.999978 -0.00615822 0.00327553 0.00616678 0.999975 -0.100403 0.0109032 -0.353604
FixedParameters: 0 0 0

#Transform 57
Transform: AffineTransform_float_3_3
Parameters: 0.999992 0.00266079 -0.00298324 -0.0026802 0.999975 -0.00645205 0.00296576 0.00645994 0.999974 -0.0945792 0.0251441 -0.397104
FixedParameters: 0 0 0

#Transform 58
Transform: AffineTransform_float_3_3
Parameters: 0.999992 0.00272787 -0.00298268 -0.00274513 0.999977 -0.00609086 0.00296633 0.00609814 0.999977 -0.128105 0.0606063 -0.342479
FixedParameters: 0 0 0

#Transform 59
Transform: AffineTransform_float_3_3
Parameters: 0.999993 0.00215714 -0.00298121 -0.00217786 0.999973 -0.00701155 0.0029658 0.00701845 0.999971 -0.0668021 0.0169657 -0.448226
FixedParameters: 0 0 0

#Transform 60
Transform: AffineTransform_float_3_3
Parameters: 0.999992 0.0033066 -0.00252198 -0.0033244 0.99997 -0.00692567 0.00249903 0.00693332 0.999973 -0.0978643 0.00823537 -0.466873
FixedParameters: 0 0 0

#Transform 61
Transform: AffineTransform_float_3_3
Parameters: 0.999993 0.00302924 -0.00247267 -0.00304676 0.999972 -0.00680152 0.00245232 0.00680948 0.999974 -0.121332 0.0304335 -0.395932
FixedParameters: 0 0 0

#Transform 62
Transform: AffineTransform_float_3_3
Parameters: 0.999991 0.00316785 -0.00298538 -0.00318616 0.999977 -0.00609555 0.00296662 0.00610446 0.999977 -0.129707 0.0458447 -0.331642
FixedParameters: 0 0 0

#Transform 63
Transform: AffineTransform_float_3_3
Parameters: 0.999994 0.00279741 -0.00206194 -0.00281159 0.999971 -0.00710624 0.00204206 0.00711175 0.999972 -0.137034 0.0260766 -0.351407
FixedParameters: 0 0 0

#Transform 64
Transform: AffineTransform_float_3_3
Parameters: 0.999993 0.00282719 -0.00246144 -0.00284381 0.999972 -0.00685304 0.00244156 0.00685994 0.999973 -0.1254 0.0147199 -0.374293
FixedParameters: 0 0 0

#Transform 65
Transform: AffineTransform_float_3_3
Parameters: 0.999992 0.00281384 -0.00265041 -0.00283116 0.999973 -0.00687155 0.00263159 0.00687946 0.999973 -0.119799 0.0270444 -0.364788
FixedParameters: 0 0 0

#Transform 66
Transform: AffineTransform_float_3_3
Parameters: 0.999991 0.00307122 -0.00288314 -0.00309078 0.999974 -0.00653215 0.00286286 0.00654085 0.999975 -0.126712 0.0283618 -0.362442
FixedParameters: 0 0 0

#Transform 67
Transform: AffineTransform_float_3_3
Parameters: 0.999992 0.00297649 -0.00288433 -0.00299652 0.99997 -0.00713542 0.00286268 0.00714359 0.999971 -0.105754 0.010777 -0.452876
FixedParameters: 0 0 0

#Transform 68
Transform: AffineTransform_float_3_3
Parameters: 0.999992 0.00294088 -0.00262842 -0.00295912 0.999971 -0.00691827 0.00260758 0.00692572 0.999972 -0.117504 -0.00122486 -0.421196
FixedParameters: 0 0 0

#Transform 69
Transform: AffineTransform_float_3_3
Parameters: 0.999991 0.00291158 -0.00288174 -0.00292943 0.999975 -0.00641061 0.00286327 0.00641839 0.999976 -0.132142 0.0345136 -0.358754
FixedParameters: 0 0 0

#Transform 70
Transform: AffineTransform_float_3_3
Parameters: 0.99999 0.00302512 -0.00326547 -0.00304589 0.999975 -0.00640912 0.00324653 0.00641888 0.999974 -0.140574 0.0484062 -0.314227
FixedParameters: 0 0 0

#Transform 71
Transform: AffineTransform_float_3_3
Parameters: 0.999992 0.0025639 -0.00329752 -0.0025851 0.999976 -0.00641053 0.00328049 0.00641847 0.999974 -0.120403 0.0342288 -0.292805
FixedParameters: 0 0 0

#Transform 72
Transform: AffineTransform_float_3_3
Parameters: 0.999995 0.00241907 -0.00233269 -0.00243593 0.99997 -0.00728235 0.00231531 0.00728864 0.999971 -0.130157 0.0229222 -0.367314
FixedParameters: 0 0 0

#Transform 73
Transform: AffineTransform_float_3_3
Parameters: 0.999991 0.00304298 -0.00288533 -0.00306402 0.999968 -0.00730822 0.00286267 0.00731677 0.999969 -0.125506 0.0249187 -0.411841
FixedParameters: 0 0 0

#Transform 74
Transform: AffineTransform_float_3_3
Parameters: 0.999991 0.00304529 -0.00269062 -0.00306572 0.999966 -0.00772781 0.00266738 0.00773519 0.999966 -0.131154 0.0363888 -0.368551
FixedParameters: 0 0 0

#Transform 75
Transform: AffineTransform_float_3_3
Parameters: 0.999992 0.00282118 -0.00279924 -0.00284683 0.999957 -0.00890311 0.00277475 0.00891091 0.999957 -0.126041 0.0143481 -0.415068
FixedParameters: 0 0 0

#Transform 76
Transform: AffineTransform_float_3_3
Parameters: 0.999984 0.00348443 -0.00429503 -0.00353157 0.999932 -0.011118 0.00425597 0.011133 0.999929 -0.130671 0.0144818 -0.537086
FixedParameters: 0 0 0

#Transform 77
Transform: AffineTransform_float_3_3
Parameters: 0.999982 0.00351775 -0.00470995 -0.00356825 0.999937 -0.0107034 0.00467204 0.0107206 0.999931 -0.157247 0.00904415 -0.592157
FixedParameters: 0 0 0

#Transform 78
Transform: AffineTransform_float_3_3
Parameters: 0.999978 0.00380602 -0.00546767 -0.00386797 0.999928 -0.0113701 0.00542333 0.0113909 0.999921 -0.187887 0.0158275 -0.598339
FixedParameters: 0 0 0

#Transform 79
Transform: AffineTransform_float_3_3
Parameters: 0.999972 0.00429037 -0.00601005 -0.00436163 0.999921 -0.0117881 0.00595894 0.0118139 0.999913 -0.189845 -0.00505319 -0.604586
FixedParameters: 0 0 0

#Transform 80
Transform: AffineTransform_float_3_3
Parameters: 0.999976 0.004228 -0.00546731 -0.004291 0.999924 -0.0115628 0.0054177 0.0115862 0.999918 -0.187232 0.0122674 -0.585963
FixedParameters: 0 0 0

#Transform 81
Transform: AffineTransform_float_3_3
Parameters: 0.999973 0.00404679 -0.0061283 -0.00411921 0.999921 -0.0118171 0.0060797 0.0118419 0.999912 -0.196001 0.022935 -0.597691
FixedParameters: 0 0 0

#Transform 82
Transform: AffineTransform_float_3_3
Parameters: 0.999979 0.00343116 -0.00551595 -0.00349284 0.99993 -0.011241 0.00547705 0.01126 0.999921 -0.195452 0.0472151 -0.52408
FixedParameters: 0 0 0

#Transform 83
Transform: AffineTransform_float_3_3
Parameters: 0.999983 0.00343921 -0.00460268 -0.00349277 0.999925 -0.0117281 0.00456132 0.0117449 0.99992 -0.180356 0.0355199 -0.532834
FixedParameters: 0 0 0

#Transform 84
Transform: AffineTransform_float_3_3
Parameters: 0.999983 0.00300036 -0.00513988 -0.00306065 0.999926 -0.0118315 0.00510412 0.0118465 0.999917 -0.184103 0.0507317 -0.534167
FixedParameters: 0 0 0

#Transform 85
Transform: AffineTransform_float_3_3
Parameters: 0.999979 0.00272407 -0.00585668 -0.00278693 0.999938 -0.0107639 0.00582732 0.0107801 0.999925 -0.184509 0.0627472 -0.45531
FixedParameters: 0 0 0

#Transform 86
Transform: AffineTransform_float_3_3
Parameters: 0.999977 0.00276852 -0.00617593 -0.00283048 0.999947 -0.00996875 0.00614807 0.00998626 0.999931 -0.182502 0.0536985 -0.381087
FixedParameters: 0 0 0

#Transform 87
Transform: AffineTransform_float_3_3
Parameters: 0.99998 0.00300594 -0.00564865 -0.00306006 0.999947 -0.00976491 0.00561837 0.00978209 0.999937 -0.190057 0.0514238 -0.369159
FixedParameters: 0 0 0

#Transform 88
Transform: AffineTransform_float_3_3
Parameters: 0.999981 0.00300837 -0.00539866 -0.00306061 0.999947 -0.00976566 0.00536834 0.00978233 0.999937 -0.206908 0.0686772 -0.379779
FixedParameters: 0 0 0

#Transform 89
Transform: AffineTransform_float_3_3
Parameters: 0.999984 0.00282173 -0.00478639 -0.00287127 0.999942 -0.0103174 0.00475761 0.0103316 0.999936 -0.210137 0.0762762 -0.378245
FixedParameters: 0 0 0

#Transform 90
Transform: AffineTransform_float_3_3
Parameters: 0.999981 0.00316567 -0.00520355 -0.00322431 0.999929 -0.0114314 0.00516645 0.0114486 0.999921 -0.178442 0.0252791 -0.489701
FixedParameters: 0 0 0

#Transform 91
Transform: AffineTransform_float_3_3
Parameters: 0.999981 0.00314466 -0.00541829 -0.00320335 0.999936 -0.0107929 0.00538472 0.0108101 0.999927 -0.185465 0.0188205 -0.456363
FixedParameters: 0 0 0

#Transform 92
Transform: AffineTransform_float_3_3
Parameters: 0.999978 0.00314121 -0.00584662 -0.0032028 0.999939 -0.0105905 0.00581338 0.0106085 0.999927 -0.20529 0.035794 -0.420669
FixedParameters: 0 0 0

#Transform 93
Transform: AffineTransform_float_3_3
Parameters: 0.999975 0.00390683 -0.005857 -0.00397117 0.99993 -0.011157 0.00581301 0.01118 0.99992 -0.203145 0.0351185 -0.456063
FixedParameters: 0 0 0

#Transform 94
Transform: AffineTransform_float_3_3
Parameters: 0.999976 0.00364835 -0.00599967 -0.00371666 0.999929 -0.011304 0.00595833 0.011326 0.999918 -0.200336 0.0186518 -0.465105
FixedParameters: 0 0 0

#Transform 95
Transform: AffineTransform_float_3_3
Parameters: 0.999978 0.00319609 -0.00584838 -0.00325991 0.999934 -0.0109502 0.00581362 0.0109688 0.999923 -0.207222 0.032323 -0.418618
FixedParameters: 0 0 0

#Transform 96
Transform: AffineTransform_float_3_3
Parameters: 0.999978 0.00332512 -0.0058492 -0.00338788 0.999936 -0.0107734 0.0058128 0.0107936 0.999925 -0.216797 0.0524931 -0.414811
FixedParameters: 0 0 0

#Transform 97
Transform: AffineTransform_float_3_3
Parameters: 0.999976 0.00355125 -0.00585216 -0.00361474 0.999934 -0.0109181 0.00581284 0.0109389 0.999924 -0.197098 0.058292 -0.424379
FixedParameters: 0 0 0

#Transform 98
Transform: AffineTransform_float_3_3
Parameters: 0.999977 0.003595 -0.00585655 -0.00366501 0.999922 -0.0119868 0.00581345 0.0120082 0.999911 -0.187125 0.0254768 -0.49229
FixedParameters: 0 0 0

#Transform 99
Transform: AffineTransform_float_3_3
Parameters: 0.999973 0.00390679 -0.00633349 -0.00397822 0.999928 -0.0112701 0.00628952 0.0112949 0.999917 -0.194451 0.0297133 -0.484111
FixedParameters: 0 0 0

#Transform 100
Transform: AffineTransform_float_3_3
Parameters: 0.999972 0.00390617 -0.00635968 -0.00397784 0.999928 -0.011322 0.00631532 0.011347 0.999915 -0.205626 0.0459439 -0.471505
FixedParameters: 0 0 0

#Transform 101
Transform: AffineTransform_float_3_3
Parameters: 0.999971 0.00375337 -0.00653822 -0.00382562 0.99993 -0.0111303 0.00649577 0.0111557 0.999916 -0.213203 0.0292919 -0.421064
FixedParameters: 0 0 0

#Transform 102
Transform: AffineTransform_float_3_3
Parameters: 0.99997 0.003903 -0.00666946 -0.00397799 0.999928 -0.0112688 0.00662454 0.0112952 0.999915 -0.210272 0.0305601 -0.427157
FixedParameters: 0 0 0

#Transform 103
Transform: AffineTransform_float_3_3
Parameters: 0.999972 0.00347307 -0.00666085 -0.00354092 0.999941 -0.0102127 0.00662514 0.0102363 0.999925 -0.238783 0.0756739 -0.325167
FixedParameters: 0 0 0

#Transform 104
Transform: AffineTransform_float_3_3
Parameters: 0.999969 0.00330062 -0.00724939 -0.00337339 0.999945 -0.00999486 0.0072166 0.0100191 0.999924 -0.246616 0.0968209 -0.271956
FixedParameters: 0 0 0

#Transform 105
Transform: AffineTransform_float_3_3
Parameters: 0.999969 0.00349025 -0.00709229 -0.00356675 0.999935 -0.010838 0.00705371 0.010863 0.999916 -0.224484 0.081457 -0.34543
FixedParameters: 0 0 0

#Transform 106
Transform: AffineTransform_float_3_3
Parameters: 0.999968 0.00367287 -0.0070913 -0.00374412 0.999942 -0.0100428 0.00705371 0.0100692 0.999925 -0.22423 0.0926109 -0.305409
FixedParameters: 0 0 0

#Transform 107
Transform: AffineTransform_float_3_3
Parameters: 0.999971 0.00367274 -0.0065763 -0.00374426 0.999934 -0.0108557 0.00653669 0.0108803 0.99992 -0.214055 0.0970616 -0.373937
FixedParameters: 0 0 0

#Transform 108
Transform: AffineTransform_float_3_3
Parameters: 0.999976 0.00314857 -0.00604997 -0.00321243 0.999938 -0.0106698 0.00601603 0.0106892 0.999925 -0.212385 0.0687055 -0.382029
FixedParameters: 0 0 0

#Transform 109
Transform: AffineTransform_float_3_3
Parameters: 0.999976 0.00323376 -0.00604968 -0.00329623 0.999942 -0.0103063 0.00601531 0.0103267 0.999928 -0.210449 0.0760972 -0.308509
FixedParameters: 0 0 0

#Transform 110
Transform: AffineTransform_float_3_3
Parameters: 0.999978 0.00291889 -0.00604688 -0.0029821 0.999941 -0.0104542 0.00601513 0.0104718 0.999927 -0.213359 0.0838048 -0.354049
FixedParameters: 0 0 0

#Transform 111
Transform: AffineTransform_float_3_3
Parameters: 0.999973 0.00287516 -0.00678428 -0.00294084 0.999949 -0.00971531 0.00675572 0.00973469 0.99993 -0.22117 0.0774759 -0.288672
FixedParameters: 0 0 0

#Transform 112
Transform: AffineTransform_float_3_3
Parameters: 0.999975 0.00282419 -0.00645077 -0.00288882 0.999945 -0.0100606 0.00642224 0.0100784 0.999928 -0.218084 0.0791311 -0.302782
FixedParameters: 0 0 0

#Transform 113
Transform: AffineTransform_float_3_3
Parameters: 0.999975 0.00234163 -0.00667222 -0.00240436 0.999954 -0.00935419 0.00664978 0.00937081 0.999934 -0.219698 0.0869753 -0.221344
FixedParameters: 0 0 0

#Transform 114
Transform: AffineTransform_float_3_3
Parameters: 0.999978 0.00259369 -0.0061798 -0.00265232 0.999952 -0.00944682 0.0061552 0.00946318 0.999937 -0.190013 0.0650739 -0.240973
FixedParameters: 0 0 0

#Transform 115
Transform: AffineTransform_float_3_3
Parameters: 0.999975 0.00242333 -0.00654583 -0.00249166 0.999941 -0.0105019 0.00652017 0.0105181 0.999924 -0.187351 0.0498809 -0.333736
FixedParameters: 0 0 0

#Transform 116
Transform: AffineTransform_float_3_3
Parameters: 0.999973 0.00281562 -0.0066814 -0.00288938 0.999936 -0.010999 0.00664959 0.011018 0.999917 -0.189047 0.0220955 -0.377794
FixedParameters: 0 0 0

#Transform 117
Transform: AffineTransform_float_3_3
Parameters: 0.999973 0.00281866 -0.00668012 -0.00288933 0.99994 -0.010543 0.00664988 0.010562 0.999922 -0.179121 0.0313506 -0.39997
FixedParameters: 0 0 0

#Transform 118
Transform: AffineTransform_float_3_3
Parameters: 0.999973 0.00281846 -0.0066802 -0.00288953 0.99994 -0.010573 0.00664979 0.010592 0.999922 -0.183323 0.0312828 -0.399163
FixedParameters: 0 0 0

#Transform 119
Transform: AffineTransform_float_3_3
Parameters: 0.999973 0.00281547 -0.00679693 -0.00288953 0.999937 -0.0108327 0.00676607 0.0108523 0.999918 -0.180358 0.0227388 -0.397297
FixedParameters: 0 0 0

#Transform 120
Transform: AffineTransform_float_3_3
Parameters: 0.999973 0.00281711 -0.00668077 -0.00288888 0.999938 -0.010775 0.00664923 0.010794 0.999919 -0.188716 0.0385682 -0.383996
FixedParameters: 0 0 0

#Transform 121
Transform: AffineTransform_float_3_3
Parameters: 0.999977 0.00282499 -0.00627123 -0.00288901 0.999943 -0.0102211 0.00624177 0.0102399 0.999928 -0.175677 0.0353785 -0.430114
FixedParameters: 0 0 0

#Transform 122
Transform: AffineTransform_float_3_3
Parameters: 0.999976 0.00320428 -0.00617816 -0.00325771 0.999957 -0.00870408 0.00614984 0.00872392 0.999943 -0.184704 0.0166466 -0.367441
FixedParameters: 0 0 0

#Transform 123
Transform: AffineTransform_float_3_3
Parameters: 0.999972 0.00338367 -0.00667935 -0.00344033 0.999957 -0.00859126 0.00664965 0.00861374 0.999941 -0.1773 0.0298355 -0.359289
FixedParameters: 0 0 0

#Transform 124
Transform: AffineTransform_float_3_3
Parameters: 0.999972 0.0033668 -0.00676285 -0.0034322 0.999947 -0.00965305 0.00672914 0.00967592 0.99993 -0.163963 0.0387627 -0.422982
FixedParameters: 0 0 0

#Transform 125
Transform: AffineTransform_float_3_3
Parameters: 0.999966 0.0038035 -0.00731323 -0.0038785 0.999941 -0.0102 0.00727377 0.010228 0.999921 -0.161801 0.0346708 -0.453951
FixedParameters: 0 0 0

#Transform 126
Transform: AffineTransform_float_3_3
Parameters: 0.999965 0.00372578 -0.0074118 -0.00380121 0.99994 -0.0102952 0.00737319 0.0103238 0.999919 -0.171652 0.0459917 -0.456834
FixedParameters: 0 0 0

#Transform 127
Transform: AffineTransform_float_3_3
Parameters: 0.999968 0.00343193 -0.00716096 -0.00350607 0.99994 -0.0103562 0.00712502 0.0103818 0.99992 -0.161465 0.063892 -0.456842
FixedParameters: 0 0 0

#Transform 128
Transform: AffineTransform_float_3_3
Parameters: 0.999968 0.0032376 -0.00722166 -0.0033154 0.999936 -0.0108714 0.00718534 0.0108946 0.999915 -0.143281 0.0367786 -0.469994
FixedParameters: 0 0 0

#Transform 129
Transform: AffineTransform_float_3_3
Parameters: 0.999967 0.00342869 -0.00737543 -0.00350531 0.999939 -0.0104945 0.00733957 0.0105205 0.999917 -0.153921 0.0471721 -0.450338
FixedParameters: 0 0 0

#Transform 130
Transform: AffineTransform_float_3_3
Parameters: 0.999967 0.00342967 -0.00728244 -0.00350532 0.999939 -0.0104948 0.00724557 0.0105202 0.999919 -0.151779 0.0745503 -0.443612
FixedParameters: 0 0 0

#Transform 131
Transform: AffineTransform_float_3_3
Parameters: 0.999968 0.00341188 -0.007258 -0.00350512 0.99991 -0.012995 0.00721302 0.01302 0.999889 -0.103436 0.0329111 -0.613882
FixedParameters: 0 0 0

#Transform 132
Transform: AffineTransform_float_3_3
Parameters: 0.999964 0.003401 -0.00771216 -0.003506 0.999901 -0.0136414 0.00766584 0.0136686 0.999877 -0.085505 0.033605 -0.703462
FixedParameters: 0 0 0

#Transform 133
Transform: AffineTransform_float_3_3
Parameters: 0.999965 0.0033978 -0.00771358 -0.00350521 0.999895 -0.0140575 0.00766544 0.0140846 0.999872 -0.0752025 0.0321477 -0.792151
FixedParameters: 0 0 0

#Transform 134
Transform: AffineTransform_float_3_3
Parameters: 0.999969 0.00340062 -0.00706768 -0.00350539 0.999882 -0.0149517 0.00701633 0.0149763 0.999863 -0.0467737 0.0109225 -0.862279
FixedParameters: 0 0 0

#Transform 135
Transform: AffineTransform_float_3_3
Parameters: 0.99997 0.00340749 -0.00692138 -0.00350552 0.999892 -0.0142712 0.00687263 0.0142948 0.999874 -0.0517908 0.0342355 -0.854145
FixedParameters: 0 0 0

#Transform 136
Transform: AffineTransform_float_3_3
Parameters: 0.999966 0.00340174 -0.00748427 -0.00350526 0.999897 -0.0139622 0.00743574 0.0139878 0.999874 -0.0848365 0.0715037 -0.703967
FixedParameters: 0 0 0

#Transform 137
Transform: AffineTransform_float_3_3
Parameters: 0.999966 0.00340263 -0.00751665 -0.00350537 0.999899 -0.0137821 0.00746935 0.0138079 0.999877 -0.0961675 0.0417097 -0.677683
FixedParameters: 0 0 0

#Transform 138
Transform: AffineTransform_float_3_3
Parameters: 0.999961 0.00361171 -0.00812976 -0.00371328 0.999915 -0.0124783 0.00808324 0.0125087 0.999889 -0.121667 0.0598449 -0.620675
FixedParameters: 0 0 0

#Transform 139
Transform: AffineTransform_float_3_3
Parameters: 0.999955 0.0036357 -0.00884358 -0.00374731 0.999913 -0.0126024 0.00879741 0.0126346 0.999881 -0.114151 0.0941552 -0.616868
FixedParameters: 0 0 0

#Transform 140
Transform: AffineTransform_float_3_3
Parameters: 0.999956 0.00392381 -0.00845735 -0.00404119 0.999895 -0.0138834 0.00840263 0.0139176 0.999868 -0.108687 0.0452756 -0.719747
FixedParameters: 0 0 0

#Transform 141
Transform: AffineTransform_float_3_3
Parameters: 0.999956 0.00374844 -0.00867897 -0.00387156 0.999893 -0.014148 0.00862503 0.014181 0.999862 -0.106593 0.052868 -0.762497
FixedParameters: 0 0 0

#Transform 142
Transform: AffineTransform_float_3_3
Parameters: 0.999952 0.00406778 -0.0088537 -0.00418922 0.999897 -0.0137156 0.00879729 0.0137524 0.999866 -0.138333 0.0664866 -0.677283
FixedParameters: 0 0 0

#Transform 143
Transform: AffineTransform_float_3_3
Parameters: 0.999953 0.0039027 -0.00884875 -0.0040183 0.999907 -0.01305 0.00879724 0.0130849 0.999875 -0.152889 0.070954 -0.59743
FixedParameters: 0 0 0

#Transform 144
Transform: AffineTransform_float_3_3
Parameters: 0.999959 0.00400933 -0.00820946 -0.00411268 0.999912 -0.0126518 0.00815756 0.0126842 0.999887 -0.16248 0.0512792 -0.53765
FixedParameters: 0 0 0

#Transform 145
Transform: AffineTransform_float_3_3
Parameters: 0.999963 0.00341761 -0.00797546 -0.00350539 0.999933 -0.0110945 0.00793755 0.0111225 0.999906 -0.208133 0.0793413 -0.395184
FixedParameters: 0 0 0

#Transform 146
Transform: AffineTransform_float_3_3
Parameters: 0.999955 0.00341912 -0.00883113 -0.00350589 0.999946 -0.00984248 0.00879687 0.00987252 0.999912 -0.243506 0.0916091 -0.289876
FixedParameters: 0 0 0

#Transform 147
Transform: AffineTransform_float_3_3
Parameters: 0.999952 0.0040991 -0.00883782 -0.0041859 0.999943 -0.00983647 0.00879717 0.00987252 0.999912 -0.268068 0.0859593 -0.264012
FixedParameters: 0 0 0

#Transform 148
Transform: AffineTransform_float_3_3
Parameters: 0.999957 0.00368864 -0.00845097 -0.00377035 0.999946 -0.00963054 0.00841501 0.00966245 0.999918 -0.278436 0.0896059 -0.288915
FixedParameters: 0 0 0

#Transform 149
Transform: AffineTransform_float_3_3
Parameters: 0.999958 0.00417558 -0.00807854 -0.00425543 0.999943 -0.00983903 0.00803744 0.00987297 0.999919 -0.270515 0.0892333 -0.30999
FixedParameters: 0 0 0

#Transform 150
Transform: AffineTransform_float_3_3
Parameters: 0.999962 0.00407677 -0.00768854 -0.00415623 0.999938 -0.0103174 0.00764546 0.0103486 0.999917 -0.241607 0.0846642 -0.382632
FixedParameters: 0 0 0

#Transform 151
Transform: AffineTransform_float_3_3
Parameters: 0.999965 0.00377414 -0.00749822 -0.00385286 0.999937 -0.0105305 0.00745779 0.0105585 0.999917 -0.24575 0.0867598 -0.386806
FixedParameters: 0 0 0

#Transform 152
Transform: AffineTransform_float_3_3
Parameters: 0.999967 0.00382132 -0.00717545 -0.00390068 0.999932 -0.0109824 0.00713353 0.0110106 0.999914 -0.223438 0.0866582 -0.494221
FixedParameters: 0 0 0

#Transform 153
Transform: AffineTransform_float_3_3
Parameters: 0.999971 0.00423451 -0.00629636 -0.00430749 0.999924 -0.0115442 0.00624663 0.0115708 0.999913 -0.20505 0.0593686 -0.525968
FixedParameters: 0 0 0

#Transform 154
Transform: AffineTransform_float_3_3
Parameters: 0.999973 0.0039598 -0.00621166 -0.00402918 0.999929 -0.0111663 0.00616634 0.0111917 0.999919 -0.223474 0.0621178 -0.460917
FixedParameters: 0 0 0

#Transform 155
Transform: AffineTransform_float_3_3
Parameters: 0.99997 0.00371024 -0.00670309 -0.00377975 0.999938 -0.010424 0.00666391 0.010449 0.999923 -0.240899 0.0827654 -0.380188
FixedParameters: 0 0 0

#Transform 156
Transform: AffineTransform_float_3_3
Parameters: 0.999972 0.0035203 -0.00658346 -0.00358369 0.999946 -0.00968868 0.00654855 0.00971232 0.999932 -0.245721 0.0943415 -0.316139
FixedParameters: 0 0 0

#Transform 157
Transform: AffineTransform_float_3_3
Parameters: 0.99998 0.00325563 -0.00546083 -0.00331536 0.999935 -0.0108981 0.00542416 0.0109159 0.999925 -0.229327 0.078696 -0.379277
FixedParameters: 0 0 0

#Transform 158
Transform: AffineTransform_float_3_3
Parameters: 0.999978 0.00319832 -0.00590097 -0.00326169 0.999936 -0.010814 0.00586604 0.010833 0.999924 -0.239423 0.0777852 -0.334754
FixedParameters: 0 0 0

#Transform 159
Transform: AffineTransform_float_3_3
Parameters: 0.999977 0.00326669 -0.00583063 -0.00332632 0.999943 -0.0101918 0.00579737 0.0102112 0.999931 -0.243084 0.0874736 -0.302876
FixedParameters: 0 0 0
