#Insight Transform File V1.0
#Transform 0
Transform: AffineTransform_float_3_3
Parameters: 1 -0.000649993 4.0104e-05 0.000650006 1 -0.000159974 -3.9896e-05 0.000160026 1 0.00171735 -0.0372938 -0.435666
FixedParameters: 0 0 0

#Transform 1
Transform: AffineTransform_float_3_3
Parameters: 1 4.32724e-05 -0.000670982 -4.27275e-05 1 0.000406029 0.000671017 -0.000405971 0.999999 0.00269342 0.0264155 -0.0927804
FixedParameters: 0 0 0

#Transform 2
Transform: AffineTransform_float_3_3
Parameters: 1 8.5127e-05 -0.000300964 -8.4873e-05 1 0.000422025 0.000301036 -0.000421974 1 -0.00998482 0.018329 -0.101322
FixedParameters: 0 0 0

#Transform 3
Transform: AffineTransform_float_3_3
Parameters: 1 8.52421e-05 -0.000396948 -8.47578e-05 1 0.000610033 0.000397052 -0.000609966 0.999999 -0.00657748 0.0418902 -0.0553522
FixedParameters: 0 0 0

#Transform 4
Transform: AffineTransform_float_3_3
Parameters: 1 8.52813e-05 -0.000258908 -8.47187e-05 1 0.00108602 0.000259092 -0.00108598 1 0.00591886 0.0256269 -0.0180901
FixedParameters: 0 0 0

#Transform 5
Transform: AffineTransform_float_3_3
Parameters: 1 8.59568e-05 -0.000616867 -8.50429e-05 0.999999 0.00155105 0.000617132 -0.00155095 0.999998 0.0186094 0.0120211 -0.0539841
FixedParameters: 0 0 0

#Transform 6
Transform: AffineTransform_float_3_3
Parameters: 1 8.54553e-05 -0.000382899 -8.45446e-05 1 0.00118903 0.000383101 -0.00118897 0.999999 0.0103186 0.0135154 -0.0891773
FixedParameters: 0 0 0

#Transform 7
Transform: AffineTransform_float_3_3
Parameters: 1 8.55777e-05 -0.000374868 -8.4422e-05 0.999999 0.00154103 0.00037513 -0.00154097 0.999998 0.0100241 -0.00875037 -0.0532281
FixedParameters: 0 0 0

#Transform 8
Transform: AffineTransform_float_3_3
Parameters: 1 8.63163e-05 -0.000670832 -8.46833e-05 0.999998 0.00196206 0.000671167 -0.00196194 0.999998 0.0204351 0.00960649 -0.0334786
FixedParameters: 0 0 0

#Transform 9
Transform: AffineTransform_float_3_3
Parameters: 1 8.57273e-05 -0.000670907 -8.42726e-05 1 0.00108406 0.000671092 -0.00108394 0.999999 0.0204702 0.0419845 -0.0562645
FixedParameters: 0 0 0

#Transform 10
Transform: AffineTransform_float_3_3
Parameters: 1 8.60231e-05 -0.000670869 -8.49766e-05 0.999999 0.00152506 0.00067113 -0.00152494 0.999998 0.00532656 0.0199098 -0.0790127
FixedParameters: 0 0 0

#Transform 11
Transform: AffineTransform_float_3_3
Parameters: 1 8.57655e-05 -0.000670903 -8.42343e-05 1 0.00114106 0.000671096 -0.00114094 0.999999 0.00544516 0.0409094 -0.0385089
FixedParameters: 0 0 0

#Transform 12
Transform: AffineTransform_float_3_3
Parameters: 1 8.58849e-05 -0.000670887 -8.51148e-05 0.999999 0.00131906 0.000671113 -0.00131894 0.999999 0.0204013 0.0332306 0.0243262
FixedParameters: 0 0 0

#Transform 13
Transform: AffineTransform_float_3_3
Parameters: 1 8.55555e-05 -0.00067093 -8.44443e-05 0.999999 0.000828057 0.00067107 -0.000827943 1 -0.000115945 0.0478443 -0.0121324
FixedParameters: 0 0 0

#Transform 14
Transform: AffineTransform_float_3_3
Parameters: 1 -6.28976e-05 -0.000192034 6.31023e-05 1 0.000532988 0.000191966 -0.000533012 1 0.0029818 0.0235263 0.0922051
FixedParameters: 0 0 0

#Transform 15
Transform: AffineTransform_float_3_3
Parameters: 1 -7.99697e-05 0.000177014 8.00303e-05 1 -0.000170986 -0.000176986 0.000171014 1 0.00880714 0.0204135 0.078162
FixedParameters: 0 0 0

#Transform 16
Transform: AffineTransform_float_3_3
Parameters: 1 1.49483e-05 -2.80276e-05 -1.50516e-05 0.999999 -0.001845 2.79723e-05 0.001845 0.999999 -0.00456884 0.0431833 0.045442
FixedParameters: 0 0 0

#Transform 17
Transform: AffineTransform_float_3_3
Parameters: 1 6.70131e-05 7.88957e-06 -6.69867e-05 0.999998 -0.001648 -8.1104e-06 0.001648 0.999998 -0.00536385 0.0231324 0.0312347
FixedParameters: 0 0 0

#Transform 18
Transform: AffineTransform_float_3_3
Parameters: 1 6.70037e-05 7.96858e-06 -6.69962e-05 1 -0.000469 -8.03142e-06 0.000468999 1 -0.00536035 0.0135622 0.0485642
FixedParameters: 0 0 0

#Transform 19
Transform: AffineTransform_float_3_3
Parameters: 1 6.70076e-05 7.93614e-06 -6.69923e-05 0.999999 -0.000953 -8.06384e-06 0.000952999 0.999999 -0.00535887 0.0389792 0.0202107
FixedParameters: 0 0 0

#Transform 20
Transform: AffineTransform_float_3_3
Parameters: 1 6.69992e-05 8.0069e-06 -6.70008e-05 1 0.000102999 -7.9931e-06 -0.000103001 1 -0.00536197 -0.0029007 -0.0164462
FixedParameters: 0 0 0

#Transform 21
Transform: AffineTransform_float_3_3
Parameters: 1 6.69993e-05 8.00603e-06 -6.70007e-05 1 8.99995e-05 -7.99397e-06 -9.00005e-05 1 -0.00071073 -0.00911949 -0.0592279
FixedParameters: 0 0 0

#Transform 22
Transform: AffineTransform_float_3_3
Parameters: 1 6.69933e-05 8.05587e-06 -6.70066e-05 0.999999 0.000833999 -7.94412e-06 -0.000834 0.999999 -0.00617967 0.0155156 -0.00830222
FixedParameters: 0 0 0

#Transform 23
Transform: AffineTransform_float_3_3
Parameters: 1 6.69978e-05 8.01809e-06 -6.70022e-05 1 0.000269999 -7.98191e-06 -0.000270001 1 0.00581683 0.0468556 0.0417393
FixedParameters: 0 0 0

#Transform 24
Transform: AffineTransform_float_3_3
Parameters: 1 6.7037e-05 0.000153984 -6.6963e-05 1 -0.00024001 -0.000154016 0.00023999 1 0.00156642 0.0132349 0.0686352
FixedParameters: 0 0 0

#Transform 25
Transform: AffineTransform_float_3_3
Parameters: 1 6.69709e-05 -0.000350006 -6.7029e-05 1 -8.29765e-05 0.000349994 8.30234e-05 1 0.0194052 0.0254812 0.0914445
FixedParameters: 0 0 0

#Transform 26
Transform: AffineTransform_float_3_3
Parameters: 1 0.000284958 -0.000162074 -0.000285042 1 -0.000260954 0.000161926 0.000261046 1 0.0149204 0.0619215 0.0452984
FixedParameters: 0 0 0

#Transform 27
Transform: AffineTransform_float_3_3
Parameters: 1 0.000525 8.0231e-06 -0.000525 1 4.39958e-05 -7.9769e-06 -4.40042e-05 1 0.0111659 0.0456514 0.0802821
FixedParameters: 0 0 0

#Transform 28
Transform: AffineTransform_float_3_3
Parameters: 1 0.000525002 7.8824e-06 -0.000524998 1 -0.000224004 -8.1176e-06 0.000223996 1 0.0111622 0.0388535 0.0532778
FixedParameters: 0 0 0

#Transform 29
Transform: AffineTransform_float_3_3
Parameters: 1 0.000356002 7.92025e-06 -0.000355998 1 -0.000224003 -8.07974e-06 0.000223997 1 -0.00996594 0.0283674 0.0820946
FixedParameters: 0 0 0

#Transform 30
Transform: AffineTransform_float_3_3
Parameters: 0.999999 0.000959004 7.52912e-06 -0.000958996 1 -0.000491008 -8.47086e-06 0.000490992 1 0.00581374 0.0334772 0.188182
FixedParameters: 0 0 0

#Transform 31
Transform: AffineTransform_float_3_3
Parameters: 1 0.000524865 -0.00033821 -0.000525135 1 -0.000399822 0.00033879 0.000400178 1 0.0237119 0.039772 0.176926
FixedParameters: 0 0 0

#Transform 32
Transform: AffineTransform_float_3_3
Parameters: 0.999999 0.000524465 -0.000514546 -0.000524534 1 -0.00103973 0.000513455 0.00104027 1 0.0230189 0.0377462 0.11415
FixedParameters: 0 0 0

#Transform 33
Transform: AffineTransform_float_3_3
Parameters: 0.999999 0.000778066 -0.000515412 -0.000778933 0.999998 -0.0018136 0.000513588 0.0018144 0.999998 0.0323072 0.0141206 0.056401
FixedParameters: 0 0 0

#Transform 34
Transform: AffineTransform_float_3_3
Parameters: 1 0.000299328 -0.000514392 -0.000300671 0.999999 -0.00130685 0.000513608 0.00130615 0.999999 0.0278121 0.0372279 0.0532297
FixedParameters: 0 0 0

#Transform 35
Transform: AffineTransform_float_3_3
Parameters: 0.999999 0.000298702 -0.000768506 -0.000300296 0.999998 -0.00168877 0.000767494 0.00168923 0.999999 0.0367657 0.0635244 0.100889
FixedParameters: 0 0 0

#Transform 36
Transform: AffineTransform_float_3_3
Parameters: 1 0.000593457 -0.00100192 -0.000594542 0.999998 -0.00153941 0.00100109 0.0015406 0.999999 0.0364637 0.0691047 0.0988369
FixedParameters: 0 0 0

#Transform 37
Transform: AffineTransform_float_3_3
Parameters: 1 0.000298265 -0.00100152 -0.000300736 0.999999 -0.0017327 0.00100148 0.0017333 0.999998 0.0451639 0.0536679 0.0861944
FixedParameters: 0 0 0

#Transform 38
Transform: AffineTransform_float_3_3
Parameters: 0.999999 0.000911028 -0.00100006 -0.000909971 0.999999 0.00102791 0.00100194 -0.00102709 0.999999 0.0481256 -0.0118528 0.150668
FixedParameters: 0 0 0

#Transform 39
Transform: AffineTransform_float_3_3
Parameters: 0.999999 0.000909414 -0.00100153 -0.000910587 1 -0.000585089 0.00100147 0.000585912 1 0.0508517 0.0451167 0.196309
FixedParameters: 0 0 0

#Transform 40
Transform: AffineTransform_float_3_3
Parameters: 0.999999 0.000807771 -0.000949047 -0.000809229 0.999999 -0.00129523 0.000947952 0.00129577 0.999998 0.0479075 0.0661431 0.212569
FixedParameters: 0 0 0

#Transform 41
Transform: AffineTransform_float_3_3
Parameters: 0.999999 0.000910011 -0.000295963 -0.000909987 0.999999 4.02693e-05 0.000296036 -3.97306e-05 1 0.0258422 0.0455559 0.171181
FixedParameters: 0 0 0

#Transform 42
Transform: AffineTransform_float_3_3
Parameters: 1 0.00038296 -0.000581027 -0.00038304 1 -6.97774e-05 0.000580973 6.92225e-05 1 0.0381789 0.0452065 0.188413
FixedParameters: 0 0 0

#Transform 43
Transform: AffineTransform_float_3_3
Parameters: 0.999999 0.000385898 -0.000919788 -0.000383101 0.999995 0.00314935 0.00092121 -0.00314864 0.999994 0.0355195 -0.0115944 0.153482
FixedParameters: 0 0 0

#Transform 44
Transform: AffineTransform_float_3_3
Parameters: 1 0.000384828 -0.0010003 -0.000383171 0.999999 0.00182738 0.0010017 -0.00182662 0.999998 0.0614426 0.0273543 0.262578
FixedParameters: 0 0 0

#Transform 45
Transform: AffineTransform_float_3_3
Parameters: 1 0.000383467 -0.000472622 -0.000383534 1 0.000987182 0.000472379 -0.00098682 1 0.0358548 0.0569372 0.2466
FixedParameters: 0 0 0

#Transform 46
Transform: AffineTransform_float_3_3
Parameters: 1 0.000382428 -0.000479457 -0.000383571 0.999999 -0.00119282 0.000478543 0.00119318 0.999999 0.0174351 0.0932104 0.209901
FixedParameters: 0 0 0

#Transform 47
Transform: AffineTransform_float_3_3
Parameters: 0.999999 0.000381885 -0.000868491 -0.000383115 0.999999 -0.00128467 0.000867508 0.00128433 0.999999 0.00537885 0.0903192 0.138046
FixedParameters: 0 0 0

#Transform 48
Transform: AffineTransform_float_3_3
Parameters: 0.999999 0.000536308 -0.000621598 -0.000536691 0.999999 -0.00111367 0.000620402 0.00111433 0.999999 0.0068952 0.0816139 0.127818
FixedParameters: 0 0 0

#Transform 49
Transform: AffineTransform_float_3_3
Parameters: 1 0.000840971 -0.00088398 -0.000842029 0.999999 -0.00116426 0.00088302 0.00116474 0.999999 0.0238871 0.0860576 0.134747
FixedParameters: 0 0 0

#Transform 50
Transform: AffineTransform_float_3_3
Parameters: 0.999999 0.00102759 -0.00100245 -0.00102841 0.999999 -0.00140597 0.00100155 0.00140703 0.999998 0.0178134 0.0825467 0.116684
FixedParameters: 0 0 0

#Transform 51
Transform: AffineTransform_float_3_3
Parameters: 1 0.000479889 -0.00100153 -0.000481113 1 -0.00111052 0.00100147 0.00111048 0.999999 0.0193938 0.0506162 0.159545
FixedParameters: 0 0 0

#Transform 52
Transform: AffineTransform_float_3_3
Parameters: 1 0.000335455 -0.00100152 -0.000336547 0.999999 -0.00154366 0.00100148 0.00154334 0.999999 0.0231727 0.0724016 0.194533
FixedParameters: 0 0 0

#Transform 53
Transform: AffineTransform_float_3_3
Parameters: 1 0.000335598 -0.00100147 -0.000336402 0.999999 -0.00139966 0.00100153 0.00140034 0.999998 0.0231535 0.0793591 0.211093
FixedParameters: 0 0 0

#Transform 54
Transform: AffineTransform_float_3_3
Parameters: 1 0.000335254 -0.00100159 -0.000336747 0.999999 -0.00174366 0.00100141 0.00174434 0.999998 0.023141 0.0758626 0.224339
FixedParameters: 0 0 0

#Transform 55
Transform: AffineTransform_float_3_3
Parameters: 0.999999 0.000335671 -0.000727615 -0.00033633 0.999999 -0.00182776 0.000727387 0.00182725 0.999998 0.0133526 0.0681153 0.222698
FixedParameters: 0 0 0

#Transform 56
Transform: AffineTransform_float_3_3
Parameters: 0.999999 0.000335714 -0.000909475 -0.000336285 0.999999 -0.00141369 0.000908525 0.00141431 0.999998 0.0228117 0.0715469 0.202694
FixedParameters: 0 0 0

#Transform 57
Transform: AffineTransform_float_3_3
Parameters: 0.999999 0.000776169 -0.00107832 -0.000778831 0.999999 -0.00169916 0.00107668 0.00169984 0.999998 0.0226826 0.110874 0.198394
FixedParameters: 0 0 0

#Transform 58
Transform: AffineTransform_float_3_3
Parameters: 1 0.00061917 -0.00100213 -0.000621832 0.999998 -0.00182738 0.00100187 0.00182762 0.999998 0.0208093 0.103945 0.276174
FixedParameters: 0 0 0

#Transform 59
Transform: AffineTransform_float_3_3
Parameters: 1 0.000776259 -0.000708912 -0.000778742 0.999996 -0.00245945 0.000707087 0.00245955 0.999996 0.00950849 0.0899217 0.333419
FixedParameters: 0 0 0

#Transform 60
Transform: AffineTransform_float_3_3
Parameters: 1 0.000776179 -0.00076585 -0.000778822 0.999997 -0.0023804 0.000764149 0.00238059 0.999997 0.00103337 0.0869126 0.447493
FixedParameters: 0 0 0

#Transform 61
Transform: AffineTransform_float_3_3
Parameters: 0.999999 0.000775023 -0.00100331 -0.00077798 0.999996 -0.00297122 0.00100169 0.00297178 0.999995 0.0198669 0.13722 0.396563
FixedParameters: 0 0 0

#Transform 62
Transform: AffineTransform_float_3_3
Parameters: 0.999999 0.000372343 -0.00100237 -0.00037566 0.999994 -0.00365163 0.00100163 0.00365138 0.999993 0.0434612 0.102028 0.346853
FixedParameters: 0 0 0

#Transform 63
Transform: AffineTransform_float_3_3
Parameters: 0.999999 0.000868829 -0.00100375 -0.000872171 0.999994 -0.00316212 0.00100125 0.00316387 0.999994 0.0284001 0.0861009 0.35499
FixedParameters: 0 0 0

#Transform 64
Transform: AffineTransform_float_3_3
Parameters: 0.999999 0.00118839 -0.00100528 -0.00119261 0.999993 -0.0035968 0.00100172 0.00359819 0.999993 0.0314345 0.0839013 0.347986
FixedParameters: 0 0 0

#Transform 65
Transform: AffineTransform_float_3_3
Parameters: 0.999999 0.00118953 -0.000649542 -0.00119247 0.999992 -0.00381423 0.000645456 0.00381477 0.999992 0.018885 0.109754 0.387054
FixedParameters: 0 0 0

#Transform 66
Transform: AffineTransform_float_3_3
Parameters: 0.999999 0.00118778 -0.001006 -0.00119222 0.999991 -0.00420481 0.00100099 0.00420619 0.99999 0.00212654 0.131586 0.32775
FixedParameters: 0 0 0

#Transform 67
Transform: AffineTransform_float_3_3
Parameters: 0.999998 0.00141929 -0.00100766 -0.00142371 0.999988 -0.00468657 0.00100134 0.00468843 0.999989 -0.00291321 0.133267 0.321191
FixedParameters: 0 0 0

#Transform 68
Transform: AffineTransform_float_3_3
Parameters: 0.999998 0.00161546 -0.00100832 -0.00162055 0.999989 -0.00452138 0.00100168 0.00452263 0.99999 0.00443457 0.125994 0.353781
FixedParameters: 0 0 0

#Transform 69
Transform: AffineTransform_float_3_3
Parameters: 0.999999 0.00119874 -0.000944431 -0.00120226 0.999989 -0.00452187 0.000939572 0.00452313 0.99999 0.0255459 0.135274 0.366134
FixedParameters: 0 0 0

#Transform 70
Transform: AffineTransform_float_3_3
Parameters: 0.999999 0.00115965 -0.00100604 -0.00116335 0.99999 -0.00433883 0.00100096 0.00433917 0.99999 0.0273855 0.144565 0.408911
FixedParameters: 0 0 0

#Transform 71
Transform: AffineTransform_float_3_3
Parameters: 0.999999 0.00111146 -0.00100604 -0.00111554 0.999989 -0.00452188 0.00100097 0.00452312 0.99999 0.0269159 0.150811 0.424199
FixedParameters: 0 0 0

#Transform 72
Transform: AffineTransform_float_3_3
Parameters: 0.999998 0.00132539 -0.00100709 -0.00132961 0.999988 -0.00458567 0.00100191 0.00458633 0.999989 0.01222 0.126258 0.337874
FixedParameters: 0 0 0

#Transform 73
Transform: AffineTransform_float_3_3
Parameters: 0.999999 0.000868991 -0.000224933 -0.000870009 0.99999 -0.00452281 0.000221067 0.00452319 0.999989 0.0179855 0.115158 0.355037
FixedParameters: 0 0 0

#Transform 74
Transform: AffineTransform_float_3_3
Parameters: 0.999999 0.000875624 -9.64734e-05 -0.000875377 0.999992 -0.00396592 9.35298e-05 0.00396508 0.999992 0.0134753 0.111767 0.392096
FixedParameters: 0 0 0

#Transform 75
Transform: AffineTransform_float_3_3
Parameters: 0.999999 0.00123452 -0.000816291 -0.00123748 0.99999 -0.004279 0.000810712 0.00428001 0.999991 0.0343843 0.117151 0.4338
FixedParameters: 0 0 0

#Transform 76
Transform: AffineTransform_float_3_3
Parameters: 0.999999 0.00107685 -0.000698877 -0.00108015 0.999989 -0.00452225 0.000694122 0.00452275 0.999989 0.0012 0.1234 0.395043
FixedParameters: 0 0 0

#Transform 77
Transform: AffineTransform_float_3_3
Parameters: 0.999999 0.00135126 -0.000701262 -0.00135474 0.999984 -0.00536606 0.00069374 0.00536694 0.999986 0.0101376 0.136818 0.360259
FixedParameters: 0 0 0

#Transform 78
Transform: AffineTransform_float_3_3
Parameters: 0.999999 0.000478983 -0.000779106 -0.000484016 0.999979 -0.00645163 0.000775893 0.00645237 0.999979 -0.00261281 0.214269 0.268637
FixedParameters: 0 0 0

#Transform 79
Transform: AffineTransform_float_3_3
Parameters: 0.999999 0.000480655 -0.000836929 -0.000484345 0.999992 -0.00400159 0.000835068 0.0040014 0.999991 -0.0290707 0.0993135 0.233765
FixedParameters: 0 0 0

#Transform 80
Transform: AffineTransform_float_3_3
Parameters: 0.999999 0.00102003 -0.000869682 -0.00102397 0.999989 -0.00458011 0.000865319 0.00458089 0.999989 0.00699489 0.14125 0.319497
FixedParameters: 0 0 0

#Transform 81
Transform: AffineTransform_float_3_3
Parameters: 0.999999 0.00102019 -0.000854571 -0.00102381 0.99999 -0.00447213 0.000850429 0.00447287 0.999989 0.0194181 0.141847 0.340662
FixedParameters: 0 0 0

#Transform 82
Transform: AffineTransform_float_3_3
Parameters: 1 0.00102118 -0.000569089 -0.00102382 0.999987 -0.00497542 0.000563913 0.00497658 0.999988 0.0177211 0.147979 0.349855
FixedParameters: 0 0 0

#Transform 83
Transform: AffineTransform_float_3_3
Parameters: 0.999999 0.00102 -0.000871701 -0.001024 0.999989 -0.00459911 0.000867299 0.00459989 0.999989 0.0289928 0.124097 0.369159
FixedParameters: 0 0 0

#Transform 84
Transform: AffineTransform_float_3_3
Parameters: 0.999999 0.00144998 -0.00110363 -0.00145502 0.999988 -0.0045644 0.00109737 0.0045656 0.999989 0.0368079 0.124023 0.386539
FixedParameters: 0 0 0

#Transform 85
Transform: AffineTransform_float_3_3
Parameters: 0.999998 0.00144929 -0.00120191 -0.00145471 0.999987 -0.00476026 0.00119509 0.00476174 0.999988 0.0401522 0.130695 0.441348
FixedParameters: 0 0 0

#Transform 86
Transform: AffineTransform_float_3_3
Parameters: 0.999998 0.00118745 -0.0010682 -0.00119356 0.999985 -0.00521273 0.00106279 0.00521327 0.999986 0.0329637 0.145803 0.454223
FixedParameters: 0 0 0

#Transform 87
Transform: AffineTransform_float_3_3
Parameters: 0.999998 0.00144763 -0.00144443 -0.00145538 0.999986 -0.00511691 0.00143757 0.00511909 0.999986 0.0424839 0.173917 0.285931
FixedParameters: 0 0 0

#Transform 88
Transform: AffineTransform_float_3_3
Parameters: 0.999998 0.00144867 -0.00137371 -0.00145533 0.999989 -0.00461901 0.00136729 0.00462099 0.999989 0.0464077 0.126342 0.30238
FixedParameters: 0 0 0

#Transform 89
Transform: AffineTransform_float_3_3
Parameters: 0.999997 0.00166413 -0.00175147 -0.00167287 0.999985 -0.00507408 0.00174253 0.00507691 0.999985 0.0256657 0.142623 0.399196
FixedParameters: 0 0 0

#Transform 90
Transform: AffineTransform_float_3_3
Parameters: 0.999997 0.00180086 -0.00162916 -0.00180914 0.999982 -0.00562407 0.00161985 0.00562793 0.999983 0.0226603 0.162436 0.4071
FixedParameters: 0 0 0

#Transform 91
Transform: AffineTransform_float_3_3
Parameters: 0.999997 0.00222842 -0.00150628 -0.00223558 0.999984 -0.00505165 0.00149472 0.00505535 0.999986 0.02778 0.113087 0.347415
FixedParameters: 0 0 0

#Transform 92
Transform: AffineTransform_float_3_3
Parameters: 0.999996 0.00222771 -0.00172874 -0.00223529 0.999986 -0.00481015 0.00171826 0.00481385 0.999987 0.0401402 0.124486 0.394933
FixedParameters: 0 0 0

#Transform 93
Transform: AffineTransform_float_3_3
Parameters: 0.999996 0.00222616 -0.00178236 -0.00223585 0.999982 -0.00554004 0.00177064 0.00554397 0.999983 0.0419964 0.169392 0.425604
FixedParameters: 0 0 0

#Transform 94
Transform: AffineTransform_float_3_3
Parameters: 0.999996 0.00201712 -0.00166559 -0.00202588 0.999986 -0.00474364 0.00165541 0.00474636 0.999988 0.0359282 0.137586 0.379933
FixedParameters: 0 0 0

#Transform 95
Transform: AffineTransform_float_3_3
Parameters: 0.999997 0.00171368 -0.00169043 -0.00172032 0.999992 -0.0037431 0.00168357 0.0037459 0.999991 0.0411008 0.0962719 0.388315
FixedParameters: 0 0 0

#Transform 96
Transform: AffineTransform_float_3_3
Parameters: 0.999998 0.0015863 -0.00162358 -0.00159371 0.99999 -0.00413542 0.00161742 0.00413858 0.99999 0.0483574 0.118018 0.394285
FixedParameters: 0 0 0

#Transform 97
Transform: AffineTransform_float_3_3
Parameters: 0.999997 0.00159992 -0.00157921 -0.00160708 0.999988 -0.00449347 0.00157179 0.00449652 0.999988 0.0467286 0.132684 0.405782
FixedParameters: 0 0 0

#Transform 98
Transform: AffineTransform_float_3_3
Parameters: 0.999998 0.00126831 -0.00138814 -0.00127469 0.999988 -0.00482824 0.00138186 0.00482977 0.999988 0.0299459 0.115545 0.40557
FixedParameters: 0 0 0

#Transform 99
Transform: AffineTransform_float_3_3
Parameters: 0.999997 0.00162042 -0.00192326 -0.00162958 0.999988 -0.00446888 0.00191573 0.00447212 0.999988 0.0496506 0.123685 0.395509
FixedParameters: 0 0 0

#Transform 100
Transform: AffineTransform_float_3_3
Parameters: 0.999997 0.00169259 -0.00166954 -0.00170041 0.999988 -0.00444617 0.00166245 0.00444882 0.999988 0.0395162 0.127352 0.417031
FixedParameters: 0 0 0

#Transform 101
Transform: AffineTransform_float_3_3
Parameters: 0.999997 0.00169358 -0.00141969 -0.00170042 0.999989 -0.0045316 0.00141231 0.0045344 0.999988 0.0419346 0.145271 0.473043
FixedParameters: 0 0 0

#Transform 102
Transform: AffineTransform_float_3_3
Parameters: 0.999997 0.00169187 -0.00184847 -0.00170013 0.999989 -0.00440387 0.00184153 0.00440713 0.999988 0.0436216 0.131132 0.483251
FixedParameters: 0 0 0

#Transform 103
Transform: AffineTransform_float_3_3
Parameters: 0.999996 0.00217579 -0.00192646 -0.00218521 0.999986 -0.00479381 0.00191554 0.00479819 0.999986 0.0528623 0.129078 0.440773
FixedParameters: 0 0 0

#Transform 104
Transform: AffineTransform_float_3_3
Parameters: 0.999996 0.00217511 -0.00192722 -0.00218489 0.999985 -0.00514681 0.00191578 0.00515019 0.999985 0.0486046 0.135088 0.469892
FixedParameters: 0 0 0

#Transform 105
Transform: AffineTransform_float_3_3
Parameters: 0.999996 0.00217463 -0.00192777 -0.00218538 0.999983 -0.00539681 0.00191623 0.00540019 0.999983 0.0644202 0.150062 0.487742
FixedParameters: 0 0 0

#Transform 106
Transform: AffineTransform_float_3_3
Parameters: 0.999995 0.00243106 -0.00228676 -0.00244294 0.999984 -0.00523344 0.00227324 0.00523856 0.999983 0.0647163 0.154712 0.517709
FixedParameters: 0 0 0

#Transform 107
Transform: AffineTransform_float_3_3
Parameters: 0.999992 0.00273341 -0.00288286 -0.00274858 0.999981 -0.00541612 0.00286715 0.00542388 0.999981 0.0681186 0.128495 0.535382
FixedParameters: 0 0 0

#Transform 108
Transform: AffineTransform_float_3_3
Parameters: 0.999996 0.00194685 -0.00178027 -0.00195815 0.999979 -0.00628154 0.00176773 0.00628546 0.999978 0.0563845 0.164098 0.711811
FixedParameters: 0 0 0

#Transform 109
Transform: AffineTransform_float_3_3
Parameters: 0.999997 0.00209087 -0.00165262 -0.00210013 0.999983 -0.00554255 0.00164138 0.00554546 0.999984 0.0534311 0.149788 0.699185
FixedParameters: 0 0 0

#Transform 110
Transform: AffineTransform_float_3_3
Parameters: 0.999997 0.00166172 -0.00183834 -0.00167228 0.999983 -0.00560194 0.00182966 0.00560505 0.999982 0.0561202 0.143185 0.541194
FixedParameters: 0 0 0

#Transform 111
Transform: AffineTransform_float_3_3
Parameters: 0.999997 0.00157836 -0.00182239 -0.00158864 0.999984 -0.00530012 0.0018146 0.00530288 0.999985 0.0547008 0.124575 0.565424
FixedParameters: 0 0 0

#Transform 112
Transform: AffineTransform_float_3_3
Parameters: 0.999998 0.00165691 -0.00124117 -0.00166309 0.999987 -0.00492195 0.00123283 0.00492406 0.999987 0.0347359 0.136643 0.637738
FixedParameters: 0 0 0

#Transform 113
Transform: AffineTransform_float_3_3
Parameters: 0.999997 0.00183157 -0.0016504 -0.00183943 0.999985 -0.00512098 0.0016416 0.00512402 0.999985 0.0434481 0.153517 0.622007
FixedParameters: 0 0 0

#Transform 114
Transform: AffineTransform_float_3_3
Parameters: 0.999997 0.00209184 -0.00165139 -0.00210016 0.999985 -0.00495455 0.00164161 0.00495845 0.999987 0.0536233 0.148576 0.585423
FixedParameters: 0 0 0

#Transform 115
Transform: AffineTransform_float_3_3
Parameters: 0.999996 0.00196584 -0.00165076 -0.00197416 0.999986 -0.00495476 0.00164124 0.00495824 0.999987 0.0418422 0.123066 0.631047
FixedParameters: 0 0 0

#Transform 116
Transform: AffineTransform_float_3_3
Parameters: 0.999998 0.00166716 -0.0015455 -0.00167483 0.999985 -0.00508242 0.0015365 0.00508557 0.999986 0.0456551 0.153821 0.673158
FixedParameters: 0 0 0

#Transform 117
Transform: AffineTransform_float_3_3
Parameters: 0.999998 0.00167792 -0.00154284 -0.00168608 0.999985 -0.00525241 0.00153416 0.00525559 0.999985 0.0456667 0.156345 0.66408
FixedParameters: 0 0 0

#Transform 118
Transform: AffineTransform_float_3_3
Parameters: 0.999997 0.00169107 -0.0016502 -0.00169994 0.999984 -0.00542621 0.0016418 0.00542879 0.999984 0.049646 0.159343 0.643024
FixedParameters: 0 0 0

#Transform 119
Transform: AffineTransform_float_3_3
Parameters: 0.999998 0.00159276 -0.001649 -0.00160124 0.999986 -0.00500637 0.001641 0.00500863 0.999986 0.0464125 0.131736 0.610382
FixedParameters: 0 0 0

#Transform 120
Transform: AffineTransform_float_3_3
Parameters: 0.999998 0.00159207 -0.00164967 -0.00160093 0.999984 -0.00542637 0.00164134 0.00542863 0.999984 0.0487209 0.168481 0.634447
FixedParameters: 0 0 0

#Transform 121
Transform: AffineTransform_float_3_3
Parameters: 0.999998 0.00159255 -0.00156067 -0.00160145 0.999984 -0.00542651 0.00155233 0.00542949 0.999984 0.0455877 0.167186 0.638711
FixedParameters: 0 0 0

#Transform 122
Transform: AffineTransform_float_3_3
Parameters: 0.999998 0.00159207 -0.00164967 -0.00160093 0.999984 -0.00542637 0.00164134 0.00542863 0.999984 0.0486872 0.145823 0.632843
FixedParameters: 0 0 0

#Transform 123
Transform: AffineTransform_float_3_3
Parameters: 0.999996 0.00195606 -0.00165164 -0.00196494 0.999984 -0.00542577 0.00164136 0.00542923 0.999984 0.0521831 0.139438 0.604503
FixedParameters: 0 0 0

#Transform 124
Transform: AffineTransform_float_3_3
Parameters: 0.999998 0.00163807 -0.00164992 -0.00164693 0.999984 -0.0054263 0.00164109 0.0054287 0.999984 0.0536584 0.156466 0.623653
FixedParameters: 0 0 0

#Transform 125
Transform: AffineTransform_float_3_3
Parameters: 0.999999 0.00124754 -0.000791675 -0.00125247 0.999975 -0.00693801 0.000783328 0.00693898 0.999975 0.0340555 0.167921 0.566906
FixedParameters: 0 0 0

#Transform 126
Transform: AffineTransform_float_3_3
Parameters: 0.999999 0.000965853 -0.000876705 -0.00097115 0.999982 -0.00589016 0.000871295 0.00589085 0.999983 0.0526297 0.082137 0.547439
FixedParameters: 0 0 0

#Transform 127
Transform: AffineTransform_float_3_3
Parameters: 0.999998 0.00158559 -0.000221382 -0.00158641 0.999978 -0.00654466 0.000210621 0.00654534 0.999978 0.0353471 0.149216 0.553339
FixedParameters: 0 0 0

#Transform 128
Transform: AffineTransform_float_3_3
Parameters: 0.999997 0.00169274 -0.0013051 -0.00170226 0.999973 -0.00712679 0.0012929 0.0071282 0.999974 0.0426979 0.200877 0.573528
FixedParameters: 0 0 0

#Transform 129
Transform: AffineTransform_float_3_3
Parameters: 0.999998 0.00127361 -0.00164908 -0.00128439 0.999979 -0.0063149 0.00164092 0.0063171 0.999978 0.0366339 0.223304 0.532793
FixedParameters: 0 0 0

#Transform 130
Transform: AffineTransform_float_3_3
Parameters: 0.999997 0.00181422 -0.0016518 -0.00182378 0.99998 -0.005937 0.0016412 0.00593999 0.999981 0.0264486 0.177682 0.607337
FixedParameters: 0 0 0

#Transform 131
Transform: AffineTransform_float_3_3
Parameters: 0.999997 0.00182379 -0.00173089 -0.00183521 0.999977 -0.00649885 0.00171911 0.00650216 0.999978 0.0443774 0.204298 0.60905
FixedParameters: 0 0 0

#Transform 132
Transform: AffineTransform_float_3_3
Parameters: 0.999996 0.00182272 -0.00183329 -0.00183527 0.999976 -0.00671765 0.00182071 0.00672134 0.999976 0.0479821 0.194054 0.568732
FixedParameters: 0 0 0

#Transform 133
Transform: AffineTransform_float_3_3
Parameters: 0.999996 0.00182154 -0.00207788 -0.00183447 0.999977 -0.00649621 0.00206612 0.00649979 0.999976 0.0752372 0.186399 0.545096
FixedParameters: 0 0 0

#Transform 134
Transform: AffineTransform_float_3_3
Parameters: 0.999997 0.00182178 -0.00197627 -0.00183522 0.999976 -0.00671039 0.00196372 0.0067146 0.999975 0.0716151 0.192505 0.583606
FixedParameters: 0 0 0

#Transform 135
Transform: AffineTransform_float_3_3
Parameters: 0.999996 0.00187177 -0.00207891 -0.00188623 0.999974 -0.0068661 0.00206609 0.00686989 0.999975 0.0756676 0.20237 0.592422
FixedParameters: 0 0 0

#Transform 136
Transform: AffineTransform_float_3_3
Parameters: 0.999996 0.00182039 -0.00225487 -0.00183461 0.999977 -0.00649289 0.00224313 0.00649711 0.999977 0.0813631 0.178851 0.556761
FixedParameters: 0 0 0

#Transform 137
Transform: AffineTransform_float_3_3
Parameters: 0.999996 0.00224328 -0.00207981 -0.00225572 0.999978 -0.00613434 0.0020662 0.00613966 0.999979 0.079416 0.178181 0.517865
FixedParameters: 0 0 0

#Transform 138
Transform: AffineTransform_float_3_3
Parameters: 0.999995 0.0022409 -0.00247775 -0.00225611 0.999979 -0.00611044 0.00246426 0.00611556 0.999979 0.0934597 0.193796 0.552874
FixedParameters: 0 0 0

#Transform 139
Transform: AffineTransform_float_3_3
Parameters: 0.999994 0.0022391 -0.00258076 -0.0022559 0.999976 -0.00656422 0.00256624 0.00656978 0.999975 0.0929267 0.202627 0.541813
FixedParameters: 0 0 0

#Transform 140
Transform: AffineTransform_float_3_3
Parameters: 0.999995 0.00209291 -0.00257914 -0.00210809 0.999978 -0.0062516 0.00256587 0.00625741 0.999977 0.0956154 0.181846 0.514692
FixedParameters: 0 0 0

#Transform 141
Transform: AffineTransform_float_3_3
Parameters: 0.999995 0.00182827 -0.00248863 -0.00184373 0.999978 -0.00633344 0.00247737 0.00633756 0.999977 0.089805 0.190082 0.56785
FixedParameters: 0 0 0

#Transform 142
Transform: AffineTransform_float_3_3
Parameters: 0.999995 0.00183994 -0.00232798 -0.00185506 0.999978 -0.00648271 0.00231602 0.00648629 0.999977 0.0842197 0.214724 0.557289
FixedParameters: 0 0 0

#Transform 143
Transform: AffineTransform_float_3_3
Parameters: 0.999995 0.00189657 -0.00257817 -0.00191243 0.999978 -0.0063841 0.00256584 0.0063889 0.999977 0.0936608 0.192502 0.52409
FixedParameters: 0 0 0

#Transform 144
Transform: AffineTransform_float_3_3
Parameters: 0.999995 0.00182818 -0.00257872 -0.00184582 0.999975 -0.00692327 0.00256628 0.00692873 0.999972 0.0890304 0.197126 0.577982
FixedParameters: 0 0 0

#Transform 145
Transform: AffineTransform_float_3_3
Parameters: 0.999995 0.00224115 -0.00224691 -0.00225586 0.999976 -0.00663096 0.00223208 0.00663604 0.999975 0.0850205 0.220563 0.64532
FixedParameters: 0 0 0

#Transform 146
Transform: AffineTransform_float_3_3
Parameters: 0.999994 0.00223852 -0.00258126 -0.00225648 0.999975 -0.00678722 0.00256574 0.00679378 0.999973 0.0969756 0.196575 0.561104
FixedParameters: 0 0 0

#Transform 147
Transform: AffineTransform_float_3_3
Parameters: 0.999994 0.00223972 -0.00258022 -0.00225628 0.999978 -0.00632422 0.00256577 0.00633078 0.999976 0.0969581 0.180297 0.555967
FixedParameters: 0 0 0

#Transform 148
Transform: AffineTransform_float_3_3
Parameters: 0.999994 0.00213546 -0.00298806 -0.00215454 0.999976 -0.00655261 0.00297394 0.0065594 0.999974 0.110361 0.195871 0.553631
FixedParameters: 0 0 0

#Transform 149
Transform: AffineTransform_float_3_3
Parameters: 0.999994 0.00223771 -0.00269131 -0.0022563 0.999974 -0.00681297 0.00267668 0.00681903 0.999973 0.100762 0.215645 0.600904
FixedParameters: 0 0 0

#Transform 150
Transform: AffineTransform_float_3_3
Parameters: 0.999994 0.0020811 -0.00298726 -0.00209991 0.999977 -0.00633877 0.00297474 0.00634523 0.999976 0.103147 0.19752 0.582297
FixedParameters: 0 0 0

#Transform 151
Transform: AffineTransform_float_3_3
Parameters: 0.999995 0.00202208 -0.00263585 -0.00203992 0.999974 -0.00681366 0.00262216 0.00681834 0.999974 0.0766447 0.185732 0.589691
FixedParameters: 0 0 0

#Transform 152
Transform: AffineTransform_float_3_3
Parameters: 0.999992 0.00241925 -0.0029909 -0.00244075 0.999973 -0.00695375 0.00297409 0.00696125 0.999972 0.0919022 0.18461 0.606866
FixedParameters: 0 0 0

#Transform 153
Transform: AffineTransform_float_3_3
Parameters: 0.999992 0.00269982 -0.00299324 -0.00272118 0.999971 -0.00709392 0.00297476 0.00710209 0.999971 0.0946121 0.208696 0.625059
FixedParameters: 0 0 0

#Transform 154
Transform: AffineTransform_float_3_3
Parameters: 0.999992 0.0025369 -0.00310204 -0.0025601 0.999969 -0.00746612 0.00308296 0.00747388 0.999968 0.0707139 0.231192 0.678548
FixedParameters: 0 0 0

#Transform 155
Transform: AffineTransform_float_3_3
Parameters: 0.999992 0.00265365 -0.00299486 -0.00267735 0.999966 -0.00782104 0.00297414 0.00782895 0.999965 0.0942348 0.220966 0.642401
FixedParameters: 0 0 0

#Transform 156
Transform: AffineTransform_float_3_3
Parameters: 0.999992 0.00261443 -0.0030593 -0.00263857 0.999966 -0.00772699 0.00303869 0.00773501 0.999966 0.0961214 0.189635 0.593933
FixedParameters: 0 0 0

#Transform 157
Transform: AffineTransform_float_3_3
Parameters: 0.999991 0.00242337 -0.0034608 -0.00245063 0.999968 -0.00771159 0.0034412 0.00771941 0.999965 0.108263 0.213856 0.672934
FixedParameters: 0 0 0

#Transform 158
Transform: AffineTransform_float_3_3
Parameters: 0.999991 0.00275212 -0.00317462 -0.00277788 0.999962 -0.00817725 0.00315137 0.00818674 0.999961 0.0924436 0.222127 0.654971
FixedParameters: 0 0 0

#Transform 159
Transform: AffineTransform_float_3_3
Parameters: 0.999995 0.00189441 -0.00259289 -0.00192058 0.999949 -0.00990107 0.0025731 0.00990592 0.999947 0.0881927 0.27007 0.665482
FixedParameters: 0 0 0
