#Insight Transform File V1.0
#Transform 0
Transform: AffineTransform_float_3_3
Parameters: 1 -0.000356 -1.82984e-07 0.000356 1 0.000514 -1.82984e-07 -0.000514 1 -0.00205729 -0.0228243 -0.244787
FixedParameters: 0 0 0

#Transform 1
Transform: AffineTransform_float_3_3
Parameters: 0.999999 0.000831982 0.000122121 -0.000832017 0.999999 0.000145898 -0.000121878 -0.000146101 1 -0.0259234 0.133489 -0.0478296
FixedParameters: 0 0 0

#Transform 2
Transform: AffineTransform_float_3_3
Parameters: 0.999999 0.000860177 0.000374591 -0.000860821 0.999999 -0.000475322 -0.000375409 0.000474677 1 -0.0159083 0.0806102 -0.105786
FixedParameters: 0 0 0

#Transform 3
Transform: AffineTransform_float_3_3
Parameters: 0.999999 0.000807999 -1.0205e-06 -0.000808 0.999999 -0.001263 -2.0505e-08 0.001263 0.999999 -0.004451 0.074507 -0.0875345
FixedParameters: 0 0 0

#Transform 4
Transform: AffineTransform_float_3_3
Parameters: 1 0.000937302 0.000264936 -0.000937699 0.999999 -0.00113625 -0.000266066 0.00113675 1 -0.0148956 0.0521981 -0.0931849
FixedParameters: 0 0 0

#Transform 5
Transform: AffineTransform_float_3_3
Parameters: 0.999999 0.000854449 0.000284654 -0.00085355 0.999999 -0.00157524 -0.000286344 0.00157476 0.999998 0.00205937 0.0568769 -0.10585
FixedParameters: 0 0 0

#Transform 6
Transform: AffineTransform_float_3_3
Parameters: 0.999999 0.00146461 -0.000173343 -0.00146439 0.999997 -0.00228175 0.000170659 0.00228225 0.999998 -0.0125271 0.106189 -0.121706
FixedParameters: 0 0 0

#Transform 7
Transform: AffineTransform_float_3_3
Parameters: 0.999999 0.00137785 -0.000416832 -0.00137815 0.999995 -0.00277943 0.000413171 0.00277957 0.999996 -0.00810678 0.0527134 -0.132227
FixedParameters: 0 0 0

#Transform 8
Transform: AffineTransform_float_3_3
Parameters: 0.999998 0.00192305 -0.000736105 -0.00192495 0.999994 -0.00265259 0.000730896 0.00265341 0.999996 -0.0251822 0.0876808 -0.11386
FixedParameters: 0 0 0

#Transform 9
Transform: AffineTransform_float_3_3
Parameters: 0.999997 0.0023761 -0.00119379 -0.0023809 0.999988 -0.00411617 0.0011842 0.00411983 0.999991 -0.0356693 0.0882413 -0.109898
FixedParameters: 0 0 0

#Transform 10
Transform: AffineTransform_float_3_3
Parameters: 0.999996 0.00242829 -0.001449 -0.00243571 0.999983 -0.00534449 0.001436 0.00534751 0.999984 -0.0330586 0.0425194 -0.0928541
FixedParameters: 0 0 0

#Transform 11
Transform: AffineTransform_float_3_3
Parameters: 0.999995 0.00252847 -0.0015553 -0.00253552 0.999985 -0.00485708 0.0015427 0.00486092 0.999987 -0.0314423 0.0886298 -0.051176
FixedParameters: 0 0 0

#Transform 12
Transform: AffineTransform_float_3_3
Parameters: 0.999995 0.00286784 -0.00173294 -0.00287817 0.999979 -0.00589305 0.00171606 0.00589796 0.999981 -0.0442023 0.0866496 -0.0517996
FixedParameters: 0 0 0

#Transform 13
Transform: AffineTransform_float_3_3
Parameters: 0.999994 0.00291888 -0.00180645 -0.00292812 0.99998 -0.00562474 0.00178955 0.00563025 0.999982 -0.0477432 0.0695566 -0.0428355
FixedParameters: 0 0 0

#Transform 14
Transform: AffineTransform_float_3_3
Parameters: 0.999995 0.00274356 -0.00160551 -0.00275244 0.999983 -0.00527861 0.00159149 0.00528239 0.999985 -0.0346093 0.0635014 -0.0301146
FixedParameters: 0 0 0

#Transform 15
Transform: AffineTransform_float_3_3
Parameters: 0.999997 0.00225185 -0.00113726 -0.00225814 0.999982 -0.00543345 0.00112475 0.00543555 0.999985 -0.0345974 0.109792 -0.0632738
FixedParameters: 0 0 0

#Transform 16
Transform: AffineTransform_float_3_3
Parameters: 0.999997 0.00246682 -0.00116123 -0.00247319 0.999982 -0.00535315 0.00114877 0.00535585 0.999985 -0.035618 0.03662 -0.065319
FixedParameters: 0 0 0

#Transform 17
Transform: AffineTransform_float_3_3
Parameters: 0.999996 0.00248763 -0.00142594 -0.00249537 0.999984 -0.00519146 0.00141306 0.00519454 0.999985 -0.0330585 0.0234305 -0.0335096
FixedParameters: 0 0 0

#Transform 18
Transform: AffineTransform_float_3_3
Parameters: 0.999996 0.00235609 -0.00140367 -0.00236292 0.999985 -0.0049437 0.00139233 0.0049473 0.999987 -0.0339491 0.0343898 -0.0434082
FixedParameters: 0 0 0

#Transform 19
Transform: AffineTransform_float_3_3
Parameters: 0.999995 0.0026158 -0.00141229 -0.00262419 0.999979 -0.00583432 0.00139671 0.00583768 0.999982 -0.0324091 0.0356399 -0.0760384
FixedParameters: 0 0 0

#Transform 20
Transform: AffineTransform_float_3_3
Parameters: 0.999997 0.00239085 -0.00127946 -0.00239815 0.999982 -0.00561996 0.00126554 0.00562305 0.999984 -0.0349948 0.028786 -0.0735288
FixedParameters: 0 0 0

#Transform 21
Transform: AffineTransform_float_3_3
Parameters: 0.999996 0.0023939 -0.000905602 -0.0023991 0.999981 -0.00567485 0.000892397 0.00567716 0.999984 -0.0387122 0.048605 -0.0134731
FixedParameters: 0 0 0

#Transform 22
Transform: AffineTransform_float_3_3
Parameters: 0.999996 0.00266399 -0.000906839 -0.00266901 0.999981 -0.0055636 0.00089216 0.0055664 0.999984 -0.037042 0.0416454 -0.053783
FixedParameters: 0 0 0

#Transform 23
Transform: AffineTransform_float_3_3
Parameters: 0.999996 0.00266182 -0.00140073 -0.00266918 0.999983 -0.00514928 0.00138727 0.00515272 0.999986 -0.0321535 0.0214666 -0.0619686
FixedParameters: 0 0 0

#Transform 24
Transform: AffineTransform_float_3_3
Parameters: 0.999996 0.0026618 -0.00139383 -0.0026692 0.999983 -0.0051883 0.00138017 0.00519169 0.999985 -0.0322536 0.0251406 -0.0616729
FixedParameters: 0 0 0

#Transform 25
Transform: AffineTransform_float_3_3
Parameters: 0.999996 0.00253981 -0.00134468 -0.0025472 0.999983 -0.0053766 0.00133132 0.0053794 0.999984 -0.0335288 0.027961 -0.0346479
FixedParameters: 0 0 0

#Transform 26
Transform: AffineTransform_float_3_3
Parameters: 0.999996 0.0026625 -0.00134395 -0.0026695 0.999984 -0.00485743 0.00133105 0.00486057 0.999988 -0.0420598 0.0458291 -0.0606675
FixedParameters: 0 0 0

#Transform 27
Transform: AffineTransform_float_3_3
Parameters: 0.999996 0.00252379 -0.00137433 -0.00253121 0.999983 -0.00527354 0.00136067 0.00527646 0.999985 -0.0332599 0.0474163 -0.0590207
FixedParameters: 0 0 0

#Transform 28
Transform: AffineTransform_float_3_3
Parameters: 0.999995 0.00265999 -0.00160009 -0.00266902 0.999981 -0.00565976 0.00158492 0.00566324 0.999982 -0.0492604 0.0747274 -0.0207565
FixedParameters: 0 0 0

#Transform 29
Transform: AffineTransform_float_3_3
Parameters: 0.999994 0.00293737 -0.00170569 -0.00294662 0.999979 -0.00566801 0.00168832 0.00567299 0.999983 -0.0481646 0.0384976 -0.0410057
FixedParameters: 0 0 0

#Transform 30
Transform: AffineTransform_float_3_3
Parameters: 0.999994 0.00290481 -0.00187787 -0.0029152 0.999981 -0.00544956 0.00186214 0.00545444 0.999984 -0.0499806 0.0405402 -0.0806482
FixedParameters: 0 0 0

#Transform 31
Transform: AffineTransform_float_3_3
Parameters: 0.999993 0.00298726 -0.00200311 -0.00299874 0.999981 -0.00538103 0.00198688 0.00538697 0.999983 -0.0459989 0.0631653 -0.06934
FixedParameters: 0 0 0

#Transform 32
Transform: AffineTransform_float_3_3
Parameters: 0.999995 0.00280859 -0.00182468 -0.00281941 0.999977 -0.00627989 0.00180732 0.00628511 0.999978 -0.0576548 0.0622194 -0.0514241
FixedParameters: 0 0 0

#Transform 33
Transform: AffineTransform_float_3_3
Parameters: 0.999994 0.0029889 -0.00165158 -0.00299811 0.99998 -0.00553708 0.00163542 0.00554192 0.999984 -0.0665401 0.0285849 -0.0683679
FixedParameters: 0 0 0

#Transform 34
Transform: AffineTransform_float_3_3
Parameters: 0.999996 0.00257349 -0.00164836 -0.00258151 0.999983 -0.00518077 0.00163565 0.00518424 0.999985 -0.0397592 0.0273544 -0.0868268
FixedParameters: 0 0 0

#Transform 35
Transform: AffineTransform_float_3_3
Parameters: 0.999994 0.00298862 -0.00212525 -0.00299838 0.999985 -0.00442266 0.00211175 0.00442934 0.999988 -0.0286989 0.0530018 -0.0572376
FixedParameters: 0 0 0

#Transform 36
Transform: AffineTransform_float_3_3
Parameters: 0.999994 0.00319581 -0.0018099 -0.00320719 0.999975 -0.00621423 0.00179009 0.00622076 0.999979 -0.0279109 0.0198027 -0.063363
FixedParameters: 0 0 0

#Transform 37
Transform: AffineTransform_float_3_3
Parameters: 0.999994 0.00288811 -0.00188436 -0.00289989 0.999975 -0.00633957 0.00186565 0.00634442 0.999978 -0.0260748 0.0236116 -0.0468726
FixedParameters: 0 0 0

#Transform 38
Transform: AffineTransform_float_3_3
Parameters: 0.999996 0.00248354 -0.00152189 -0.00249246 0.999982 -0.00558223 0.00150811 0.00558577 0.999984 -0.0320306 0.0319908 -0.0234028
FixedParameters: 0 0 0

#Transform 39
Transform: AffineTransform_float_3_3
Parameters: 0.999996 0.00241363 -0.00149856 -0.00242237 0.999982 -0.0056074 0.00148444 0.00561061 0.999983 -0.0326902 0.0451603 -0.0324545
FixedParameters: 0 0 0

#Transform 40
Transform: AffineTransform_float_3_3
Parameters: 0.999997 0.00212114 -0.00126755 -0.00212785 0.999983 -0.00543332 0.00125545 0.00543668 0.999984 -0.0366948 0.0501833 -0.0353074
FixedParameters: 0 0 0

#Transform 41
Transform: AffineTransform_float_3_3
Parameters: 0.999996 0.00196809 -0.00164691 -0.00197791 0.99998 -0.00603476 0.00163509 0.00603824 0.999981 -0.0338741 0.0600163 -0.00446019
FixedParameters: 0 0 0

#Transform 42
Transform: AffineTransform_float_3_3
Parameters: 0.999996 0.00212734 -0.00174584 -0.00213666 0.999983 -0.00555129 0.00173316 0.00555571 0.999983 -0.0430702 0.0315347 0.00349805
FixedParameters: 0 0 0

#Transform 43
Transform: AffineTransform_float_3_3
Parameters: 0.999996 0.00241406 -0.0013404 -0.00242194 0.99998 -0.00595478 0.0013256 0.00595723 0.999982 -0.0343322 0.00738731 -0.00753768
FixedParameters: 0 0 0

#Transform 44
Transform: AffineTransform_float_3_3
Parameters: 0.999996 0.00241226 -0.00149285 -0.00242174 0.999975 -0.00655441 0.00147715 0.00655859 0.999978 -0.0392903 0.0465359 -0.0441339
FixedParameters: 0 0 0

#Transform 45
Transform: AffineTransform_float_3_3
Parameters: 0.999996 0.00257688 -0.00165248 -0.00258713 0.999974 -0.00676575 0.00163553 0.00676924 0.999975 -0.0301283 0.0589979 -0.0388619
FixedParameters: 0 0 0

#Transform 46
Transform: AffineTransform_float_3_3
Parameters: 0.999994 0.00283988 -0.00165768 -0.00285312 0.999964 -0.00796531 0.00163532 0.00796969 0.999967 -0.0286271 0.0657894 0.00958414
FixedParameters: 0 0 0

#Transform 47
Transform: AffineTransform_float_3_3
Parameters: 0.999994 0.00280908 -0.00199362 -0.00282491 0.999964 -0.00802741 0.00197038 0.00803258 0.999966 -0.0411521 0.0408309 -0.0143741
FixedParameters: 0 0 0

#Transform 48
Transform: AffineTransform_float_3_3
Parameters: 0.999994 0.00294943 -0.00180404 -0.00296457 0.999962 -0.0081267 0.00177996 0.0081323 0.999966 -0.0466446 0.0363299 -0.0143514
FixedParameters: 0 0 0

#Transform 49
Transform: AffineTransform_float_3_3
Parameters: 0.999992 0.00317133 -0.00215523 -0.00319167 0.999952 -0.00918519 0.00212676 0.00919181 0.999956 -0.0507245 0.0171831 -0.0438053
FixedParameters: 0 0 0

#Transform 50
Transform: AffineTransform_float_3_3
Parameters: 0.999994 0.00244877 -0.00213063 -0.00246323 0.999971 -0.00717579 0.00211337 0.00718021 0.999972 -0.0563554 0.046137 -0.00826088
FixedParameters: 0 0 0

#Transform 51
Transform: AffineTransform_float_3_3
Parameters: 0.999996 0.00255684 -0.0016555 -0.00257016 0.999964 -0.00799478 0.0016355 0.00799921 0.999966 -0.0303605 0.0254858 0.0120893
FixedParameters: 0 0 0

#Transform 52
Transform: AffineTransform_float_3_3
Parameters: 0.999994 0.00283542 -0.001655 -0.00284658 0.999971 -0.00703833 0.001635 0.00704267 0.999974 -0.0435619 -0.00213849 -0.00900416
FixedParameters: 0 0 0

#Transform 53
Transform: AffineTransform_float_3_3
Parameters: 0.999995 0.00249153 -0.00167074 -0.00250347 0.999968 -0.00750185 0.00165226 0.00750615 0.999971 -0.0426682 0.0278981 -0.0249035
FixedParameters: 0 0 0

#Transform 54
Transform: AffineTransform_float_3_3
Parameters: 0.999995 0.00228624 -0.00193458 -0.00230075 0.999968 -0.00766158 0.00191642 0.00766641 0.999969 -0.035525 0.0533146 0.0121537
FixedParameters: 0 0 0

#Transform 55
Transform: AffineTransform_float_3_3
Parameters: 0.999994 0.00283072 -0.00200321 -0.00284628 0.999962 -0.00817334 0.00197979 0.00817865 0.999964 -0.0390956 0.0117056 0.0193675
FixedParameters: 0 0 0

#Transform 56
Transform: AffineTransform_float_3_3
Parameters: 0.999994 0.00265978 -0.00193845 -0.00267621 0.999961 -0.00841186 0.00191555 0.00841614 0.999962 -0.0432574 0.0027805 0.0256423
FixedParameters: 0 0 0

#Transform 57
Transform: AffineTransform_float_3_3
Parameters: 0.999994 0.00274478 -0.00219993 -0.00276222 0.999961 -0.00832297 0.00217708 0.00832902 0.999963 -0.0459109 0.00725043 -0.000212681
FixedParameters: 0 0 0

#Transform 58
Transform: AffineTransform_float_3_3
Parameters: 0.999995 0.00242621 -0.00208858 -0.00244778 0.999942 -0.0104929 0.00206242 0.0104981 0.999943 -0.0271601 -0.00238219 0.0312116
FixedParameters: 0 0 0

#Transform 59
Transform: AffineTransform_float_3_3
Parameters: 0.999993 0.00292689 -0.00259422 -0.00295611 0.999932 -0.0112884 0.00256078 0.0112966 0.999933 -0.0383337 0.019807 0.0848627
FixedParameters: 0 0 0

#Transform 60
Transform: AffineTransform_float_3_3
Parameters: 0.999993 0.00257105 -0.00270278 -0.00260195 0.999931 -0.0115101 0.00267322 0.011517 0.99993 -0.0203072 -0.0142259 0.0746014
FixedParameters: 0 0 0

#Transform 61
Transform: AffineTransform_float_3_3
Parameters: 0.999994 0.0024672 -0.00269868 -0.00249481 0.999944 -0.0103473 0.00267332 0.0103547 0.999943 -0.0271945 -0.0231027 0.0755416
FixedParameters: 0 0 0

#Transform 62
Transform: AffineTransform_float_3_3
Parameters: 0.999991 0.0029278 -0.00283244 -0.00295619 0.999945 -0.0100037 0.00280255 0.0100123 0.999946 -0.0310798 -0.000492254 0.0840354
FixedParameters: 0 0 0

#Transform 63
Transform: AffineTransform_float_3_3
Parameters: 0.999991 0.00335729 -0.00256238 -0.00338371 0.999939 -0.0104914 0.00252663 0.0104996 0.999941 -0.0357256 0.0101723 0.0801078
FixedParameters: 0 0 0

#Transform 64
Transform: AffineTransform_float_3_3
Parameters: 0.999991 0.00341518 -0.00260685 -0.00344282 0.999937 -0.0107431 0.00257015 0.0107519 0.999939 -0.0419449 -0.0325292 0.0812502
FixedParameters: 0 0 0

#Transform 65
Transform: AffineTransform_float_3_3
Parameters: 0.999987 0.00381691 -0.00321357 -0.00385409 0.999925 -0.0116148 0.00316942 0.0116272 0.999928 -0.0405534 -0.00671969 0.119454
FixedParameters: 0 0 0

#Transform 66
Transform: AffineTransform_float_3_3
Parameters: 0.999987 0.00381527 -0.00351057 -0.00385374 0.999931 -0.0110936 0.00346844 0.0111064 0.999933 -0.0544255 0.0380841 0.13805
FixedParameters: 0 0 0

#Transform 67
Transform: AffineTransform_float_3_3
Parameters: 0.999988 0.00341259 -0.00333436 -0.00344141 0.999955 -0.00885263 0.00330464 0.00886438 0.999956 -0.0423422 -0.0171581 0.0612416
FixedParameters: 0 0 0

#Transform 68
Transform: AffineTransform_float_3_3
Parameters: 0.999984 0.00426702 -0.0037073 -0.00429998 0.999951 -0.0089322 0.0036697 0.0089488 0.999953 -0.0762888 -0.0222645 0.0288243
FixedParameters: 0 0 0

#Transform 69
Transform: AffineTransform_float_3_3
Parameters: 0.999979 0.005114 -0.00414218 -0.005159 0.999927 -0.0109269 0.00408582 0.0109481 0.999931 -0.0812416 0.0276469 0.124799
FixedParameters: 0 0 0

#Transform 70
Transform: AffineTransform_float_3_3
Parameters: 0.999977 0.00536815 -0.00416348 -0.00541284 0.999926 -0.0108367 0.00410453 0.0108583 0.999932 -0.0567717 0.0132308 0.119958
FixedParameters: 0 0 0

#Transform 71
Transform: AffineTransform_float_3_3
Parameters: 0.999969 0.00569281 -0.00546541 -0.00576819 0.999887 -0.0138409 0.00538659 0.0138721 0.99989 -0.0419363 -0.0347883 0.211288
FixedParameters: 0 0 0

#Transform 72
Transform: AffineTransform_float_3_3
Parameters: 0.999949 0.0073838 -0.00698897 -0.0074792 0.999879 -0.0136944 0.00688703 0.0137466 0.999882 -0.0932046 -0.0147668 0.200262
FixedParameters: 0 0 0

#Transform 73
Transform: AffineTransform_float_3_3
Parameters: 0.999949 0.00691995 -0.00738003 -0.00702205 0.999879 -0.0138919 0.00728397 0.0139431 0.999877 -0.0961621 -0.00965982 0.198094
FixedParameters: 0 0 0

#Transform 74
Transform: AffineTransform_float_3_3
Parameters: 0.999956 0.00648526 -0.00677109 -0.00657574 0.999887 -0.0134661 0.00668292 0.0135099 0.999887 -0.109835 -0.0222257 0.0782285
FixedParameters: 0 0 0

#Transform 75
Transform: AffineTransform_float_3_3
Parameters: 0.99995 0.0068857 -0.00733636 -0.00702131 0.9998 -0.0187194 0.00720566 0.0187696 0.999798 -0.112607 -0.0646447 0.0954465
FixedParameters: 0 0 0

#Transform 76
Transform: AffineTransform_float_3_3
Parameters: 0.999945 0.00722615 -0.00757095 -0.00737186 0.999785 -0.0194173 0.00742906 0.0194718 0.999783 -0.117711 -0.0853414 0.107791
FixedParameters: 0 0 0

#Transform 77
Transform: AffineTransform_float_3_3
Parameters: 0.999943 0.00718067 -0.00781749 -0.00736335 0.999696 -0.0235508 0.00764651 0.0236063 0.999692 -0.12253 -0.151039 0.0722056
FixedParameters: 0 0 0

#Transform 78
Transform: AffineTransform_float_3_3
Parameters: 0.99993 0.00730975 -0.00932033 -0.00755725 0.999613 -0.0267754 0.00912067 0.0268436 0.999598 -0.142635 -0.194944 0.0871846
FixedParameters: 0 0 0

#Transform 79
Transform: AffineTransform_float_3_3
Parameters: 0.999919 0.0079754 -0.00985098 -0.00822761 0.999632 -0.025874 0.00964102 0.025953 0.999616 -0.147491 -0.0568406 0.101314
FixedParameters: 0 0 0

#Transform 80
Transform: AffineTransform_float_3_3
Parameters: 0.999909 0.00880907 -0.0102297 -0.00909094 0.999571 -0.0278485 0.00998029 0.0279385 0.99956 -0.141574 -0.153325 0.142533
FixedParameters: 0 0 0

#Transform 81
Transform: AffineTransform_float_3_3
Parameters: 0.999917 0.00821764 -0.00985499 -0.00848635 0.999583 -0.0276086 0.00962402 0.0276904 0.99957 -0.133573 -0.163091 0.0943228
FixedParameters: 0 0 0

#Transform 82
Transform: AffineTransform_float_3_3
Parameters: 0.999926 0.00785915 -0.00929753 -0.00810585 0.999611 -0.0267086 0.00908345 0.0267814 0.9996 -0.112242 -0.132941 0.135046
FixedParameters: 0 0 0

#Transform 83
Transform: AffineTransform_float_3_3
Parameters: 0.999913 0.00843146 -0.010154 -0.00870054 0.999603 -0.0268 0.00992402 0.026886 0.999589 -0.129951 -0.0700399 0.156599
FixedParameters: 0 0 0

#Transform 84
Transform: AffineTransform_float_3_3
Parameters: 0.999907 0.00884448 -0.0103306 -0.00916153 0.999478 -0.0310042 0.0100514 0.0310958 0.999466 -0.120243 -0.175073 0.103714
FixedParameters: 0 0 0

#Transform 85
Transform: AffineTransform_float_3_3
Parameters: 0.999921 0.00833225 -0.00939098 -0.00859274 0.999569 -0.0280755 0.00915302 0.0281545 0.999561 -0.124216 -0.108454 0.129307
FixedParameters: 0 0 0

#Transform 86
Transform: AffineTransform_float_3_3
Parameters: 0.999915 0.00875141 -0.0096656 -0.00903361 0.999522 -0.0295912 0.00940242 0.0296758 0.999516 -0.14327 -0.130563 0.18797
FixedParameters: 0 0 0

#Transform 87
Transform: AffineTransform_float_3_3
Parameters: 0.999905 0.00910011 -0.0103294 -0.00942692 0.999441 -0.0320526 0.0100326 0.0321463 0.999433 -0.154612 -0.181899 0.140422
FixedParameters: 0 0 0

#Transform 88
Transform: AffineTransform_float_3_3
Parameters: 0.999892 0.00931119 -0.0113673 -0.0096338 0.999542 -0.0286816 0.0110947 0.0287884 0.999524 -0.149815 -0.160014 0.165749
FixedParameters: 0 0 0

#Transform 89
Transform: AffineTransform_float_3_3
Parameters: 0.999894 0.00937711 -0.0111828 -0.0097019 0.999524 -0.0292696 0.0109032 0.0293754 0.999509 -0.135066 -0.168447 0.151317
FixedParameters: 0 0 0

#Transform 90
Transform: AffineTransform_float_3_3
Parameters: 0.9999 0.00904653 -0.01087 -0.00936646 0.999515 -0.0297072 0.010596 0.0298058 0.9995 -0.131274 -0.145008 0.1866
FixedParameters: 0 0 0

#Transform 91
Transform: AffineTransform_float_3_3
Parameters: 0.999887 0.00952123 -0.0116418 -0.00987377 0.999484 -0.0305415 0.0113452 0.0306525 0.999465 -0.146795 -0.143837 0.211364
FixedParameters: 0 0 0

#Transform 92
Transform: AffineTransform_float_3_3
Parameters: 0.999885 0.00971532 -0.0116614 -0.0100657 0.99949 -0.0303111 0.0113606 0.0304249 0.999473 -0.129196 -0.157853 0.169539
FixedParameters: 0 0 0

#Transform 93
Transform: AffineTransform_float_3_3
Parameters: 0.99989 0.00968591 -0.011214 -0.0100021 0.999544 -0.028483 0.010933 0.0285921 0.999532 -0.142406 -0.138169 0.180007
FixedParameters: 0 0 0

#Transform 94
Transform: AffineTransform_float_3_3
Parameters: 0.999887 0.00985085 -0.0113434 -0.0101672 0.999549 -0.0282498 0.0110606 0.0283621 0.999536 -0.141036 -0.114647 0.171772
FixedParameters: 0 0 0

#Transform 95
Transform: AffineTransform_float_3_3
Parameters: 0.999888 0.00978632 -0.0113438 -0.0101057 0.999544 -0.0284746 0.0110602 0.0285865 0.99953 -0.143718 -0.119907 0.1568
FixedParameters: 0 0 0

#Transform 96
Transform: AffineTransform_float_3_3
Parameters: 0.999878 0.00997822 -0.0120173 -0.0103188 0.999536 -0.0286375 0.0117267 0.0287575 0.999517 -0.138964 -0.0948953 0.189413
FixedParameters: 0 0 0

#Transform 97
Transform: AffineTransform_float_3_3
Parameters: 0.999894 0.00968385 -0.0108754 -0.00999217 0.999539 -0.0286474 0.0105936 0.0287526 0.999531 -0.137161 -0.149494 0.159179
FixedParameters: 0 0 0

#Transform 98
Transform: AffineTransform_float_3_3
Parameters: 0.999889 0.0100029 -0.0110895 -0.0103191 0.999532 -0.0288218 0.0107965 0.0289332 0.999523 -0.156391 -0.146062 0.16201
FixedParameters: 0 0 0

#Transform 99
Transform: AffineTransform_float_3_3
Parameters: 0.999881 0.00997251 -0.0117803 -0.0103185 0.999505 -0.029727 0.0114777 0.029845 0.999488 -0.149348 -0.109999 0.181867
FixedParameters: 0 0 0

#Transform 100
Transform: AffineTransform_float_3_3
Parameters: 0.999891 0.0100019 -0.0108657 -0.0103191 0.99951 -0.0295301 0.0105643 0.0296389 0.999505 -0.141522 -0.153644 0.219943
FixedParameters: 0 0 0

#Transform 101
Transform: AffineTransform_float_3_3
Parameters: 0.999873 0.0102893 -0.0121651 -0.0106547 0.999484 -0.0303072 0.0118468 0.0304337 0.999466 -0.149218 -0.164169 0.242189
FixedParameters: 0 0 0

#Transform 102
Transform: AffineTransform_float_3_3
Parameters: 0.999869 0.0106817 -0.0121767 -0.0110433 0.999489 -0.0299985 0.0118503 0.0301295 0.999476 -0.159478 -0.147367 0.215532
FixedParameters: 0 0 0

#Transform 103
Transform: AffineTransform_float_3_3
Parameters: 0.999858 0.0112424 -0.0125598 -0.0115576 0.999612 -0.0253474 0.0122692 0.0254895 0.9996 -0.16705 -0.0405665 0.303774
FixedParameters: 0 0 0

#Transform 104
Transform: AffineTransform_float_3_3
Parameters: 0.999857 0.0110952 -0.0127246 -0.0114458 0.999547 -0.0278363 0.0124094 0.0279777 0.999532 -0.157616 -0.102035 0.260926
FixedParameters: 0 0 0

#Transform 105
Transform: AffineTransform_float_3_3
Parameters: 0.999877 0.0105734 -0.0115999 -0.0108856 0.999572 -0.0271361 0.0113081 0.0272589 0.999565 -0.143324 -0.114534 0.285324
FixedParameters: 0 0 0

#Transform 106
Transform: AffineTransform_float_3_3
Parameters: 0.99988 0.0104626 -0.0114039 -0.0107715 0.999569 -0.0273305 0.0111131 0.0274496 0.999562 -0.146003 -0.135285 0.275801
FixedParameters: 0 0 0

#Transform 107
Transform: AffineTransform_float_3_3
Parameters: 0.999873 0.0105666 -0.0119249 -0.0109014 0.999539 -0.0283316 0.0116201 0.0284574 0.999528 -0.15893 -0.0994156 0.246092
FixedParameters: 0 0 0

#Transform 108
Transform: AffineTransform_float_3_3
Parameters: 0.999876 0.010449 -0.0117943 -0.010771 0.999561 -0.0275734 0.0115007 0.0276976 0.99955 -0.162487 -0.0917115 0.279773
FixedParameters: 0 0 0

#Transform 109
Transform: AffineTransform_float_3_3
Parameters: 0.999884 0.0104795 -0.0109866 -0.0107715 0.999582 -0.0268198 0.0107013 0.0269353 0.99958 -0.149609 -0.0992423 0.278193
FixedParameters: 0 0 0

#Transform 110
Transform: AffineTransform_float_3_3
Parameters: 0.999884 0.0101818 -0.0113248 -0.0104722 0.999611 -0.0258704 0.0110572 0.0259866 0.999601 -0.147749 -0.0891551 0.26332
FixedParameters: 0 0 0

#Transform 111
Transform: AffineTransform_float_3_3
Parameters: 0.999885 0.0102068 -0.0112274 -0.0105061 0.999583 -0.0269171 0.0109476 0.0270319 0.999574 -0.152822 -0.0870904 0.268355
FixedParameters: 0 0 0

#Transform 112
Transform: AffineTransform_float_3_3
Parameters: 0.999879 0.0104599 -0.0115135 -0.0107711 0.99957 -0.0273003 0.0112235 0.0274207 0.999561 -0.151903 -0.0796758 0.252202
FixedParameters: 0 0 0

#Transform 113
Transform: AffineTransform_float_3_3
Parameters: 0.999875 0.0104325 -0.0119307 -0.0107715 0.999531 -0.0286661 0.0116253 0.0287919 0.999518 -0.146154 -0.116366 0.23775
FixedParameters: 0 0 0

#Transform 114
Transform: AffineTransform_float_3_3
Parameters: 0.999882 0.0104642 -0.0112572 -0.0107718 0.999563 -0.027548 0.0109638 0.027666 0.999557 -0.15471 -0.101766 0.244285
FixedParameters: 0 0 0

#Transform 115
Transform: AffineTransform_float_3_3
Parameters: 0.999885 0.00995594 -0.0113802 -0.0102761 0.999543 -0.0284213 0.0110918 0.0285347 0.999532 -0.148971 -0.099296 0.275313
FixedParameters: 0 0 0

#Transform 116
Transform: AffineTransform_float_3_3
Parameters: 0.999882 0.0104463 -0.0112086 -0.0107717 0.999513 -0.0293097 0.0108973 0.0294273 0.999507 -0.152454 -0.0747054 0.281
FixedParameters: 0 0 0

#Transform 117
Transform: AffineTransform_float_3_3
Parameters: 0.999881 0.0104411 -0.0114128 -0.0107709 0.999515 -0.0292366 0.0111012 0.0293564 0.999508 -0.153543 -0.0929547 0.264824
FixedParameters: 0 0 0

#Transform 118
Transform: AffineTransform_float_3_3
Parameters: 0.999884 0.0104521 -0.0110583 -0.0107719 0.999516 -0.0291793 0.0107476 0.0292947 0.999513 -0.149505 -0.13021 0.279768
FixedParameters: 0 0 0

#Transform 119
Transform: AffineTransform_float_3_3
Parameters: 0.999881 0.0104488 -0.0113971 -0.0107713 0.999533 -0.0285897 0.011093 0.0287084 0.999527 -0.150957 -0.119758 0.276926
FixedParameters: 0 0 0

#Transform 120
Transform: AffineTransform_float_3_3
Parameters: 0.999881 0.0104516 -0.0113672 -0.0107714 0.999539 -0.0284109 0.0110658 0.0285301 0.999531 -0.157562 -0.0903858 0.276342
FixedParameters: 0 0 0

#Transform 121
Transform: AffineTransform_float_3_3
Parameters: 0.999877 0.0104451 -0.0116886 -0.0107709 0.999545 -0.0281746 0.0113894 0.0282964 0.999534 -0.143131 -0.116802 0.273225
FixedParameters: 0 0 0

#Transform 122
Transform: AffineTransform_float_3_3
Parameters: 0.99988 0.01002 -0.0117666 -0.010346 0.999555 -0.0279816 0.0114804 0.0281004 0.999539 -0.15104 -0.139429 0.268515
FixedParameters: 0 0 0

#Transform 123
Transform: AffineTransform_float_3_3
Parameters: 0.99989 0.00959873 -0.0112957 -0.00990425 0.999578 -0.0272871 0.0110283 0.0273959 0.999564 -0.168471 -0.112118 0.230121
FixedParameters: 0 0 0

#Transform 124
Transform: AffineTransform_float_3_3
Parameters: 0.999877 0.0103025 -0.0118859 -0.0106436 0.999524 -0.0289531 0.011582 0.0290759 0.99951 -0.152017 -0.0758178 0.280049
FixedParameters: 0 0 0

#Transform 125
Transform: AffineTransform_float_3_3
Parameters: 0.99988 0.0104198 -0.0114067 -0.0107462 0.999524 -0.0289169 0.0111002 0.0290361 0.999516 -0.156784 -0.130629 0.257407
FixedParameters: 0 0 0

#Transform 126
Transform: AffineTransform_float_3_3
Parameters: 0.999887 0.00998219 -0.0112417 -0.0102948 0.999551 -0.0281204 0.0109563 0.0282326 0.999542 -0.149471 -0.104744 0.257455
FixedParameters: 0 0 0

#Transform 127
Transform: AffineTransform_float_3_3
Parameters: 0.999886 0.00990628 -0.0114418 -0.0102267 0.999546 -0.0283212 0.0111563 0.0284348 0.999534 -0.143266 -0.0828881 0.288101
FixedParameters: 0 0 0

#Transform 128
Transform: AffineTransform_float_3_3
Parameters: 0.999884 0.0101505 -0.0113404 -0.0104675 0.999544 -0.0283006 0.0110476 0.0284164 0.999535 -0.142857 -0.107425 0.267251
FixedParameters: 0 0 0

#Transform 129
Transform: AffineTransform_float_3_3
Parameters: 0.999878 0.0100582 -0.0119409 -0.0103958 0.999537 -0.0285704 0.0116481 0.0286917 0.999521 -0.161481 -0.105133 0.27313
FixedParameters: 0 0 0

#Transform 130
Transform: AffineTransform_float_3_3
Parameters: 0.999893 0.00973061 -0.0109051 -0.0100244 0.999581 -0.0271806 0.0106359 0.0272874 0.999571 -0.149295 -0.0720959 0.274372
FixedParameters: 0 0 0

#Transform 131
Transform: AffineTransform_float_3_3
Parameters: 0.999895 0.00973118 -0.0107398 -0.0100238 0.99957 -0.0275572 0.0104662 0.0276617 0.999562 -0.150808 -0.0871752 0.257993
FixedParameters: 0 0 0

#Transform 132
Transform: AffineTransform_float_3_3
Parameters: 0.999892 0.00996455 -0.0107863 -0.0102744 0.999526 -0.0290243 0.0104917 0.0291317 0.99952 -0.145127 -0.0554265 0.29266
FixedParameters: 0 0 0

#Transform 133
Transform: AffineTransform_float_3_3
Parameters: 0.999897 0.00964305 -0.010575 -0.00992894 0.999577 -0.0273288 0.010307 0.0274312 0.99957 -0.144213 -0.0971085 0.286366
FixedParameters: 0 0 0

#Transform 134
Transform: AffineTransform_float_3_3
Parameters: 0.999891 0.00970822 -0.0110828 -0.0100237 0.999535 -0.028802 0.0107972 0.0289099 0.999523 -0.15418 -0.115586 0.305535
FixedParameters: 0 0 0

#Transform 135
Transform: AffineTransform_float_3_3
Parameters: 0.99989 0.0098153 -0.0110657 -0.0101407 0.999506 -0.029772 0.0107683 0.029881 0.999495 -0.159395 -0.121045 0.289248
FixedParameters: 0 0 0

#Transform 136
Transform: AffineTransform_float_3_3
Parameters: 0.999895 0.00970735 -0.0108158 -0.0100247 0.999511 -0.0296187 0.0105232 0.0297233 0.999503 -0.157477 -0.171799 0.290486
FixedParameters: 0 0 0

#Transform 137
Transform: AffineTransform_float_3_3
Parameters: 0.999896 0.00971648 -0.0106772 -0.0100245 0.999525 -0.029136 0.0103888 0.02924 0.999519 -0.139474 -0.125487 0.291692
FixedParameters: 0 0 0

#Transform 138
Transform: AffineTransform_float_3_3
Parameters: 0.999892 0.00983453 -0.0109361 -0.0101504 0.999523 -0.0291741 0.0106438 0.0292828 0.999514 -0.140632 -0.0922851 0.323242
FixedParameters: 0 0 0

#Transform 139
Transform: AffineTransform_float_3_3
Parameters: 0.999889 0.00975834 -0.0113177 -0.0100907 0.99951 -0.0296281 0.0110223 0.0297389 0.999497 -0.148617 -0.149354 0.295455
FixedParameters: 0 0 0

#Transform 140
Transform: AffineTransform_float_3_3
Parameters: 0.999856 0.0102662 -0.0134615 -0.0106938 0.99943 -0.0320266 0.0131245 0.0321664 0.999397 -0.161651 -0.105135 0.292245
FixedParameters: 0 0 0

#Transform 141
Transform: AffineTransform_float_3_3
Parameters: 0.999869 0.0104832 -0.0122844 -0.0108328 0.99953 -0.0286807 0.0119785 0.0288103 0.999513 -0.154662 -0.108271 0.314252
FixedParameters: 0 0 0

#Transform 142
Transform: AffineTransform_float_3_3
Parameters: 0.999877 0.0101249 -0.0119827 -0.0104761 0.999506 -0.0296111 0.0116773 0.0297329 0.999489 -0.141565 -0.123938 0.342963
FixedParameters: 0 0 0

#Transform 143
Transform: AffineTransform_float_3_3
Parameters: 0.99988 0.010022 -0.0118193 -0.010368 0.999509 -0.029587 0.0115167 0.029706 0.999493 -0.140231 -0.125522 0.322971
FixedParameters: 0 0 0

#Transform 144
Transform: AffineTransform_float_3_3
Parameters: 0.999873 0.0101313 -0.0122863 -0.0104947 0.9995 -0.0298238 0.0119787 0.0299491 0.999479 -0.153573 -0.119325 0.312048
FixedParameters: 0 0 0

#Transform 145
Transform: AffineTransform_float_3_3
Parameters: 0.999862 0.0104475 -0.0129145 -0.0108345 0.999484 -0.0302313 0.0125925 0.0303668 0.99946 -0.163574 -0.0939484 0.302086
FixedParameters: 0 0 0

#Transform 146
Transform: AffineTransform_float_3_3
Parameters: 0.999869 0.00999221 -0.0126745 -0.0103688 0.999498 -0.0299385 0.0123695 0.0300655 0.999472 -0.165454 -0.0782427 0.303024
FixedParameters: 0 0 0

#Transform 147
Transform: AffineTransform_float_3_3
Parameters: 0.999866 0.010669 -0.012468 -0.011066 0.999419 -0.0322174 0.012117 0.0323506 0.999403 -0.159715 -0.146357 0.252798
FixedParameters: 0 0 0

#Transform 148
Transform: AffineTransform_float_3_3
Parameters: 0.999877 0.01005 -0.0120288 -0.010423 0.999454 -0.0313615 0.0117072 0.0314825 0.999435 -0.160583 -0.122034 0.276672
FixedParameters: 0 0 0

#Transform 149
Transform: AffineTransform_float_3_3
Parameters: 0.999887 0.0102674 -0.0109915 -0.0105855 0.999514 -0.029327 0.0106846 0.02944 0.99951 -0.155774 -0.0390476 0.309237
FixedParameters: 0 0 0

#Transform 150
Transform: AffineTransform_float_3_3
Parameters: 0.999883 0.0105406 -0.0110817 -0.0108534 0.999535 -0.0285171 0.0107762 0.0286339 0.999532 -0.13691 -0.0663423 0.312518
FixedParameters: 0 0 0

#Transform 151
Transform: AffineTransform_float_3_3
Parameters: 0.999873 0.0103891 -0.0121263 -0.0107779 0.999415 -0.0324595 0.0117817 0.0325866 0.9994 -0.175361 -0.136786 0.310153
FixedParameters: 0 0 0

#Transform 152
Transform: AffineTransform_float_3_3
Parameters: 0.999876 0.0103995 -0.0118628 -0.0107785 0.99942 -0.0323021 0.0115202 0.0324258 0.999407 -0.163276 -0.1388 0.319295
FixedParameters: 0 0 0

#Transform 153
Transform: AffineTransform_float_3_3
Parameters: 0.99986 0.0110414 -0.0125743 -0.0114426 0.999412 -0.0323247 0.0122097 0.0324644 0.999399 -0.187685 -0.135872 0.334349
FixedParameters: 0 0 0

#Transform 154
Transform: AffineTransform_float_3_3
Parameters: 0.999866 0.0104564 -0.0126113 -0.0108556 0.999428 -0.0320464 0.0122687 0.0321796 0.999407 -0.164889 -0.112679 0.365259
FixedParameters: 0 0 0

#Transform 155
Transform: AffineTransform_float_3_3
Parameters: 0.999851 0.0108014 -0.0134176 -0.0112746 0.999301 -0.035662 0.0130224 0.035808 0.999274 -0.176135 -0.174864 0.359934
FixedParameters: 0 0 0

#Transform 156
Transform: AffineTransform_float_3_3
Parameters: 0.999819 0.0117308 -0.0150195 -0.0122672 0.999269 -0.0361903 0.0145845 0.0363687 0.999232 -0.179983 -0.205735 0.364478
FixedParameters: 0 0 0

#Transform 157
Transform: AffineTransform_float_3_3
Parameters: 0.999828 0.0114412 -0.0145858 -0.0119498 0.999306 -0.0352858 0.0141722 0.0354542 0.999271 -0.185455 -0.153466 0.368933
FixedParameters: 0 0 0

#Transform 158
Transform: AffineTransform_float_3_3
Parameters: 0.99983 0.0114261 -0.0144294 -0.011893 0.999395 -0.0326999 0.0140476 0.0328661 0.999361 -0.183994 -0.145806 0.32668
FixedParameters: 0 0 0

#Transform 159
Transform: AffineTransform_float_3_3
Parameters: 0.999843 0.0111045 -0.0137557 -0.0115435 0.999412 -0.0322932 0.0133883 0.0324477 0.999384 -0.18246 -0.172299 0.294205
FixedParameters: 0 0 0
