#Insight Transform File V1.0
#Transform 0
Transform: AffineTransform_float_3_3
Parameters: 0.99999 -0.00410358 -0.00136482 0.00412342 0.999886 0.0145405 0.00130517 -0.0145465 0.999894 0.0168049 -0.563218 -0.500506
FixedParameters: 0 0 0

#Transform 1
Transform: AffineTransform_float_3_3
Parameters: 0.999998 -0.00138069 -0.000914981 0.00138231 0.999998 0.00143374 0.000913017 -0.00143526 0.999998 0.0123467 0.0590262 0.143787
FixedParameters: 0 0 0

#Transform 2
Transform: AffineTransform_float_3_3
Parameters: 0.999998 -0.00186526 -0.000741349 0.00186474 0.999998 -0.000349383 0.000742649 0.000347615 0.999999 -0.0365912 0.0543853 -0.182644
FixedParameters: 0 0 0

#Transform 3
Transform: AffineTransform_float_3_3
Parameters: 0.999999 -0.00113664 -0.000474874 0.00113737 0.999999 0.00076846 0.000474126 -0.000768539 0.999999 -0.0345145 0.079166 0.102
FixedParameters: 0 0 0

#Transform 4
Transform: AffineTransform_float_3_3
Parameters: 0.999999 -0.00113665 -0.000474848 0.00113735 0.999999 0.00074546 0.000474152 -0.000745539 0.999999 -0.0327127 0.057413 -0.0289712
FixedParameters: 0 0 0

#Transform 5
Transform: AffineTransform_float_3_3
Parameters: 0.999999 -0.00130685 -0.000474401 0.00130715 0.999999 0.00030638 0.0004736 -0.000306619 1 -0.0236456 0.0486276 -0.109585
FixedParameters: 0 0 0

#Transform 6
Transform: AffineTransform_float_3_3
Parameters: 0.999998 -0.00158477 -0.000474771 0.00158423 0.999998 0.000486248 0.000474228 -0.000487752 1 -0.00365389 0.0446452 -0.133221
FixedParameters: 0 0 0

#Transform 7
Transform: AffineTransform_float_3_3
Parameters: 0.999999 -0.00137887 -0.000174988 0.00137912 0.999999 0.000716759 0.000174011 -0.00071724 0.999999 0.00147781 0.0383824 -0.185753
FixedParameters: 0 0 0

#Transform 8
Transform: AffineTransform_float_3_3
Parameters: 0.999999 -0.000963988 -0.000160069 0.000964011 0.999999 7.18457e-05 0.000159931 -7.11542e-05 1 0.0177014 -0.00903459 -0.243014
FixedParameters: 0 0 0

#Transform 9
Transform: AffineTransform_float_3_3
Parameters: 1 -0.000983299 -0.000406279 0.000982703 0.999999 -0.0007334 0.00040672 0.0007326 0.999999 0.0335351 0.0348101 -0.135082
FixedParameters: 0 0 0

#Transform 10
Transform: AffineTransform_float_3_3
Parameters: 0.999999 -0.000973853 0.000116232 0.000974145 0.999998 -0.00126489 -0.000114769 0.00126411 0.999999 0.0281591 0.0431075 -0.0839676
FixedParameters: 0 0 0

#Transform 11
Transform: AffineTransform_float_3_3
Parameters: 0.999999 -0.000446676 0.000550262 0.000447323 0.999999 -0.000587754 -0.000549737 0.000588245 0.999999 0.00481921 -0.0115305 -0.122674
FixedParameters: 0 0 0

#Transform 12
Transform: AffineTransform_float_3_3
Parameters: 1 -0.00037269 0.000459251 0.00037231 0.999999 -0.000674829 -0.000458749 0.000675171 0.999999 0.00969608 0.0167043 -0.018551
FixedParameters: 0 0 0

#Transform 13
Transform: AffineTransform_float_3_3
Parameters: 1 -0.000373057 -0.000107803 0.000372943 1 -0.00052904 0.000108197 0.000528959 1 0.0102638 -0.00560039 -0.0846979
FixedParameters: 0 0 0

#Transform 14
Transform: AffineTransform_float_3_3
Parameters: 1 -0.000373028 5.68127e-05 0.000372972 1 0.000502021 -5.61872e-05 -0.000501979 1 0.00398946 -0.0127194 -0.00854832
FixedParameters: 0 0 0

#Transform 15
Transform: AffineTransform_float_3_3
Parameters: 1 0.000184177 0.000595945 -0.000183823 1 -0.00029711 -0.000596054 0.00029689 1 -0.00199509 -0.0364916 -0.106801
FixedParameters: 0 0 0

#Transform 16
Transform: AffineTransform_float_3_3
Parameters: 1 2.60001e-05 9.97712e-07 -2.59999e-05 1 -8.8e-05 -1.00229e-06 8.8e-05 1 0.0165437 -0.0145145 -0.0290985
FixedParameters: 0 0 0

#Transform 17
Transform: AffineTransform_float_3_3
Parameters: 1 -0.000372962 8.91585e-05 0.000373038 1 -0.000424967 -8.88414e-05 0.000425033 1 0.0107132 -0.0278467 -0.119505
FixedParameters: 0 0 0

#Transform 18
Transform: AffineTransform_float_3_3
Parameters: 1 -0.000372999 1.27788e-06 0.000373 0.999999 -0.000744999 -7.22114e-07 0.000745 0.999999 0.00621341 -0.0157991 0.0140155
FixedParameters: 0 0 0

#Transform 19
Transform: AffineTransform_float_3_3
Parameters: 1 -1.49996e-05 1.00637e-06 1.50004e-05 1 -0.000425 -9.93625e-07 0.000425 1 0.026493 -0.0302608 -0.0934699
FixedParameters: 0 0 0

#Transform 20
Transform: AffineTransform_float_3_3
Parameters: 1 -0.000373312 -0.000248531 0.000372687 0.999999 -0.00125609 0.000249468 0.00125591 0.999999 0.00166662 0.037663 0.0227616
FixedParameters: 0 0 0

#Transform 21
Transform: AffineTransform_float_3_3
Parameters: 1 -1.16814e-05 0.000198019 1.13186e-05 0.999998 -0.001609 -0.000197982 0.001609 0.999998 0.061701 -0.0104855 -0.147479
FixedParameters: 0 0 0

#Transform 22
Transform: AffineTransform_float_3_3
Parameters: 0.999999 -0.000779824 0.000211651 0.000779176 1 -0.000834835 -0.000210349 0.000835164 0.999999 0.0628136 -0.0142024 -0.148426
FixedParameters: 0 0 0

#Transform 23
Transform: AffineTransform_float_3_3
Parameters: 0.999999 -0.00100341 0.000256316 0.00100459 0.999997 -0.00230774 -0.000253682 0.00230826 0.999998 0.0742515 0.0167192 -0.0786289
FixedParameters: 0 0 0

#Transform 24
Transform: AffineTransform_float_3_3
Parameters: 1 -0.000816473 0.00073059 0.000816528 1 -0.000722404 -0.00072941 0.000722596 0.999999 0.0377707 -0.0138971 -0.0751156
FixedParameters: 0 0 0

#Transform 25
Transform: AffineTransform_float_3_3
Parameters: 1 -0.000978034 0.000668418 0.000978969 0.999999 -0.00144835 -0.000667583 0.00144865 0.999998 0.021957 0.0145225 0.0161293
FixedParameters: 0 0 0

#Transform 26
Transform: AffineTransform_float_3_3
Parameters: 0.999999 -0.0006162 0.000769839 0.000615799 1 0.000260474 -0.000770159 -0.000259525 0.999999 0.000496188 -0.0181291 0.0337238
FixedParameters: 0 0 0

#Transform 27
Transform: AffineTransform_float_3_3
Parameters: 0.999999 -0.000317243 0.000936917 0.000316756 1 0.000260297 -0.000937081 -0.000259703 0.999999 0.00181574 -0.0118085 0.0342008
FixedParameters: 0 0 0

#Transform 28
Transform: AffineTransform_float_3_3
Parameters: 1 -0.000317288 0.00110792 0.000316712 1 0.000260351 -0.00110808 -0.000259649 1 0.00721983 -0.0118143 0.0247622
FixedParameters: 0 0 0

#Transform 29
Transform: AffineTransform_float_3_3
Parameters: 1 -0.000185935 0.00119301 0.000186066 1 -5.47781e-05 -0.00119299 5.42219e-05 1 0.00692854 -0.0197133 0.0161196
FixedParameters: 0 0 0

#Transform 30
Transform: AffineTransform_float_3_3
Parameters: 1 -0.000255218 0.00119295 0.000254782 1 0.000183304 -0.00119305 -0.000182696 1 0.0166327 -0.0281843 0.0074864
FixedParameters: 0 0 0

#Transform 31
Transform: AffineTransform_float_3_3
Parameters: 0.999999 -0.000317927 0.00075103 0.000318073 1 -9.67611e-05 -0.000750969 9.72388e-05 0.999999 0.0316521 -0.00582275 0.0805682
FixedParameters: 0 0 0

#Transform 32
Transform: AffineTransform_float_3_3
Parameters: 0.999999 -0.000935519 0.00153091 0.000937482 0.999999 -0.000967567 -0.00153009 0.000968433 0.999999 0.0251198 0.0347368 0.0545041
FixedParameters: 0 0 0

#Transform 33
Transform: AffineTransform_float_3_3
Parameters: 0.999999 0.000136115 0.000893982 -0.000135885 1 -0.000128121 -0.000894017 0.000128878 0.999999 0.0218658 -0.0190519 0.0505445
FixedParameters: 0 0 0

#Transform 34
Transform: AffineTransform_float_3_3
Parameters: 0.999999 -0.00019042 0.000713887 0.000190579 1 0.000589136 -0.000714112 -0.000588864 0.999999 0.0202852 0.00304223 0.0920373
FixedParameters: 0 0 0

#Transform 35
Transform: AffineTransform_float_3_3
Parameters: 0.999999 -0.000113981 0.000714003 0.000114019 1 -2.59186e-05 -0.000713997 2.60814e-05 0.999999 0.0223286 0.000438382 0.0880841
FixedParameters: 0 0 0

#Transform 36
Transform: AffineTransform_float_3_3
Parameters: 0.999999 0.000134822 0.000714033 -0.000134178 1 0.000248904 -0.000713966 -0.000249096 0.999999 0.0286641 0.00935917 0.134273
FixedParameters: 0 0 0

#Transform 37
Transform: AffineTransform_float_3_3
Parameters: 0.999999 -0.000783334 0.000595875 0.000784665 0.999999 -0.00111653 -0.000595124 0.00111747 0.999999 0.0974477 -0.0367896 -0.0419201
FixedParameters: 0 0 0

#Transform 38
Transform: AffineTransform_float_3_3
Parameters: 0.999996 -0.00123738 0.00261324 0.00122262 0.999984 0.00549622 -0.00261976 -0.00549278 0.999982 0.108327 -0.31046 -0.772107
FixedParameters: 0 0 0

#Transform 39
Transform: AffineTransform_float_3_3
Parameters: 0.999999 -0.000804034 0.00131075 0.000801964 0.999998 0.00155205 -0.00131225 -0.00155095 0.999998 0.127016 -0.12614 -0.608971
FixedParameters: 0 0 0

#Transform 40
Transform: AffineTransform_float_3_3
Parameters: 0.999999 -6.31506e-05 0.000705898 6.18491e-05 0.999998 0.00163004 -0.000706102 -0.00162996 0.999999 0.0731522 -0.0543258 -0.200109
FixedParameters: 0 0 0

#Transform 41
Transform: AffineTransform_float_3_3
Parameters: 0.999999 -0.000213837 0.00126069 0.000212162 0.999999 0.00145727 -0.00126131 -0.00145673 0.999998 0.0553346 0.00747135 0.0521158
FixedParameters: 0 0 0

#Transform 42
Transform: AffineTransform_float_3_3
Parameters: 0.999999 -0.000538991 0.00126015 0.000537008 0.999998 0.00157968 -0.00126185 -0.00157932 0.999998 0.0550235 0.0042612 0.025535
FixedParameters: 0 0 0

#Transform 43
Transform: AffineTransform_float_3_3
Parameters: 0.999999 -0.00054055 0.0017309 0.00053745 0.999998 0.00205093 -0.00173211 -0.00205007 0.999997 0.049648 -0.00780425 -0.0569349
FixedParameters: 0 0 0

#Transform 44
Transform: AffineTransform_float_3_3
Parameters: 0.999998 -0.000214379 0.00163269 0.00021162 0.999999 0.00145735 -0.00163331 -0.00145665 0.999997 0.065164 0.000291115 -0.121755
FixedParameters: 0 0 0

#Transform 45
Transform: AffineTransform_float_3_3
Parameters: 0.999997 0.000136333 0.00214924 -0.000139669 0.999998 0.0017067 -0.00214976 -0.0017063 0.999996 0.0466123 -0.0114168 -0.135453
FixedParameters: 0 0 0

#Transform 46
Transform: AffineTransform_float_3_3
Parameters: 0.999999 0.000480835 0.00120746 -0.000481166 1 0.00096542 -0.00120654 -0.000965581 0.999999 0.0743942 -0.0214822 -0.173977
FixedParameters: 0 0 0

#Transform 47
Transform: AffineTransform_float_3_3
Parameters: 0.999999 0.000519118 0.00129276 -0.000521883 0.999999 0.00145633 -0.00129224 -0.00145667 0.999998 0.0722959 -0.0236199 -0.111686
FixedParameters: 0 0 0

#Transform 48
Transform: AffineTransform_float_3_3
Parameters: 0.999999 0.000334873 0.00129255 -0.000337127 0.999998 0.00164556 -0.00129245 -0.00164643 0.999998 0.0500946 -0.0154815 0.00511355
FixedParameters: 0 0 0

#Transform 49
Transform: AffineTransform_float_3_3
Parameters: 0.999999 0.000453216 0.00129263 -0.000454785 0.999999 0.00138041 -0.00129237 -0.00138059 0.999998 0.0437822 -0.0167713 -0.0178786
FixedParameters: 0 0 0

#Transform 50
Transform: AffineTransform_float_3_3
Parameters: 0.999999 0.000238532 0.000952369 -0.000240466 0.999999 0.00154077 -0.00095163 -0.00154123 0.999999 0.0437633 -0.00797202 0.0651378
FixedParameters: 0 0 0

#Transform 51
Transform: AffineTransform_float_3_3
Parameters: 0.999999 0.000518795 0.00129289 -0.000521206 0.999999 0.00170633 -0.00129211 -0.00170667 0.999997 0.0367138 -0.0202219 0.0192865
FixedParameters: 0 0 0

#Transform 52
Transform: AffineTransform_float_3_3
Parameters: 0.999999 0.000256398 0.0013743 -0.000257603 1 0.00116665 -0.0013737 -0.00116635 0.999999 0.0383808 -0.00214495 0.0875351
FixedParameters: 0 0 0

#Transform 53
Transform: AffineTransform_float_3_3
Parameters: 0.999999 0.00051926 0.0012927 -0.000521741 0.999999 0.00134633 -0.0012923 -0.00134667 0.999999 0.0397194 -0.00424866 0.014837
FixedParameters: 0 0 0

#Transform 54
Transform: AffineTransform_float_3_3
Parameters: 0.999999 0.000519201 0.00129272 -0.0005218 0.999999 0.00139233 -0.00129228 -0.00139267 0.999998 0.0321391 -0.0122401 0.0464652
FixedParameters: 0 0 0

#Transform 55
Transform: AffineTransform_float_3_3
Parameters: 1 0.000519663 0.00101768 -0.000521336 0.999999 0.00131347 -0.00101632 -0.00131453 0.999998 0.0426544 0.0109767 0.0917809
FixedParameters: 0 0 0

#Transform 56
Transform: AffineTransform_float_3_3
Parameters: 0.999999 -0.000350972 0.00126401 0.000351029 1 -2.25563e-05 -0.00126399 2.24436e-05 0.999999 0.0885998 0.00330607 0.0107885
FixedParameters: 0 0 0

#Transform 57
Transform: AffineTransform_float_3_3
Parameters: 1 0.000121145 0.0010661 -0.000121855 0.999999 0.00080187 -0.0010659 -0.000802129 0.999999 0.0650963 0.0105844 0.140618
FixedParameters: 0 0 0

#Transform 58
Transform: AffineTransform_float_3_3
Parameters: 0.999999 0.00060333 0.00143986 -0.000603669 1 -0.000229869 -0.00144014 0.000229131 0.999999 0.0447534 0.0208771 0.0652839
FixedParameters: 0 0 0

#Transform 59
Transform: AffineTransform_float_3_3
Parameters: 0.999999 0.000499869 0.00137005 -0.000499131 1 9.53163e-05 -0.00136995 -9.56849e-05 0.999999 0.0448061 0.0256369 0.138454
FixedParameters: 0 0 0

#Transform 60
Transform: AffineTransform_float_3_3
Parameters: 0.999999 0.000481518 0.00144016 -0.00048148 1 0.000333307 -0.00143984 -0.000334694 0.999999 0.02188 0.0333219 0.184951
FixedParameters: 0 0 0

#Transform 61
Transform: AffineTransform_float_3_3
Parameters: 0.999999 0.0006147 0.00111417 -0.000615299 1 0.000268315 -0.00111383 -0.000269685 1 0.0573935 -0.00510437 0.0869889
FixedParameters: 0 0 0

#Transform 62
Transform: AffineTransform_float_3_3
Parameters: 0.999998 0.000850901 0.00144006 -0.000851099 0.999999 6.87744e-05 -0.00143994 -6.92253e-05 0.999999 0.0372827 0.0180623 0.154758
FixedParameters: 0 0 0

#Transform 63
Transform: AffineTransform_float_3_3
Parameters: 0.999998 0.000617583 0.00156656 -0.000619417 1 0.000904032 -0.00156644 -0.000904969 0.999999 0.040465 0.0190561 0.143019
FixedParameters: 0 0 0

#Transform 64
Transform: AffineTransform_float_3_3
Parameters: 0.999998 0.000851066 0.00143996 -0.000850932 0.999999 -4.72254e-05 -0.00144004 4.57745e-05 0.999999 0.0511727 0.0293058 0.120367
FixedParameters: 0 0 0

#Transform 65
Transform: AffineTransform_float_3_3
Parameters: 0.999999 0.00056475 0.0014401 -0.00056525 1 0.000173186 -0.0014399 -0.000173813 0.999999 0.0322495 0.0406325 0.169149
FixedParameters: 0 0 0

#Transform 66
Transform: AffineTransform_float_3_3
Parameters: 0.999999 -0.0001843 0.00069192 0.0001837 1 0.000434127 -0.000692079 -0.000433872 0.999999 0.104574 -0.0399259 0.103389
FixedParameters: 0 0 0

#Transform 67
Transform: AffineTransform_float_3_3
Parameters: 1 -0.000785844 0.000730168 0.000786156 0.999999 -0.000213426 -0.000729832 0.000213574 0.999999 0.0908307 -0.0823416 -0.123844
FixedParameters: 0 0 0

#Transform 68
Transform: AffineTransform_float_3_3
Parameters: 0.999999 -8.50074e-05 0.000834101 8.59924e-05 1 -0.00118993 -0.000833898 0.00119007 0.999999 0.0825624 0.0490169 0.22419
FixedParameters: 0 0 0

#Transform 69
Transform: AffineTransform_float_3_3
Parameters: 0.999998 0.000783229 0.00152488 -0.000783771 0.999999 -0.000150195 -0.00152512 0.000149806 0.999999 0.0542411 0.00497097 0.116528
FixedParameters: 0 0 0

#Transform 70
Transform: AffineTransform_float_3_3
Parameters: 0.999999 0.000885856 0.00118885 -0.000887144 0.999999 0.000961946 -0.00118815 -0.000963054 0.999999 0.0463102 0.0105267 0.178227
FixedParameters: 0 0 0

#Transform 71
Transform: AffineTransform_float_3_3
Parameters: 0.999999 0.000748224 0.00118849 -0.000748777 1 0.000653111 -0.00118851 -0.00065389 0.999999 0.042844 0.0469044 0.247341
FixedParameters: 0 0 0

#Transform 72
Transform: AffineTransform_float_3_3
Parameters: 0.999998 0.000747807 0.00185148 -0.000749193 1 0.000643615 -0.00185152 -0.000645386 0.999998 0.0396427 0.0343181 0.1122
FixedParameters: 0 0 0

#Transform 73
Transform: AffineTransform_float_3_3
Parameters: 0.999998 0.000748209 0.00161736 -0.000748791 0.999999 0.000488789 -0.00161763 -0.000489211 0.999998 0.0732384 0.0485841 0.14687
FixedParameters: 0 0 0

#Transform 74
Transform: AffineTransform_float_3_3
Parameters: 0.999999 0.00108503 0.00150898 -0.00108497 1 -2.36372e-05 -0.00150902 2.13627e-05 0.999999 0.0667468 0.0375898 0.117367
FixedParameters: 0 0 0

#Transform 75
Transform: AffineTransform_float_3_3
Parameters: 0.999996 0.00117011 0.00227597 -0.00117189 0.999999 0.000829336 -0.00227503 -0.000831665 0.999997 0.0314181 0.0242746 0.0118448
FixedParameters: 0 0 0

#Transform 76
Transform: AffineTransform_float_3_3
Parameters: 0.999996 0.00108038 0.00231776 -0.00108262 0.999999 0.000698493 -0.00231724 -0.000700506 0.999997 0.0499448 0.0113182 0.0171967
FixedParameters: 0 0 0

#Transform 77
Transform: AffineTransform_float_3_3
Parameters: 0.999999 0.000309078 0.00118798 -0.000308921 1 -6.63671e-05 -0.00118802 6.56329e-05 1 0.107165 0.0122671 0.131928
FixedParameters: 0 0 0

#Transform 78
Transform: AffineTransform_float_3_3
Parameters: 0.999999 0.000837705 0.00152616 -0.000837297 0.999999 0.000193722 -0.00152584 -0.000194278 0.999999 0.0730359 0.0346754 0.170304
FixedParameters: 0 0 0

#Transform 79
Transform: AffineTransform_float_3_3
Parameters: 0.999997 0.00120166 0.00213919 -0.00120234 1 0.000157428 -0.00213881 -0.000160571 0.999997 0.0563024 0.0042148 0.0877724
FixedParameters: 0 0 0

#Transform 80
Transform: AffineTransform_float_3_3
Parameters: 0.999997 0.000996625 0.00189425 -0.000998372 0.999998 0.00125211 -0.00189275 -0.00125489 0.999998 0.0394582 -0.00298125 0.0893588
FixedParameters: 0 0 0

#Transform 81
Transform: AffineTransform_float_3_3
Parameters: 0.999997 0.000929932 0.00197697 -0.000932065 0.999999 0.00104416 -0.00197602 -0.00104684 0.999997 0.0487857 0.00935414 0.182386
FixedParameters: 0 0 0

#Transform 82
Transform: AffineTransform_float_3_3
Parameters: 0.999998 0.000969436 0.00185982 -0.000971564 0.999999 0.000840195 -0.00185918 -0.000841804 0.999998 0.051297 0.0165686 0.186514
FixedParameters: 0 0 0

#Transform 83
Transform: AffineTransform_float_3_3
Parameters: 0.999997 0.000913948 0.00193097 -0.000916052 0.999999 0.00106223 -0.00193003 -0.00106377 0.999997 0.0442471 0.0165991 0.192033
FixedParameters: 0 0 0

#Transform 84
Transform: AffineTransform_float_3_3
Parameters: 0.999998 0.00110249 0.00196385 -0.00110351 0.999999 0.000769835 -0.00196315 -0.000772166 0.999998 0.0492792 0.024261 0.17111
FixedParameters: 0 0 0

#Transform 85
Transform: AffineTransform_float_3_3
Parameters: 0.999998 0.00115919 0.00195608 -0.00116082 0.999999 0.000927731 -0.00195492 -0.000929268 0.999997 0.0532622 -0.000526844 0.179217
FixedParameters: 0 0 0

#Transform 86
Transform: AffineTransform_float_3_3
Parameters: 0.999997 0.00093687 0.00197101 -0.00093913 0.999999 0.00108015 -0.00196999 -0.00108185 0.999998 0.0492702 0.0285274 0.219832
FixedParameters: 0 0 0

#Transform 87
Transform: AffineTransform_float_3_3
Parameters: 0.999997 0.0011786 0.00181891 -0.0011794 0.999999 0.000769857 -0.00181809 -0.000772145 0.999998 0.0611639 -0.000103528 0.160678
FixedParameters: 0 0 0

#Transform 88
Transform: AffineTransform_float_3_3
Parameters: 0.999999 0.00074885 0.0011881 -0.00074915 0.999999 0.00012611 -0.00118791 -0.00012689 1 0.106999 0.0270019 0.199712
FixedParameters: 0 0 0

#Transform 89
Transform: AffineTransform_float_3_3
Parameters: 0.999998 0.000749722 0.00187571 -0.000749276 0.999999 -0.000386406 -0.00187629 0.000384594 0.999998 0.0642843 0.0463274 0.241116
FixedParameters: 0 0 0

#Transform 90
Transform: AffineTransform_float_3_3
Parameters: 0.999998 0.00110568 0.00175557 -0.00110532 1 -0.000386942 -0.00175543 0.00038506 0.999999 0.053994 0.0278266 0.170366
FixedParameters: 0 0 0

#Transform 91
Transform: AffineTransform_float_3_3
Parameters: 0.999998 0.00101277 0.00161314 -0.00101323 1 0.000139366 -0.00161286 -0.000141634 0.999998 0.064747 0.0325568 0.240611
FixedParameters: 0 0 0

#Transform 92
Transform: AffineTransform_float_3_3
Parameters: 0.999997 0.000982879 0.00198906 -0.000983121 1 6.00447e-05 -0.00198894 -6.19551e-05 0.999998 0.059504 0.0410328 0.195172
FixedParameters: 0 0 0

#Transform 93
Transform: AffineTransform_float_3_3
Parameters: 0.999997 0.00113772 0.00187856 -0.00113727 1 -0.000387138 -0.00187944 0.000384863 0.999998 0.0599722 0.054003 0.210396
FixedParameters: 0 0 0

#Transform 94
Transform: AffineTransform_float_3_3
Parameters: 0.999997 0.00102184 0.00186664 -0.00102316 1 0.000623092 -0.00186636 -0.000624909 0.999998 0.04637 0.0441912 0.23053
FixedParameters: 0 0 0

#Transform 95
Transform: AffineTransform_float_3_3
Parameters: 0.999997 0.000950516 0.00192424 -0.000951482 0.999999 0.00025017 -0.00192376 -0.000251829 0.999998 0.0513297 0.0162287 0.184795
FixedParameters: 0 0 0

#Transform 96
Transform: AffineTransform_float_3_3
Parameters: 0.999998 0.000748336 0.00178628 -0.000748665 0.999999 0.000371663 -0.00178572 -0.000372337 0.999999 0.0514178 0.0400007 0.219788
FixedParameters: 0 0 0

#Transform 97
Transform: AffineTransform_float_3_3
Parameters: 0.999998 0.00110492 0.00203505 -0.00110409 1 4.07533e-05 -0.00203495 -4.32486e-05 0.999998 0.0512378 0.0582431 0.216738
FixedParameters: 0 0 0

#Transform 98
Transform: AffineTransform_float_3_3
Parameters: 0.999997 0.00112079 0.00186913 -0.00112121 1 0.000111905 -0.00186887 -0.000114095 0.999998 0.0601113 0.0333946 0.218549
FixedParameters: 0 0 0

#Transform 99
Transform: AffineTransform_float_3_3
Parameters: 0.999997 0.000971785 0.00189662 -0.000972216 1 0.000640158 -0.00189638 -0.000641845 0.999998 0.0529526 0.0446855 0.23064
FixedParameters: 0 0 0

#Transform 100
Transform: AffineTransform_float_3_3
Parameters: 0.999998 0.000749011 0.001796 -0.000748988 0.999999 -7.34519e-06 -0.00179601 5.65478e-06 0.999999 0.0626342 0.0374622 0.197126
FixedParameters: 0 0 0

#Transform 101
Transform: AffineTransform_float_3_3
Parameters: 0.999998 4.50125e-05 0.00159003 -4.59873e-05 1 0.000620927 -0.00158997 -0.000621072 0.999998 0.0904422 0.0317185 0.199045
FixedParameters: 0 0 0

#Transform 102
Transform: AffineTransform_float_3_3
Parameters: 0.999999 0.000748917 0.00170304 -0.000749082 0.999999 4.77243e-05 -0.00170296 -4.92754e-05 0.999998 0.0714792 0.063924 0.28626
FixedParameters: 0 0 0

#Transform 103
Transform: AffineTransform_float_3_3
Parameters: 0.999998 0.000749846 0.00219671 -0.000749152 0.999999 -0.000386647 -0.00219729 0.000384353 0.999998 0.0606729 0.0581316 0.268496
FixedParameters: 0 0 0

#Transform 104
Transform: AffineTransform_float_3_3
Parameters: 0.999998 0.000323951 0.00206416 -0.000325048 1 0.00050733 -0.00206383 -0.000508669 0.999997 0.0719143 0.0518241 0.284496
FixedParameters: 0 0 0

#Transform 105
Transform: AffineTransform_float_3_3
Parameters: 0.999997 0.000720816 0.00235036 -0.000722184 0.999999 0.000503304 -0.00234964 -0.000504695 0.999997 0.0446392 0.0718913 0.28425
FixedParameters: 0 0 0

#Transform 106
Transform: AffineTransform_float_3_3
Parameters: 0.999997 0.000811252 0.00228362 -0.000812749 1 0.000765147 -0.00228238 -0.000766854 0.999997 0.0437248 0.0733535 0.280022
FixedParameters: 0 0 0

#Transform 107
Transform: AffineTransform_float_3_3
Parameters: 0.999998 0.00111647 0.00172035 -0.00111653 1 0.00030908 -0.00171965 -0.000310921 0.999999 0.0644861 0.0540534 0.268308
FixedParameters: 0 0 0

#Transform 108
Transform: AffineTransform_float_3_3
Parameters: 0.999998 0.000511828 0.00200504 -0.000512171 1 8.49732e-05 -0.00200496 -8.60264e-05 0.999998 0.0933061 0.0572616 0.274231
FixedParameters: 0 0 0

#Transform 109
Transform: AffineTransform_float_3_3
Parameters: 0.999998 0.000957801 0.00207163 -0.000957201 1 -0.000386984 -0.00207137 0.000385017 0.999998 0.0614995 0.0739032 0.310393
FixedParameters: 0 0 0

#Transform 110
Transform: AffineTransform_float_3_3
Parameters: 0.999997 0.0009438 0.00215297 -0.0009462 0.999999 0.00102097 -0.00215203 -0.00102303 0.999997 0.0459634 0.0612209 0.335269
FixedParameters: 0 0 0

#Transform 111
Transform: AffineTransform_float_3_3
Parameters: 0.999997 0.000980245 0.00196987 -0.000982755 0.999999 0.000890066 -0.00196912 -0.000891932 0.999997 0.0542406 0.0380384 0.297562
FixedParameters: 0 0 0

#Transform 112
Transform: AffineTransform_float_3_3
Parameters: 0.999998 0.00118185 0.00187472 -0.00118315 0.999999 0.000610784 -0.00187328 -0.000613216 0.999998 0.0464251 0.0680463 0.334695
FixedParameters: 0 0 0

#Transform 113
Transform: AffineTransform_float_3_3
Parameters: 0.999996 0.00151351 0.00210335 -0.00151449 0.999999 0.000229815 -0.00210265 -0.000233183 0.999998 0.0503881 0.0567403 0.293697
FixedParameters: 0 0 0

#Transform 114
Transform: AffineTransform_float_3_3
Parameters: 0.999997 0.0016802 0.00172078 -0.0016808 0.999999 0.000465109 -0.00171922 -0.00046789 0.999999 0.061239 0.0339079 0.290552
FixedParameters: 0 0 0

#Transform 115
Transform: AffineTransform_float_3_3
Parameters: 0.999998 0.00126221 0.0016696 -0.00126379 0.999999 0.000473891 -0.0016694 -0.000476108 0.999998 0.0524852 0.0657885 0.322868
FixedParameters: 0 0 0

#Transform 116
Transform: AffineTransform_float_3_3
Parameters: 0.999997 0.00127632 0.00197244 -0.00127768 0.999999 0.000342481 -0.00197156 -0.000344517 0.999998 0.0535071 0.0624754 0.320543
FixedParameters: 0 0 0

#Transform 117
Transform: AffineTransform_float_3_3
Parameters: 0.999998 0.00123249 0.00172037 -0.00123351 0.999999 0.000296879 -0.00171963 -0.00029912 0.999999 0.0624782 0.069989 0.367435
FixedParameters: 0 0 0

#Transform 118
Transform: AffineTransform_float_3_3
Parameters: 0.999998 0.00121596 0.00166776 -0.00121704 0.999999 0.000621972 -0.00166724 -0.000624029 0.999999 0.0680066 0.0708804 0.363602
FixedParameters: 0 0 0

#Transform 119
Transform: AffineTransform_float_3_3
Parameters: 0.999998 0.00121632 0.00172048 -0.00121668 0.999999 0.000393908 -0.00171952 -0.000396093 0.999999 0.0646651 0.0795246 0.337651
FixedParameters: 0 0 0

#Transform 120
Transform: AffineTransform_float_3_3
Parameters: 0.999998 0.00121669 0.00172022 -0.00121631 0.999999 0.000177908 -0.00171978 -0.000179093 0.999998 0.0646992 0.0782776 0.320607
FixedParameters: 0 0 0

#Transform 121
Transform: AffineTransform_float_3_3
Parameters: 0.999998 0.000899833 0.0020895 -0.000900169 1 0.000558121 -0.0020885 -0.000559881 0.999997 0.0574299 0.0614814 0.318375
FixedParameters: 0 0 0

#Transform 122
Transform: AffineTransform_float_3_3
Parameters: 0.999996 0.00100797 0.00261539 -0.00100902 1 0.000390363 -0.0026146 -0.000393637 0.999996 0.0404061 0.0616178 0.341165
FixedParameters: 0 0 0

#Transform 123
Transform: AffineTransform_float_3_3
Parameters: 0.999996 0.000778966 0.00245533 -0.000780033 0.999999 0.000420086 -0.00245467 -0.000421913 0.999997 0.0465183 0.0913017 0.331745
FixedParameters: 0 0 0

#Transform 124
Transform: AffineTransform_float_3_3
Parameters: 0.999997 0.00106409 0.00219596 -0.00106391 1 -4.23364e-05 -0.00219604 3.96633e-05 0.999997 0.075029 0.0723035 0.341688
FixedParameters: 0 0 0

#Transform 125
Transform: AffineTransform_float_3_3
Parameters: 0.999997 0.00121647 0.00245326 -0.00121653 0.999999 0.000215016 -0.00245274 -0.000217985 0.999997 0.044158 0.0801355 0.328225
FixedParameters: 0 0 0

#Transform 126
Transform: AffineTransform_float_3_3
Parameters: 0.999997 0.000989279 0.00233831 -0.000989721 0.999999 0.000307687 -0.0023377 -0.000309314 0.999997 0.0599264 0.0876604 0.348129
FixedParameters: 0 0 0

#Transform 127
Transform: AffineTransform_float_3_3
Parameters: 0.999997 0.00108273 0.00209314 -0.00108227 1 0.000127735 -0.00209286 -0.000130266 0.999998 0.0688233 0.0817413 0.360862
FixedParameters: 0 0 0

#Transform 128
Transform: AffineTransform_float_3_3
Parameters: 0.999997 0.00105467 0.00221764 -0.00105633 1 0.00060066 -0.00221737 -0.000602341 0.999998 0.0566583 0.0760534 0.368283
FixedParameters: 0 0 0

#Transform 129
Transform: AffineTransform_float_3_3
Parameters: 0.999996 0.00102254 0.00235463 -0.00102446 1 0.00061759 -0.00235437 -0.00061941 0.999997 0.0753673 0.0733472 0.373013
FixedParameters: 0 0 0

#Transform 130
Transform: AffineTransform_float_3_3
Parameters: 0.999999 0.000366488 0.0017199 -0.000365511 1 -0.000284629 -0.00172011 0.00028337 0.999999 0.102076 0.0678808 0.371876
FixedParameters: 0 0 0

#Transform 131
Transform: AffineTransform_float_3_3
Parameters: 0.999996 0.00104588 0.00269705 -0.00104612 1 4.41788e-05 -0.00269695 -4.68209e-05 0.999997 0.0586477 0.0812809 0.35089
FixedParameters: 0 0 0

#Transform 132
Transform: AffineTransform_float_3_3
Parameters: 0.999995 0.00147167 0.00258862 -0.00147133 0.999999 -0.00026081 -0.00258838 0.000257192 0.999996 0.0470184 0.078171 0.299128
FixedParameters: 0 0 0

#Transform 133
Transform: AffineTransform_float_3_3
Parameters: 0.999997 0.00115681 0.00219963 -0.00115819 0.999999 0.000538454 -0.00219938 -0.000540546 0.999998 0.0716105 0.0934242 0.391578
FixedParameters: 0 0 0

#Transform 134
Transform: AffineTransform_float_3_3
Parameters: 0.999996 0.0010598 0.00241353 -0.0010612 1 0.000496441 -0.00241247 -0.000499559 0.999997 0.0551218 0.0955325 0.415232
FixedParameters: 0 0 0

#Transform 135
Transform: AffineTransform_float_3_3
Parameters: 0.999997 0.00108477 0.00241611 -0.00108523 1 9.53783e-05 -0.0024159 -9.76211e-05 0.999997 0.0743838 0.0894223 0.347234
FixedParameters: 0 0 0

#Transform 136
Transform: AffineTransform_float_3_3
Parameters: 0.999997 0.00115817 0.00244992 -0.00115883 1 -7.18393e-05 -0.00245008 6.91627e-05 0.999997 0.0861605 0.106204 0.376858
FixedParameters: 0 0 0

#Transform 137
Transform: AffineTransform_float_3_3
Parameters: 0.999997 0.000640612 0.00232911 -0.000640387 1 0.000165509 -0.00232889 -0.000167492 0.999998 0.0874974 0.105185 0.383816
FixedParameters: 0 0 0

#Transform 138
Transform: AffineTransform_float_3_3
Parameters: 0.999998 0.0005568 0.00225055 -0.0005592 1 0.000976744 -0.00225046 -0.000978256 0.999997 0.0946008 0.0927333 0.375747
FixedParameters: 0 0 0

#Transform 139
Transform: AffineTransform_float_3_3
Parameters: 0.999997 0.000468198 0.00238416 -0.000468802 1 0.000335883 -0.00238384 -0.000337117 0.999997 0.0987157 0.0946825 0.392572
FixedParameters: 0 0 0

#Transform 140
Transform: AffineTransform_float_3_3
Parameters: 0.999997 0.000558135 0.00212123 -0.000559864 1 0.000406813 -0.00212177 -0.000408185 0.999997 0.125951 0.06246 0.413008
FixedParameters: 0 0 0

#Transform 141
Transform: AffineTransform_float_3_3
Parameters: 0.999996 0.0011084 0.00232572 -0.0011116 0.999998 0.00154642 -0.00232328 -0.00154858 0.999996 0.0833885 0.0768957 0.426066
FixedParameters: 0 0 0

#Transform 142
Transform: AffineTransform_float_3_3
Parameters: 0.999996 0.00139064 0.00249388 -0.00139436 0.999998 0.00134753 -0.00249212 -0.00135047 0.999996 0.066253 0.0616574 0.404684
FixedParameters: 0 0 0

#Transform 143
Transform: AffineTransform_float_3_3
Parameters: 0.999996 0.00138044 0.00274129 -0.00138256 0.999998 0.000931214 -0.00274071 -0.000934787 0.999996 0.0555151 0.0705572 0.42019
FixedParameters: 0 0 0

#Transform 144
Transform: AffineTransform_float_3_3
Parameters: 0.999996 0.00119698 0.00280286 -0.00119902 0.999999 0.000717643 -0.00280114 -0.000721356 0.999996 0.0566875 0.0797426 0.430859
FixedParameters: 0 0 0

#Transform 145
Transform: AffineTransform_float_3_3
Parameters: 0.999996 0.00116327 0.00280355 -0.00116773 0.999999 0.00132773 -0.00280145 -0.00133127 0.999995 0.055911 0.105342 0.415131
FixedParameters: 0 0 0

#Transform 146
Transform: AffineTransform_float_3_3
Parameters: 0.999996 0.00121505 0.00280328 -0.00121795 0.999998 0.00104959 -0.00280172 -0.00105341 0.999995 0.0661014 0.0800178 0.376314
FixedParameters: 0 0 0

#Transform 147
Transform: AffineTransform_float_3_3
Parameters: 0.999996 0.00118211 0.00280322 -0.00118489 0.999999 0.00103068 -0.00280178 -0.00103432 0.999995 0.0679053 0.0838875 0.418823
FixedParameters: 0 0 0

#Transform 148
Transform: AffineTransform_float_3_3
Parameters: 0.999996 0.00122454 0.00280308 -0.00122646 0.999999 0.000875566 -0.00280193 -0.000878435 0.999995 0.0734936 0.100017 0.423109
FixedParameters: 0 0 0

#Transform 149
Transform: AffineTransform_float_3_3
Parameters: 0.999996 0.00117999 0.00280327 -0.00118301 0.999998 0.00107369 -0.00280173 -0.00107731 0.999996 0.0699929 0.0828557 0.437057
FixedParameters: 0 0 0

#Transform 150
Transform: AffineTransform_float_3_3
Parameters: 0.999996 0.00121329 0.00280317 -0.00121571 0.999999 0.000964596 -0.00280183 -0.000968403 0.999995 0.0886341 0.067375 0.412056
FixedParameters: 0 0 0

#Transform 151
Transform: AffineTransform_float_3_3
Parameters: 0.999995 0.00114217 0.00288013 -0.00114483 0.999999 0.000981708 -0.00287888 -0.000984293 0.999996 0.0802309 0.0970901 0.456953
FixedParameters: 0 0 0

#Transform 152
Transform: AffineTransform_float_3_3
Parameters: 0.999995 0.00104987 0.00292748 -0.00105413 0.999999 0.00140892 -0.00292652 -0.00141208 0.999994 0.079179 0.0824227 0.460048
FixedParameters: 0 0 0

#Transform 153
Transform: AffineTransform_float_3_3
Parameters: 0.999995 0.00102455 0.00280326 -0.00102744 0.999998 0.00122813 -0.00280174 -0.00123088 0.999996 0.0956231 0.0727209 0.452268
FixedParameters: 0 0 0

#Transform 154
Transform: AffineTransform_float_3_3
Parameters: 0.999995 0.000975792 0.00280312 -0.000979207 0.999999 0.00114326 -0.00280188 -0.00114574 0.999995 0.0997178 0.0652473 0.461966
FixedParameters: 0 0 0

#Transform 155
Transform: AffineTransform_float_3_3
Parameters: 0.999996 0.000554508 0.0027909 -0.00055949 0.999998 0.00160844 -0.0027901 -0.00161055 0.999995 0.0840846 0.0505898 0.454888
FixedParameters: 0 0 0

#Transform 156
Transform: AffineTransform_float_3_3
Parameters: 0.999995 0.00109175 0.0027479 -0.00109425 0.999999 0.000818997 -0.0027471 -0.000822003 0.999996 0.0701936 0.0766714 0.475948
FixedParameters: 0 0 0

#Transform 157
Transform: AffineTransform_float_3_3
Parameters: 0.999996 0.00144545 0.00268 -0.00145155 0.999997 0.00207012 -0.002677 -0.00207388 0.999995 0.0568967 0.0614396 0.462764
FixedParameters: 0 0 0

#Transform 158
Transform: AffineTransform_float_3_3
Parameters: 0.999999 0.000299491 0.00132512 -0.00029951 1 0.000384603 -0.00132489 -0.000384397 0.999999 0.12921 0.0822909 0.438438
FixedParameters: 0 0 0

#Transform 159
Transform: AffineTransform_float_3_3
Parameters: 0.999997 0.00129608 0.00212517 -0.00129792 0.999998 0.000903245 -0.00212483 -0.000905757 0.999998 0.0782468 0.0982421 0.45176
FixedParameters: 0 0 0
