#Insight Transform File V1.0
#Transform 0
Transform: AffineTransform_float_3_3
Parameters: 1 -4.3976e-07 0.00023 -4.3976e-07 0.999998 0.001912 -0.00023 -0.001912 0.999998 0.0201346 -0.0932275 0.591945
FixedParameters: 0 0 0

#Transform 1
Transform: AffineTransform_float_3_3
Parameters: 1 0.000893505 0.000463956 -0.000894496 0.999999 0.00106859 -0.000463044 -0.00106941 1 0.0100663 0.0269967 0.122785
FixedParameters: 0 0 0

#Transform 2
Transform: AffineTransform_float_3_3
Parameters: 1 0.000893285 0.000435471 -0.000894717 0.999998 0.00164561 -0.000434528 -0.00164639 0.999998 0.0194531 0.0289435 0.020673
FixedParameters: 0 0 0

#Transform 3
Transform: AffineTransform_float_3_3
Parameters: 0.999999 0.000488102 0.000598733 -0.000488898 0.999999 0.00150071 -0.000598267 -0.00150029 0.999998 0.0149525 7.92649e-05 0.0268401
FixedParameters: 0 0 0

#Transform 4
Transform: AffineTransform_float_3_3
Parameters: 1 0.000475052 -1.97706e-05 -0.000474946 0.999996 0.00258801 2.12292e-05 -0.00258799 0.999996 0.034506 0.0242911 0.192034
FixedParameters: 0 0 0

#Transform 5
Transform: AffineTransform_float_3_3
Parameters: 1 0.000475119 -9.33943e-05 -0.000474881 0.999999 0.00127504 9.36055e-05 -0.00127496 0.999999 0.0374798 0.0210943 0.117936
FixedParameters: 0 0 0

#Transform 6
Transform: AffineTransform_float_3_3
Parameters: 1 0.000475167 -0.000106253 -0.000474833 0.999998 0.00157205 0.000106747 -0.00157195 0.999999 0.0498782 -0.0157235 0.0995616
FixedParameters: 0 0 0

#Transform 7
Transform: AffineTransform_float_3_3
Parameters: 1 -2.5832e-05 -0.000107041 2.6168e-05 0.999999 0.00157 0.000106959 -0.00157 0.999999 0.0336067 0.00479011 0.144316
FixedParameters: 0 0 0

#Transform 8
Transform: AffineTransform_float_3_3
Parameters: 0.999998 -0.00132709 0.00108945 0.0013249 0.999998 0.00192045 -0.00109254 -0.00191855 0.999997 -0.000610902 -0.015263 0.0782186
FixedParameters: 0 0 0

#Transform 9
Transform: AffineTransform_float_3_3
Parameters: 0.999994 0.002331 -0.00262214 -0.002321 0.99999 0.00381211 0.00263086 -0.00380589 0.99999 0.0485246 -0.0806417 0.0544347
FixedParameters: 0 0 0

#Transform 10
Transform: AffineTransform_float_3_3
Parameters: 0.999999 0.000232191 -0.000831668 -0.00023081 0.999999 0.00143119 0.000831331 -0.00143181 0.999998 0.0488416 0.00874116 0.153776
FixedParameters: 0 0 0

#Transform 11
Transform: AffineTransform_float_3_3
Parameters: 0.999999 0.000480294 -0.00126951 -0.000478707 1 0.00101861 0.00127049 -0.00101839 0.999998 0.041427 -0.023391 0.128736
FixedParameters: 0 0 0

#Transform 12
Transform: AffineTransform_float_3_3
Parameters: 0.999999 0.000402576 -0.00146057 -0.000401426 1 0.00107859 0.00146043 -0.00107841 0.999999 0.050884 0.000486602 0.147584
FixedParameters: 0 0 0

#Transform 13
Transform: AffineTransform_float_3_3
Parameters: 0.999999 0.00040264 -0.00117544 -0.00040136 0.999999 0.00139547 0.00117556 -0.00139453 0.999999 0.0310568 0.00773729 0.172819
FixedParameters: 0 0 0

#Transform 14
Transform: AffineTransform_float_3_3
Parameters: 1 0.000402608 -0.000997353 -0.000401391 0.999998 0.0016124 0.000998649 -0.0016116 0.999998 0.0278678 -0.0165128 0.100339
FixedParameters: 0 0 0

#Transform 15
Transform: AffineTransform_float_3_3
Parameters: 0.999998 0.000404438 -0.00174321 -0.000401561 0.999998 0.0019727 0.0017438 -0.0019713 0.999997 0.044388 -0.0133587 0.214224
FixedParameters: 0 0 0

#Transform 16
Transform: AffineTransform_float_3_3
Parameters: 1 0.000402997 -0.00109527 -0.000401004 0.999999 0.00182244 0.00109573 -0.00182256 0.999997 0.0208424 -0.000213827 0.212923
FixedParameters: 0 0 0

#Transform 17
Transform: AffineTransform_float_3_3
Parameters: 1 0.000145194 -0.000270896 -0.000144805 0.999999 0.000718039 0.000271104 -0.00071796 0.999999 -0.00206953 -0.0132958 0.0754676
FixedParameters: 0 0 0

#Transform 18
Transform: AffineTransform_float_3_3
Parameters: 1 -1.98843e-05 -0.000293008 2.01157e-05 1 0.000394994 0.000292992 -0.000395006 1 0.00721636 0.0223695 0.0665582
FixedParameters: 0 0 0

#Transform 19
Transform: AffineTransform_float_3_3
Parameters: 1 -2.00612e-05 0.000210994 1.99388e-05 1 0.000290004 -0.000211006 -0.000289996 1 0.00411385 0.0353554 -0.0064422
FixedParameters: 0 0 0

#Transform 20
Transform: AffineTransform_float_3_3
Parameters: 1 -1.99587e-05 -0.000293003 2.00413e-05 1 0.000140994 0.000292997 -0.000141006 1 0.00294251 0.00193183 -0.034942
FixedParameters: 0 0 0

#Transform 21
Transform: AffineTransform_float_3_3
Parameters: 1 0.00019939 -0.000602542 -0.000197609 0.999998 0.00230612 0.000603457 -0.00230588 0.999997 0.0213321 0.0111485 0.111643
FixedParameters: 0 0 0

#Transform 22
Transform: AffineTransform_float_3_3
Parameters: 1 -2.01749e-05 0.000297988 1.98251e-05 1 0.000587006 -0.000298012 -0.000586994 1 0.00051641 0.0253183 0.0496285
FixedParameters: 0 0 0

#Transform 23
Transform: AffineTransform_float_3_3
Parameters: 1 -0.000102584 -0.000444096 0.000102417 0.999999 0.000936955 0.000444904 -0.000937046 1 0.0302213 0.0131802 0.0701437
FixedParameters: 0 0 0

#Transform 24
Transform: AffineTransform_float_3_3
Parameters: 1 -1.99593e-05 -4.00203e-05 2.00407e-05 1 0.001017 3.99797e-05 -0.001017 1 0.0143518 0.0357926 0.103377
FixedParameters: 0 0 0

#Transform 25
Transform: AffineTransform_float_3_3
Parameters: 1 -2.00663e-05 0.000494997 1.99337e-05 1 0.00013401 -0.000495003 -0.00013399 1 -0.00759712 0.019752 0.0724758
FixedParameters: 0 0 0

#Transform 26
Transform: AffineTransform_float_3_3
Parameters: 0.999998 0.00176631 0.00110194 -0.00176969 0.999993 0.00335706 -0.00109606 -0.00335894 0.999994 0.00267788 -0.0347191 0.0355707
FixedParameters: 0 0 0

#Transform 27
Transform: AffineTransform_float_3_3
Parameters: 0.999999 0.000207475 0.00131393 -0.000206524 1 -0.000362272 -0.00131408 0.000361728 0.999999 -0.0171223 0.0537347 0.145805
FixedParameters: 0 0 0

#Transform 28
Transform: AffineTransform_float_3_3
Parameters: 0.999999 3.31747e-05 0.00141395 -3.18252e-05 0.999999 -0.00153805 -0.00141405 0.00153795 0.999998 -0.00172159 0.0820511 0.0152258
FixedParameters: 0 0 0

#Transform 29
Transform: AffineTransform_float_3_3
Parameters: 0.999999 -0.000451296 0.00176393 0.000450705 1 0.000167795 -0.00176408 -0.000167204 0.999999 -0.00427054 0.0807498 0.0250906
FixedParameters: 0 0 0

#Transform 30
Transform: AffineTransform_float_3_3
Parameters: 1 0.000311765 0.00114752 -0.000309234 0.999999 -0.00153836 -0.00114848 0.00153764 0.999998 0.00997784 0.0747719 0.0296292
FixedParameters: 0 0 0

#Transform 31
Transform: AffineTransform_float_3_3
Parameters: 1 0.000310089 0.000121773 -0.000309911 0.999999 -0.000731037 -0.000122227 0.000730962 0.999999 0.0287744 0.0620325 0.0908276
FixedParameters: 0 0 0

#Transform 32
Transform: AffineTransform_float_3_3
Parameters: 1 5.85572e-05 0.000693953 -5.84427e-05 0.999999 -0.000803041 -0.000694047 0.00080296 1 0.0123463 0.102031 0.153411
FixedParameters: 0 0 0

#Transform 33
Transform: AffineTransform_float_3_3
Parameters: 1 0.00031119 0.00110767 -0.000309811 1 -0.00107334 -0.00110833 0.00107366 0.999999 0.0292626 0.0861778 0.079128
FixedParameters: 0 0 0

#Transform 34
Transform: AffineTransform_float_3_3
Parameters: 0.999997 0.00042992 0.00249416 -0.00042508 0.999998 -0.00197307 -0.00249484 0.00197193 0.999995 -0.0315383 0.13095 0.261265
FixedParameters: 0 0 0

#Transform 35
Transform: AffineTransform_float_3_3
Parameters: 0.999985 0.00329344 0.00438091 -0.00329155 0.999994 -0.000337425 -0.00438209 0.000322573 0.999991 -0.0669999 0.0722316 0.19239
FixedParameters: 0 0 0

#Transform 36
Transform: AffineTransform_float_3_3
Parameters: 0.999991 0.000882641 0.00401211 -0.000873355 0.999998 -0.00215552 -0.00401489 0.00215147 0.999989 -0.0365485 0.0721185 -0.0135727
FixedParameters: 0 0 0

#Transform 37
Transform: AffineTransform_float_3_3
Parameters: 0.999993 -6.7971e-06 0.00362001 1.02028e-05 1 -0.00116097 -0.00361999 0.00116103 0.999993 -0.0291881 0.0943096 0.052198
FixedParameters: 0 0 0

#Transform 38
Transform: AffineTransform_float_3_3
Parameters: 0.999994 -6.15022e-06 0.00326801 1.08497e-05 0.999999 -0.00148397 -0.00326798 0.00148403 0.999993 -0.0148084 0.103486 0.0297856
FixedParameters: 0 0 0

#Transform 39
Transform: AffineTransform_float_3_3
Parameters: 0.999997 -8.01833e-06 0.00243201 1.09816e-05 0.999999 -0.00122598 -0.00243199 0.00122602 0.999997 -0.00721765 0.0715072 0.00901365
FixedParameters: 0 0 0

#Transform 40
Transform: AffineTransform_float_3_3
Parameters: 0.999996 -6.75752e-06 0.00288601 1.02424e-05 0.999999 -0.00146998 -0.00288599 0.00147003 0.999995 -0.0292759 0.103102 0.0525675
FixedParameters: 0 0 0

#Transform 41
Transform: AffineTransform_float_3_3
Parameters: 0.999995 -5.84676e-06 0.00296501 1.11531e-05 0.999998 -0.00173797 -0.00296498 0.00173802 0.999994 -0.0213217 0.0637093 -0.070984
FixedParameters: 0 0 0

#Transform 42
Transform: AffineTransform_float_3_3
Parameters: 0.999995 -7.5724e-06 0.00296501 1.04275e-05 1 -0.00115597 -0.00296499 0.00115603 0.999995 -0.0226188 0.0768098 -0.0153435
FixedParameters: 0 0 0

#Transform 43
Transform: AffineTransform_float_3_3
Parameters: 0.999996 -7.24922e-06 0.00296501 1.07507e-05 0.999999 -0.00126497 -0.00296499 0.00126503 0.999995 -0.00267486 0.0809918 -0.0321164
FixedParameters: 0 0 0

#Transform 44
Transform: AffineTransform_float_3_3
Parameters: 0.999996 -0.000463262 0.00296559 0.000466738 0.999999 -0.00125962 -0.00296541 0.00126138 0.999995 -0.00671393 0.05885 -0.0428682
FixedParameters: 0 0 0

#Transform 45
Transform: AffineTransform_float_3_3
Parameters: 0.999996 -0.000464793 0.00282336 0.000467205 0.999999 -0.000780684 -0.00282263 0.000782315 0.999995 -0.000663454 0.0738296 0.0486183
FixedParameters: 0 0 0

#Transform 46
Transform: AffineTransform_float_3_3
Parameters: 0.999996 -0.000462888 0.00296565 0.000467115 0.999999 -0.00138662 -0.00296536 0.00138738 0.999994 -0.0307875 0.0636503 -0.0368825
FixedParameters: 0 0 0

#Transform 47
Transform: AffineTransform_float_3_3
Parameters: 0.999996 -0.000463772 0.00296551 0.000466231 1 -0.00108862 -0.0029655 0.00108938 0.999995 -0.0247919 0.0304742 -0.0580973
FixedParameters: 0 0 0

#Transform 48
Transform: AffineTransform_float_3_3
Parameters: 0.999996 -0.000525478 0.00296545 0.000528522 1 -0.000849437 -0.00296555 0.000851563 0.999995 -0.0295049 0.0430151 0.00474413
FixedParameters: 0 0 0

#Transform 49
Transform: AffineTransform_float_3_3
Parameters: 0.999997 -5.435e-05 0.00249308 5.86495e-05 0.999999 -0.00146386 -0.00249292 0.00146414 0.999996 -0.000734368 0.0368468 -0.0810111
FixedParameters: 0 0 0

#Transform 50
Transform: AffineTransform_float_3_3
Parameters: 0.999998 -5.67554e-05 0.00208103 5.82464e-05 1 -0.00059888 -0.00208096 0.000598119 0.999997 -6.29898e-05 0.0159723 0.0951907
FixedParameters: 0 0 0

#Transform 51
Transform: AffineTransform_float_3_3
Parameters: 0.999996 -5.43327e-05 0.00279507 5.86668e-05 0.999999 -0.00131184 -0.00279493 0.00131216 0.999995 -0.0303167 0.0360931 -0.00754009
FixedParameters: 0 0 0

#Transform 52
Transform: AffineTransform_float_3_3
Parameters: 0.999997 -5.65748e-05 0.00218904 5.84249e-05 1 -0.000650874 -0.00218896 0.000651126 0.999998 -0.01222 0.0207807 0.023017
FixedParameters: 0 0 0

#Transform 53
Transform: AffineTransform_float_3_3
Parameters: 0.999997 -5.72434e-05 0.00265402 5.87562e-05 1 -0.000284845 -0.00265399 0.000285153 0.999997 -0.0171118 0.054558 0.100259
FixedParameters: 0 0 0

#Transform 54
Transform: AffineTransform_float_3_3
Parameters: 0.999996 9.40902e-05 0.00290384 -8.89117e-05 0.999999 -0.00175227 -0.00290416 0.00175274 0.999994 -0.0353928 0.0423166 -0.0816448
FixedParameters: 0 0 0

#Transform 55
Transform: AffineTransform_float_3_3
Parameters: 0.999996 -7.38063e-05 0.00283109 7.61959e-05 1 -0.00112879 -0.00283092 0.00112821 0.999996 -0.0209693 0.0564988 -0.0554501
FixedParameters: 0 0 0

#Transform 56
Transform: AffineTransform_float_3_3
Parameters: 0.999995 -7.19597e-05 0.00320812 7.70393e-05 0.999999 -0.00157076 -0.00320788 0.00157124 0.999993 -0.0364342 0.0844873 -0.0605553
FixedParameters: 0 0 0

#Transform 57
Transform: AffineTransform_float_3_3
Parameters: 0.999995 -7.27321e-05 0.0029781 7.6267e-05 0.999999 -0.00143278 -0.00297789 0.00143322 0.999994 -0.0271192 0.0591167 -0.0843102
FixedParameters: 0 0 0

#Transform 58
Transform: AffineTransform_float_3_3
Parameters: 0.999996 -7.34216e-05 0.00304009 7.65808e-05 1 -0.00117777 -0.00303991 0.00117723 0.999994 -0.0339505 0.0936821 -0.0284985
FixedParameters: 0 0 0

#Transform 59
Transform: AffineTransform_float_3_3
Parameters: 0.999995 -7.20643e-05 0.00299112 7.69347e-05 0.999998 -0.00164978 -0.00299088 0.00165022 0.999994 -0.0418053 0.0810025 -0.0882396
FixedParameters: 0 0 0

#Transform 60
Transform: AffineTransform_float_3_3
Parameters: 0.999995 -7.1855e-05 0.00313512 7.61441e-05 0.999998 -0.00164077 -0.00313488 0.00164123 0.999993 -0.0419812 0.0932373 -0.072987
FixedParameters: 0 0 0

#Transform 61
Transform: AffineTransform_float_3_3
Parameters: 0.999995 -0.000231707 0.00297626 0.000234294 1 -0.00110631 -0.00297674 0.0011067 0.999995 -0.0282742 0.114685 -0.0372887
FixedParameters: 0 0 0

#Transform 62
Transform: AffineTransform_float_3_3
Parameters: 0.999995 0.000143782 0.00316279 -0.000139217 0.999999 -0.00151245 -0.00316321 0.00151155 0.999994 -0.0328454 0.101859 -0.0965843
FixedParameters: 0 0 0

#Transform 63
Transform: AffineTransform_float_3_3
Parameters: 0.999997 0.000249812 0.00264574 -0.000247189 1 -0.00106266 -0.00264627 0.00106234 0.999996 -0.0245462 0.0915823 -0.0440633
FixedParameters: 0 0 0

#Transform 64
Transform: AffineTransform_float_3_3
Parameters: 0.999996 5.83002e-05 0.00288494 -5.46993e-05 1 -0.00114416 -0.00288506 0.00114384 0.999995 -0.0409187 0.110655 -0.0376956
FixedParameters: 0 0 0

#Transform 65
Transform: AffineTransform_float_3_3
Parameters: 0.99999 -0.000324534 0.00442218 0.000326464 1 -0.000556562 -0.00442182 0.00055844 0.99999 -0.0494564 0.0730215 -0.0671727
FixedParameters: 0 0 0

#Transform 66
Transform: AffineTransform_float_3_3
Parameters: 0.999994 -0.000202075 0.00340623 0.000205924 1 -0.00115131 -0.00340676 0.00115269 0.999993 -0.0408892 0.103478 -0.0486949
FixedParameters: 0 0 0

#Transform 67
Transform: AffineTransform_float_3_3
Parameters: 0.999995 -0.000199991 0.00331937 0.000206011 0.999999 -0.00181033 -0.00331963 0.00181067 0.999993 -0.0444288 0.122702 -0.0763047
FixedParameters: 0 0 0

#Transform 68
Transform: AffineTransform_float_3_3
Parameters: 0.999998 0.000204495 0.00231078 -0.000202507 1 -0.00107947 -0.00231022 0.00107953 0.999996 -0.0320088 0.0825908 0.0295349
FixedParameters: 0 0 0

#Transform 69
Transform: AffineTransform_float_3_3
Parameters: 0.999997 0.000204142 0.0021508 -0.000202858 0.999999 -0.000996438 -0.0021502 0.000995563 0.999997 -0.04093 0.0930344 -0.00208277
FixedParameters: 0 0 0

#Transform 70
Transform: AffineTransform_float_3_3
Parameters: 0.999998 0.000655674 0.00151428 -0.000654326 0.999999 -0.00110599 -0.00151472 0.00110501 0.999998 -0.0160994 0.0677069 -0.0847224
FixedParameters: 0 0 0

#Transform 71
Transform: AffineTransform_float_3_3
Parameters: 0.999998 0.000611674 0.00151432 -0.000610326 0.999999 -0.00110593 -0.00151468 0.00110508 0.999998 -0.0115809 0.0886784 -0.0305969
FixedParameters: 0 0 0

#Transform 72
Transform: AffineTransform_float_3_3
Parameters: 0.999998 0.000369072 0.00187559 -0.000366926 1 -0.00110569 -0.00187641 0.00110431 0.999997 -0.0285163 0.0890613 -0.0609341
FixedParameters: 0 0 0

#Transform 73
Transform: AffineTransform_float_3_3
Parameters: 0.999998 0.000612431 0.00154204 -0.000610568 0.999998 -0.00157694 -0.00154296 0.00157606 0.999997 -0.0128383 0.08976 -0.100068
FixedParameters: 0 0 0

#Transform 74
Transform: AffineTransform_float_3_3
Parameters: 0.999998 0.000264308 0.0017148 -0.000262691 0.999999 -0.000763452 -0.0017152 0.000762548 0.999998 -0.0266363 0.0888102 -0.0504181
FixedParameters: 0 0 0

#Transform 75
Transform: AffineTransform_float_3_3
Parameters: 0.999996 0.00013948 0.00263077 -0.000134519 0.999999 -0.00170336 -0.00263123 0.00170264 0.999995 -0.0269629 0.0781286 -0.0946087
FixedParameters: 0 0 0

#Transform 76
Transform: AffineTransform_float_3_3
Parameters: 0.999999 0.000611625 0.00160738 -0.000610375 1 -0.00101098 -0.00160862 0.00101002 0.999998 -0.0221177 0.063352 -0.032199
FixedParameters: 0 0 0

#Transform 77
Transform: AffineTransform_float_3_3
Parameters: 0.999996 0.000195809 0.00254278 -0.000193189 1 -0.0011055 -0.00254321 0.00110451 0.999996 -0.026157 0.0916912 -0.0252682
FixedParameters: 0 0 0

#Transform 78
Transform: AffineTransform_float_3_3
Parameters: 0.999996 0.000195809 0.00254278 -0.000193189 1 -0.0011055 -0.00254321 0.00110451 0.999996 -0.0334586 0.0608438 -0.0408448
FixedParameters: 0 0 0

#Transform 79
Transform: AffineTransform_float_3_3
Parameters: 0.999997 0.000194827 0.00216284 -0.000193172 0.999999 -0.00084542 -0.00216316 0.00084458 0.999998 -0.0247932 0.10533 0.0400288
FixedParameters: 0 0 0

#Transform 80
Transform: AffineTransform_float_3_3
Parameters: 0.999996 0.000197197 0.00254268 -0.000192803 0.999998 -0.0016505 -0.00254332 0.0016505 0.999996 -0.026248 0.0807719 -0.0602436
FixedParameters: 0 0 0

#Transform 81
Transform: AffineTransform_float_3_3
Parameters: 0.999998 0.000618533 0.00177282 -0.000617467 1 -0.000301095 -0.00177319 0.000299904 0.999999 -0.0337644 0.0561305 -0.0122483
FixedParameters: 0 0 0

#Transform 82
Transform: AffineTransform_float_3_3
Parameters: 0.999998 0.000157891 0.00162882 -0.000156108 1 -0.00116126 -0.00162918 0.00116074 0.999998 -0.0317194 0.0855162 0.127115
FixedParameters: 0 0 0

#Transform 83
Transform: AffineTransform_float_3_3
Parameters: 0.999999 0.000322072 0.00140953 -0.000319927 0.999999 -0.00147045 -0.00141047 0.00146955 0.999998 -0.0214644 0.0590056 0.0326051
FixedParameters: 0 0 0

#Transform 84
Transform: AffineTransform_float_3_3
Parameters: 0.999999 0.000574299 0.00162854 -0.000572701 0.999999 -0.000797934 -0.00162946 0.000797065 0.999999 -0.0373256 0.104863 0.0696932
FixedParameters: 0 0 0

#Transform 85
Transform: AffineTransform_float_3_3
Parameters: 0.999998 0.000276721 0.00162837 -0.000273278 0.999998 -0.00228445 -0.00162963 0.00228455 0.999996 -0.0238746 0.0403321 -0.0679617
FixedParameters: 0 0 0

#Transform 86
Transform: AffineTransform_float_3_3
Parameters: 1 0.000201773 0.000192239 -0.000202228 1 0.00118296 -0.000192761 -0.00118304 1 0.0270738 0.00485331 -0.0538833
FixedParameters: 0 0 0

#Transform 87
Transform: AffineTransform_float_3_3
Parameters: 0.999991 -0.00159244 0.00375841 0.00157156 0.999984 0.00543395 -0.00376759 -0.00542805 0.999978 -0.0349145 -0.0261494 0.149526
FixedParameters: 0 0 0

#Transform 88
Transform: AffineTransform_float_3_3
Parameters: 0.999997 -0.000408827 0.00239284 0.000402172 0.999996 0.00285297 -0.00239416 -0.00285203 0.999993 -0.0253502 -0.0139787 0.129345
FixedParameters: 0 0 0

#Transform 89
Transform: AffineTransform_float_3_3
Parameters: 0.999997 -0.00108652 0.00186069 0.00108648 1 0.000283022 -0.00186031 -0.00028098 0.999998 -0.00493888 0.132949 0.173358
FixedParameters: 0 0 0

#Transform 90
Transform: AffineTransform_float_3_3
Parameters: 0.999998 -0.000666397 0.00187657 0.000668603 1 -0.000853747 -0.00187543 0.000855252 0.999998 -0.0100908 0.12738 0.0152997
FixedParameters: 0 0 0

#Transform 91
Transform: AffineTransform_float_3_3
Parameters: 0.999995 -0.000697435 0.0028911 0.000701563 0.999998 -0.00157798 -0.00288989 0.00158002 0.999994 0.00639773 0.12069 -0.364026
FixedParameters: 0 0 0

#Transform 92
Transform: AffineTransform_float_3_3
Parameters: 0.999979 -0.000630088 0.00644869 0.000656913 0.999991 -0.00417185 -0.00644632 0.00417615 0.999971 -0.153986 0.236442 -0.11455
FixedParameters: 0 0 0

#Transform 93
Transform: AffineTransform_float_3_3
Parameters: 0.999975 -0.00193889 0.00676983 0.00190311 0.999984 0.00530402 -0.00678018 -0.00529099 0.999963 -0.0495027 -0.1595 -0.206132
FixedParameters: 0 0 0

#Transform 94
Transform: AffineTransform_float_3_3
Parameters: 0.999985 -0.000940041 0.00552002 0.000945958 0.999999 -0.0010768 -0.00551898 0.00108221 0.999984 -0.0609299 0.269452 0.866907
FixedParameters: 0 0 0

#Transform 95
Transform: AffineTransform_float_3_3
Parameters: 0.999988 -0.000726314 0.00471255 0.000749686 0.999988 -0.00481452 -0.00470844 0.00481748 0.999978 -0.0274497 0.244983 0.209704
FixedParameters: 0 0 0

#Transform 96
Transform: AffineTransform_float_3_3
Parameters: 0.999989 -0.000175885 0.00463824 0.000205114 0.999979 -0.00649312 -0.00463677 0.00649389 0.999968 -0.0589785 0.288293 0.258692
FixedParameters: 0 0 0

#Transform 97
Transform: AffineTransform_float_3_3
Parameters: 0.999992 -0.00015616 0.00412828 0.000186839 0.999972 -0.00747129 -0.00412672 0.00747171 0.999963 -0.0424041 0.336285 0.215315
FixedParameters: 0 0 0

#Transform 98
Transform: AffineTransform_float_3_3
Parameters: 0.999995 -0.000399588 0.00332377 0.000422406 0.999977 -0.00674463 -0.00332023 0.00674636 0.999971 -0.0137329 0.281075 0.122783
FixedParameters: 0 0 0

#Transform 99
Transform: AffineTransform_float_3_3
Parameters: 0.999995 -0.000483199 0.00333977 0.000501801 0.999984 -0.00563035 -0.00333723 0.00563264 0.999978 0.00057103 0.282672 0.25168
FixedParameters: 0 0 0

#Transform 100
Transform: AffineTransform_float_3_3
Parameters: 0.999992 -0.000478463 0.00392095 0.000501537 0.999982 -0.00600408 -0.00391806 0.00600592 0.999975 0.003908 0.233192 0.143992
FixedParameters: 0 0 0

#Transform 101
Transform: AffineTransform_float_3_3
Parameters: 0.999992 -0.000479457 0.0039508 0.000501545 0.999983 -0.00570706 -0.0039482 0.00570894 0.999976 0.000664602 0.220305 0.208766
FixedParameters: 0 0 0

#Transform 102
Transform: AffineTransform_float_3_3
Parameters: 0.999987 -0.000488369 0.00492837 0.000501631 0.999996 -0.00276456 -0.00492763 0.00276744 0.999984 -0.0284598 0.151856 0.174744
FixedParameters: 0 0 0

#Transform 103
Transform: AffineTransform_float_3_3
Parameters: 0.999987 -0.000405938 0.00496183 0.000416062 0.999998 -0.00202696 -0.00496116 0.00202904 0.999985 -0.0118665 0.0997546 -0.160117
FixedParameters: 0 0 0

#Transform 104
Transform: AffineTransform_float_3_3
Parameters: 0.999986 -0.00134461 0.00512459 0.00136139 0.999994 -0.00339107 -0.00512041 0.00339793 0.999981 0.0374137 0.17204 -0.417404
FixedParameters: 0 0 0

#Transform 105
Transform: AffineTransform_float_3_3
Parameters: 0.999991 -0.00105149 0.00395888 0.00106551 0.999992 -0.00366481 -0.00395512 0.00366919 0.999986 0.0668366 0.182695 -0.142942
FixedParameters: 0 0 0

#Transform 106
Transform: AffineTransform_float_3_3
Parameters: 0.99999 -0.00148178 0.00424364 0.00149522 0.999994 -0.00311269 -0.00423936 0.00311931 0.999986 0.0741976 0.149539 -0.0400635
FixedParameters: 0 0 0

#Transform 107
Transform: AffineTransform_float_3_3
Parameters: 0.999988 -0.00114529 0.00476381 0.00116072 0.999994 -0.00329751 -0.0047602 0.00330249 0.999983 0.0559569 0.152015 -0.0286178
FixedParameters: 0 0 0

#Transform 108
Transform: AffineTransform_float_3_3
Parameters: 0.999984 -0.00148005 0.00542308 0.00148395 0.999998 -0.000724964 -0.00542192 0.000733036 0.999985 0.0266726 0.126351 0.0815387
FixedParameters: 0 0 0

#Transform 109
Transform: AffineTransform_float_3_3
Parameters: 0.999988 -0.00153823 0.00465625 0.00154277 0.999999 -0.000805826 -0.00465475 0.00081317 0.999989 0.04398 0.0722168 0.090783
FixedParameters: 0 0 0

#Transform 110
Transform: AffineTransform_float_3_3
Parameters: 0.999988 -0.00139894 0.00455996 0.00141506 0.999993 -0.00352059 -0.00455504 0.00352741 0.999984 0.0371855 0.159526 0.0811695
FixedParameters: 0 0 0

#Transform 111
Transform: AffineTransform_float_3_3
Parameters: 0.999988 -0.00104452 0.00476676 0.00106548 0.99999 -0.00450498 -0.00476225 0.00451003 0.999979 0.00426695 0.173173 0.0982509
FixedParameters: 0 0 0

#Transform 112
Transform: AffineTransform_float_3_3
Parameters: 0.999992 -0.00104781 0.00382503 0.00106519 0.999988 -0.00475697 -0.00381998 0.00476104 0.999982 0.00434001 0.190208 0.134186
FixedParameters: 0 0 0

#Transform 113
Transform: AffineTransform_float_3_3
Parameters: 0.999987 -0.000817357 0.00488171 0.000844643 0.999983 -0.00566294 -0.00487729 0.00566705 0.999972 0.0051252 0.238549 -0.0748301
FixedParameters: 0 0 0

#Transform 114
Transform: AffineTransform_float_3_3
Parameters: 0.999992 -0.00110781 0.00389464 0.00112318 0.99999 -0.00415566 -0.00388936 0.00416034 0.999984 0.0303841 0.185569 0.00797068
FixedParameters: 0 0 0

#Transform 115
Transform: AffineTransform_float_3_3
Parameters: 0.999989 -0.000907361 0.00456733 0.000918638 0.999997 -0.00254683 -0.00456468 0.00255117 0.999987 -0.000911394 0.160079 0.0858502
FixedParameters: 0 0 0

#Transform 116
Transform: AffineTransform_float_3_3
Parameters: 0.99999 -0.00133542 0.004286 0.00134457 0.999996 -0.00223126 -0.00428301 0.00223774 0.999989 0.028726 0.112834 0.0504296
FixedParameters: 0 0 0

#Transform 117
Transform: AffineTransform_float_3_3
Parameters: 0.999989 -0.00144607 0.0044975 0.00145994 0.999994 -0.00309647 -0.0044935 0.00310253 0.999985 0.0252714 0.153242 -0.028819
FixedParameters: 0 0 0

#Transform 118
Transform: AffineTransform_float_3_3
Parameters: 0.999987 -0.00176081 0.00475166 0.0017762 0.999994 -0.0031956 -0.00474634 0.0032034 0.999983 0.0308213 0.17378 -0.0577497
FixedParameters: 0 0 0

#Transform 119
Transform: AffineTransform_float_3_3
Parameters: 0.99999 -0.00144281 0.00424819 0.00145819 0.999993 -0.00357384 -0.00424381 0.00358016 0.999984 0.034858 0.16932 -0.0658126
FixedParameters: 0 0 0

#Transform 120
Transform: AffineTransform_float_3_3
Parameters: 0.99999 -0.00144515 0.00421243 0.00145786 0.999995 -0.00304989 -0.00420857 0.00305611 0.999987 0.0239513 0.185574 0.0107225
FixedParameters: 0 0 0

#Transform 121
Transform: AffineTransform_float_3_3
Parameters: 0.999988 -0.00144119 0.00470318 0.00145781 0.999992 -0.00357318 -0.00469781 0.00357981 0.999982 0.0179925 0.192204 -0.0720351
FixedParameters: 0 0 0

#Transform 122
Transform: AffineTransform_float_3_3
Parameters: 0.999989 -0.00102285 0.00453345 0.00103815 0.999994 -0.00334033 -0.00452956 0.00334567 0.999984 0.00794512 0.181041 -0.0945834
FixedParameters: 0 0 0

#Transform 123
Transform: AffineTransform_float_3_3
Parameters: 0.999991 -0.00133843 0.00404019 0.00135356 0.999991 -0.00385257 -0.00403481 0.00385844 0.999985 0.0275952 0.222137 0.0174522
FixedParameters: 0 0 0

#Transform 124
Transform: AffineTransform_float_3_3
Parameters: 0.999992 -0.00133661 0.003905 0.00135339 0.999989 -0.00445376 -0.00389901 0.00445925 0.999983 0.0328636 0.197414 -0.063023
FixedParameters: 0 0 0

#Transform 125
Transform: AffineTransform_float_3_3
Parameters: 0.999991 -0.000906458 0.00415832 0.000935547 0.999976 -0.00686717 -0.00415267 0.00687082 0.999968 -0.00528927 0.266672 0.127697
FixedParameters: 0 0 0

#Transform 126
Transform: AffineTransform_float_3_3
Parameters: 0.999968 -0.00239908 0.0076122 0.00238692 0.999996 0.00159522 -0.00761579 -0.00157678 0.99997 -0.00857376 0.0565159 -0.2856
FixedParameters: 0 0 0

#Transform 127
Transform: AffineTransform_float_3_3
Parameters: 0.999978 -0.00207329 0.00620759 0.00208471 0.999997 -0.0017191 -0.00620441 0.0017319 0.99998 0.010892 0.114824 -0.190284
FixedParameters: 0 0 0

#Transform 128
Transform: AffineTransform_float_3_3
Parameters: 0.999986 -0.00170434 0.00511259 0.00172167 0.999993 -0.00325724 -0.00510741 0.00326575 0.999981 -0.0155061 0.197132 -0.0743631
FixedParameters: 0 0 0

#Transform 129
Transform: AffineTransform_float_3_3
Parameters: 0.999981 -0.00174122 0.00589937 0.00176677 0.999989 -0.00419665 -0.00589163 0.00420734 0.999974 -0.0200249 0.216198 -0.177218
FixedParameters: 0 0 0

#Transform 130
Transform: AffineTransform_float_3_3
Parameters: 0.999977 -0.00207331 0.00649223 0.0021017 0.999988 -0.00441646 -0.00648277 0.00442954 0.999969 -0.00513081 0.194894 -0.0705917
FixedParameters: 0 0 0

#Transform 131
Transform: AffineTransform_float_3_3
Parameters: 0.999986 -0.00182517 0.00500228 0.00184483 0.999991 -0.00396283 -0.00499472 0.00397217 0.999979 0.0313742 0.214164 -0.0565989
FixedParameters: 0 0 0

#Transform 132
Transform: AffineTransform_float_3_3
Parameters: 0.999985 -0.00172545 0.00508006 0.00174855 0.999987 -0.00463518 -0.00507194 0.00464382 0.999977 0.0222398 0.197802 -0.153933
FixedParameters: 0 0 0

#Transform 133
Transform: AffineTransform_float_3_3
Parameters: 0.999985 -0.00202764 0.00509396 0.00204936 0.999989 -0.00438763 -0.00508505 0.00439838 0.999978 0.0196037 0.208952 -0.0777422
FixedParameters: 0 0 0

#Transform 134
Transform: AffineTransform_float_3_3
Parameters: 0.999984 -0.00217931 0.00531078 0.00220368 0.999987 -0.00445837 -0.00530022 0.00447062 0.999976 0.0257154 0.238847 -0.126629
FixedParameters: 0 0 0

#Transform 135
Transform: AffineTransform_float_3_3
Parameters: 0.999984 -0.00130065 0.0054951 0.00132235 0.999991 -0.0038838 -0.0054899 0.0038912 0.999978 -0.0133607 0.189283 -0.118333
FixedParameters: 0 0 0

#Transform 136
Transform: AffineTransform_float_3_3
Parameters: 0.99998 -0.00109443 0.00632666 0.00112157 0.99999 -0.00419799 -0.00632235 0.004205 0.999971 -0.0231851 0.227281 -0.14524
FixedParameters: 0 0 0

#Transform 137
Transform: AffineTransform_float_3_3
Parameters: 0.999984 -0.00216121 0.00523572 0.00218779 0.999985 -0.00492462 -0.00522528 0.00493637 0.999974 0.0114464 0.229345 -0.23071
FixedParameters: 0 0 0

#Transform 138
Transform: AffineTransform_float_3_3
Parameters: 0.999987 -0.00161163 0.00469279 0.00163637 0.999984 -0.00540739 -0.00468321 0.00541462 0.999975 0.0187223 0.251123 -0.112623
FixedParameters: 0 0 0

#Transform 139
Transform: AffineTransform_float_3_3
Parameters: 0.99998 -0.00216221 0.00585446 0.00219279 0.999984 -0.00525826 -0.00584253 0.00527073 0.999969 0.00354018 0.237033 -0.184201
FixedParameters: 0 0 0

#Transform 140
Transform: AffineTransform_float_3_3
Parameters: 0.999984 -0.00223087 0.00532131 0.00226014 0.999983 -0.00547507 -0.00530969 0.00548694 0.999971 0.0248208 0.230185 -0.17987
FixedParameters: 0 0 0

#Transform 141
Transform: AffineTransform_float_3_3
Parameters: 0.999987 -0.00223418 0.00462057 0.00225981 0.999982 -0.00558963 -0.00460743 0.00560036 0.999973 0.0414018 0.250024 -0.101694
FixedParameters: 0 0 0

#Transform 142
Transform: AffineTransform_float_3_3
Parameters: 0.999999 0.00123402 -0.000945583 -0.00123597 0.999997 -0.00209083 0.000942417 0.00209217 0.999998 0.158602 0.131314 -0.300518
FixedParameters: 0 0 0

#Transform 143
Transform: AffineTransform_float_3_3
Parameters: 0.999995 0.00239322 -0.00172306 -0.00237877 0.999958 0.00878013 0.00174495 -0.00877586 0.99996 0.267646 -0.10441 -0.604792
FixedParameters: 0 0 0

#Transform 144
Transform: AffineTransform_float_3_3
Parameters: 0.999887 0.014637 -0.00324981 -0.014637 0.999893 3.65715e-05 0.00325018 1.15743e-05 0.999994 0.101994 0.202437 -0.54026
FixedParameters: 0 0 0

#Transform 145
Transform: AffineTransform_float_3_3
Parameters: 1 1.12938e-05 -0.000284989 -1.07062e-05 1 0.001031 0.000285011 -0.001031 1 -0.0412531 0.0752748 0.480592
FixedParameters: 0 0 0

#Transform 146
Transform: AffineTransform_float_3_3
Parameters: 0.999986 0.00280411 0.00443628 -0.00276289 0.999953 -0.00924538 -0.00446172 0.00923261 0.999948 -0.168527 0.390133 0.248818
FixedParameters: 0 0 0

#Transform 147
Transform: AffineTransform_float_3_3
Parameters: 0.999954 0.000507227 0.00960107 -0.000544772 0.999992 0.00393195 -0.00959893 -0.00393705 0.999946 -0.221856 -0.107246 -0.238785
FixedParameters: 0 0 0

#Transform 148
Transform: AffineTransform_float_3_3
Parameters: 0.999994 0.000105591 0.00366165 -0.00012641 0.999985 0.00557358 -0.00366135 -0.00557443 0.999978 -0.0818569 0.00178734 0.616084
FixedParameters: 0 0 0

#Transform 149
Transform: AffineTransform_float_3_3
Parameters: 0.999993 -0.00132797 0.00349712 0.00132304 0.999998 0.00142164 -0.00349888 -0.00141736 0.999993 -0.0307213 0.171841 0.312256
FixedParameters: 0 0 0

#Transform 150
Transform: AffineTransform_float_3_3
Parameters: 0.999983 -0.00144232 0.00563756 0.00148267 0.999973 -0.00721776 -0.00562644 0.00722624 0.999958 -0.0877741 0.303605 0.22439
FixedParameters: 0 0 0

#Transform 151
Transform: AffineTransform_float_3_3
Parameters: 0.999987 -0.00160961 0.00469244 0.00163439 0.999985 -0.0051984 -0.00468456 0.00520661 0.999976 -0.0665063 0.308626 0.0849066
FixedParameters: 0 0 0

#Transform 152
Transform: AffineTransform_float_3_3
Parameters: 0.999987 -0.00196005 0.00469492 0.00198595 0.999982 -0.00552874 -0.00468408 0.00553825 0.999973 -0.0637985 0.29044 0.144107
FixedParameters: 0 0 0

#Transform 153
Transform: AffineTransform_float_3_3
Parameters: 0.99999 -0.000954356 0.00420966 0.00097964 0.999983 -0.00585593 -0.00420333 0.00586007 0.999974 -0.065828 0.335906 0.0451862
FixedParameters: 0 0 0

#Transform 154
Transform: AffineTransform_float_3_3
Parameters: 0.999992 -0.000683543 0.00393723 0.000712456 0.999971 -0.00748525 -0.00393178 0.00748775 0.999964 -0.0846113 0.317315 0.0319394
FixedParameters: 0 0 0

#Transform 155
Transform: AffineTransform_float_3_3
Parameters: 0.999992 -0.000421464 0.0039618 0.000446539 0.999979 -0.00644729 -0.0039592 0.00644872 0.999972 -0.0831636 0.312649 0.0660467
FixedParameters: 0 0 0

#Transform 156
Transform: AffineTransform_float_3_3
Parameters: 0.999992 -0.000399655 0.00400772 0.000425349 0.999979 -0.00657535 -0.00400529 0.00657666 0.999971 -0.0689741 0.279508 -0.0505662
FixedParameters: 0 0 0

#Transform 157
Transform: AffineTransform_float_3_3
Parameters: 0.999995 -0.000823698 0.00311417 0.0008433 0.999981 -0.00620141 -0.00310883 0.00620459 0.999976 -0.03409 0.278596 0.0691681
FixedParameters: 0 0 0

#Transform 158
Transform: AffineTransform_float_3_3
Parameters: 0.999995 -0.000954336 0.00281505 0.000971663 0.99998 -0.00628029 -0.00280895 0.00628271 0.999977 -0.0228555 0.312639 0.117057
FixedParameters: 0 0 0

#Transform 159
Transform: AffineTransform_float_3_3
Parameters: 0.999994 -0.000691795 0.00337648 0.000718203 0.999969 -0.00776662 -0.00337052 0.00776838 0.999964 -0.030226 0.313724 -0.0465112
FixedParameters: 0 0 0
