# transform file /out/sourcedata/freesurfer/sub-v2s1x29907_ses-1/mri/transforms/cc_up.lta
# created by oesteban on Thu Mar 12 21:38:41 2026

type      = 0 # LINEAR_VOX_TO_VOX
nxforms   = 1
mean      = 125.0000 136.0000 126.0000
sigma     = 10000.0000
1 4 4
9.990622401237488e-01 2.531197387725115e-03 -4.322559759020805e-02 7.071740150451660e+00 
-2.528831595554948e-03 9.999969601631165e-01 1.094128601835109e-04 1.030571174621582e+01 
4.322573542594910e-02 7.275958481545164e-12 9.990653991699219e-01 -4.338006019592285e+00 
0.000000000000000e+00 0.000000000000000e+00 0.000000000000000e+00 1.000000000000000e+00 
src volume info
valid = 1  # volume info valid
filename = /out/sourcedata/freesurfer/sub-v2s1x29907_ses-1/mri/norm.mgz
volume = 256 256 256
voxelsize = 8.999999165534973e-01 8.999999165534973e-01 8.999999165534973e-01
xras   = -1.000000000000000e+00 0.000000000000000e+00 0.000000000000000e+00
yras   = 0.000000000000000e+00 0.000000000000000e+00 -9.999999403953552e-01
zras   = 0.000000000000000e+00 9.999999403953552e-01 0.000000000000000e+00
cras   = -7.137413024902344e+00 1.855616760253906e+01 3.914104461669922e+01
dst volume info
valid = 1  # volume info valid
filename = /out/sourcedata/freesurfer/sub-v2s1x29907_ses-1/mri/norm.mgz
volume = 256 256 256
voxelsize = 8.999999165534973e-01 8.999999165534973e-01 8.999999165534973e-01
xras   = -1.000000000000000e+00 0.000000000000000e+00 0.000000000000000e+00
yras   = 0.000000000000000e+00 0.000000000000000e+00 -9.999999403953552e-01
zras   = 0.000000000000000e+00 9.999999403953552e-01 0.000000000000000e+00
cras   = -7.137413024902344e+00 1.855616760253906e+01 3.914104461669922e+01
