# transform file /out/sourcedata/freesurfer/sub-v2s1x29875_ses-1/mri/transforms/cc_up.lta
# created by oesteban on Wed Mar 11 21:49:27 2026

type      = 0 # LINEAR_VOX_TO_VOX
nxforms   = 1
mean      = 127.0000 137.0000 131.0000
sigma     = 10000.0000
1 4 4
9.916738271713257e-01 7.948131859302521e-02 1.013201475143433e-01 -2.187425422668457e+01 
-7.906969636678696e-02 9.968363642692566e-01 -8.078617975115776e-03 1.655964469909668e+01 
-1.016417071223259e-01 9.313225746154785e-10 9.948210716247559e-01 6.656574249267578e+00 
0.000000000000000e+00 0.000000000000000e+00 0.000000000000000e+00 1.000000000000000e+00 
src volume info
valid = 1  # volume info valid
filename = /out/sourcedata/freesurfer/sub-v2s1x29875_ses-1/mri/norm.mgz
volume = 256 256 256
voxelsize = 8.999998569488525e-01 8.999998569488525e-01 8.999998569488525e-01
xras   = -9.999998807907104e-01 0.000000000000000e+00 0.000000000000000e+00
yras   = 0.000000000000000e+00 0.000000000000000e+00 -9.999998807907104e-01
zras   = 0.000000000000000e+00 9.999998807907104e-01 0.000000000000000e+00
cras   = 8.157905578613281e+00 2.941198730468750e+01 3.686841583251953e+01
dst volume info
valid = 1  # volume info valid
filename = /out/sourcedata/freesurfer/sub-v2s1x29875_ses-1/mri/norm.mgz
volume = 256 256 256
voxelsize = 8.999998569488525e-01 8.999998569488525e-01 8.999998569488525e-01
xras   = -9.999998807907104e-01 0.000000000000000e+00 0.000000000000000e+00
yras   = 0.000000000000000e+00 0.000000000000000e+00 -9.999998807907104e-01
zras   = 0.000000000000000e+00 9.999998807907104e-01 0.000000000000000e+00
cras   = 8.157905578613281e+00 2.941198730468750e+01 3.686841583251953e+01
