# transform file /out/sourcedata/freesurfer/sub-v2s1x29900_ses-1/mri/transforms/cc_up.lta
# created by oesteban on Thu Mar 12 21:13:27 2026

type      = 0 # LINEAR_VOX_TO_VOX
nxforms   = 1
mean      = 125.0000 130.0000 120.0000
sigma     = 10000.0000
1 4 4
9.991044402122498e-01 1.030721329152584e-02 -4.103802144527435e-02 6.479352474212646e+00 
-1.029852870851755e-02 9.999468922615051e-01 4.230100603308529e-04 1.724666404724121e+01 
4.104020074009895e-02 2.910383045673370e-11 9.991575479507446e-01 5.957058906555176e+00 
0.000000000000000e+00 0.000000000000000e+00 0.000000000000000e+00 1.000000000000000e+00 
src volume info
valid = 1  # volume info valid
filename = /out/sourcedata/freesurfer/sub-v2s1x29900_ses-1/mri/norm.mgz
volume = 256 256 256
voxelsize = 8.999998569488525e-01 8.999998569488525e-01 8.999998569488525e-01
xras   = -9.999999403953552e-01 0.000000000000000e+00 0.000000000000000e+00
yras   = 0.000000000000000e+00 0.000000000000000e+00 -9.999999403953552e-01
zras   = 0.000000000000000e+00 1.000000000000000e+00 0.000000000000000e+00
cras   = 1.692415618896484e+01 2.509124755859375e+01 3.192084503173828e+01
dst volume info
valid = 1  # volume info valid
filename = /out/sourcedata/freesurfer/sub-v2s1x29900_ses-1/mri/norm.mgz
volume = 256 256 256
voxelsize = 8.999998569488525e-01 8.999998569488525e-01 8.999998569488525e-01
xras   = -9.999999403953552e-01 0.000000000000000e+00 0.000000000000000e+00
yras   = 0.000000000000000e+00 0.000000000000000e+00 -9.999999403953552e-01
zras   = 0.000000000000000e+00 1.000000000000000e+00 0.000000000000000e+00
cras   = 1.692415618896484e+01 2.509124755859375e+01 3.192084503173828e+01
