# transform file /out/sourcedata/freesurfer/sub-v2s1x29890_ses-1/mri/transforms/cc_up.lta
# created by oesteban on Thu Mar 12 21:17:08 2026

type      = 0 # LINEAR_VOX_TO_VOX
nxforms   = 1
mean      = 129.0000 127.0000 123.0000
sigma     = 10000.0000
1 4 4
9.978802204132080e-01 -2.324502170085907e-02 -6.078389659523964e-02 9.246036529541016e+00 
2.320201694965363e-02 9.997297525405884e-01 -1.413304824382067e-03 1.520908355712891e+01 
6.080032512545586e-02 -1.164153218269348e-10 9.981499314308167e-01 -1.617538928985596e+00 
0.000000000000000e+00 0.000000000000000e+00 0.000000000000000e+00 1.000000000000000e+00 
src volume info
valid = 1  # volume info valid
filename = /out/sourcedata/freesurfer/sub-v2s1x29890_ses-1/mri/norm.mgz
volume = 256 256 256
voxelsize = 8.999999761581421e-01 8.999999761581421e-01 8.999999761581421e-01
xras   = -9.999999403953552e-01 0.000000000000000e+00 0.000000000000000e+00
yras   = 0.000000000000000e+00 0.000000000000000e+00 -1.000000000000000e+00
zras   = 0.000000000000000e+00 1.000000000000000e+00 0.000000000000000e+00
cras   = -1.576110839843750e+00 3.206998443603516e+01 3.188789367675781e+01
dst volume info
valid = 1  # volume info valid
filename = /out/sourcedata/freesurfer/sub-v2s1x29890_ses-1/mri/norm.mgz
volume = 256 256 256
voxelsize = 8.999999761581421e-01 8.999999761581421e-01 8.999999761581421e-01
xras   = -9.999999403953552e-01 0.000000000000000e+00 0.000000000000000e+00
yras   = 0.000000000000000e+00 0.000000000000000e+00 -1.000000000000000e+00
zras   = 0.000000000000000e+00 1.000000000000000e+00 0.000000000000000e+00
cras   = -1.576110839843750e+00 3.206998443603516e+01 3.188789367675781e+01
