#Insight Transform File V1.0
#Transform 0
Transform: AffineTransform_float_3_3
Parameters: 1 1.2615e-07 -0.000435 1.2615e-07 1 0.00029 0.000435 -0.00029 1 0.00367327 -0.0195708 0.225621
FixedParameters: 0 0 0

#Transform 1
Transform: AffineTransform_float_3_3
Parameters: 0.999999 0.00130808 0.00030767 -0.00130792 0.999999 -0.000252403 -0.000308331 0.000252597 1 -0.000620012 0.0903359 -0.0626184
FixedParameters: 0 0 0

#Transform 2
Transform: AffineTransform_float_3_3
Parameters: 0.999998 0.00157896 -0.00133523 -0.00158004 0.999999 -0.000778892 0.00133377 0.000781108 0.999999 -0.0308421 0.0889191 -0.138566
FixedParameters: 0 0 0

#Transform 3
Transform: AffineTransform_float_3_3
Parameters: 0.999999 0.00106317 -0.000990968 -0.00106483 0.999997 -0.00184895 0.000989032 0.00185005 0.999998 0.0184962 0.0890071 -0.158369
FixedParameters: 0 0 0

#Transform 4
Transform: AffineTransform_float_3_3
Parameters: 0.999999 0.000918337 -0.000991473 -0.000920665 0.999996 -0.00268909 0.000989527 0.00268991 0.999996 0.0372958 0.0605469 -0.219039
FixedParameters: 0 0 0

#Transform 5
Transform: AffineTransform_float_3_3
Parameters: 0.999999 0.00135271 -0.000526338 -0.00135329 0.999996 -0.00246629 0.000522664 0.00246671 0.999997 0.0421218 0.104869 -0.230435
FixedParameters: 0 0 0

#Transform 6
Transform: AffineTransform_float_3_3
Parameters: 0.999998 0.00182679 -0.000993076 -0.00182921 0.999996 -0.00222919 0.000988923 0.00223081 0.999997 0.0362094 0.0922074 -0.25621
FixedParameters: 0 0 0

#Transform 7
Transform: AffineTransform_float_3_3
Parameters: 0.999998 0.00169372 -0.00099461 -0.00169628 0.999993 -0.00330832 0.000989391 0.00331068 0.999994 0.0341219 0.0504524 -0.289417
FixedParameters: 0 0 0

#Transform 8
Transform: AffineTransform_float_3_3
Parameters: 0.999998 0.00182546 -0.000995527 -0.00182855 0.999992 -0.00357119 0.000989475 0.00357281 0.999993 0.0248457 0.0335823 -0.341652
FixedParameters: 0 0 0

#Transform 9
Transform: AffineTransform_float_3_3
Parameters: 0.999995 0.00287788 -0.00146806 -0.00288412 0.999987 -0.00418379 0.00145594 0.00418821 0.99999 0.0117001 0.0419858 -0.315726
FixedParameters: 0 0 0

#Transform 10
Transform: AffineTransform_float_3_3
Parameters: 0.999993 0.00291439 -0.0020807 -0.00292161 0.999989 -0.00366494 0.0020693 0.00367105 0.999991 0.00394054 0.0703866 -0.274281
FixedParameters: 0 0 0

#Transform 11
Transform: AffineTransform_float_3_3
Parameters: 0.999994 0.00261796 -0.00225289 -0.00262904 0.999985 -0.00491111 0.00224011 0.0049169 0.999986 0.0317546 0.0611855 -0.288739
FixedParameters: 0 0 0

#Transform 12
Transform: AffineTransform_float_3_3
Parameters: 0.999994 0.00233245 -0.00234155 -0.00234255 0.999987 -0.00451154 0.00233145 0.00451746 0.999987 0.0401632 0.0655126 -0.337533
FixedParameters: 0 0 0

#Transform 13
Transform: AffineTransform_float_3_3
Parameters: 0.999992 0.00282945 -0.0027868 -0.00284255 0.999986 -0.00450911 0.0027742 0.00451688 0.999986 0.0331266 0.072546 -0.339562
FixedParameters: 0 0 0

#Transform 14
Transform: AffineTransform_float_3_3
Parameters: 0.999993 0.00283007 -0.00250752 -0.00284193 0.999984 -0.0047659 0.00249447 0.00477309 0.999985 0.0360016 0.0746647 -0.29306
FixedParameters: 0 0 0

#Transform 15
Transform: AffineTransform_float_3_3
Parameters: 0.999993 0.00282648 -0.00272817 -0.00284252 0.999979 -0.00570129 0.00271183 0.00570871 0.99998 0.0616343 0.0434648 -0.343288
FixedParameters: 0 0 0

#Transform 16
Transform: AffineTransform_float_3_3
Parameters: 0.999994 0.00282964 -0.00226951 -0.00284237 0.999981 -0.00546459 0.0022535 0.00547042 0.999983 0.0693486 0.0472822 -0.391711
FixedParameters: 0 0 0

#Transform 17
Transform: AffineTransform_float_3_3
Parameters: 0.999993 0.00308067 -0.00208188 -0.00309234 0.999981 -0.0054646 0.00206512 0.0054704 0.999983 0.0714414 0.0597768 -0.366278
FixedParameters: 0 0 0

#Transform 18
Transform: AffineTransform_float_3_3
Parameters: 0.999993 0.00282685 -0.00238309 -0.00284215 0.999975 -0.00637827 0.00236491 0.00638473 0.999977 0.0359912 0.0590947 -0.306443
FixedParameters: 0 0 0

#Transform 19
Transform: AffineTransform_float_3_3
Parameters: 0.999993 0.00282437 -0.00266978 -0.00284263 0.999974 -0.00662346 0.00265122 0.00663054 0.999975 0.0342572 0.0549201 -0.305243
FixedParameters: 0 0 0

#Transform 20
Transform: AffineTransform_float_3_3
Parameters: 0.999991 0.00302203 -0.00276983 -0.00304096 0.999972 -0.00686863 0.00274916 0.00687636 0.999972 0.0479214 0.0653048 -0.307683
FixedParameters: 0 0 0

#Transform 21
Transform: AffineTransform_float_3_3
Parameters: 0.999993 0.00246111 -0.00286395 -0.00248288 0.999967 -0.00766294 0.00284405 0.00767005 0.999966 0.0640374 0.0377221 -0.368792
FixedParameters: 0 0 0

#Transform 22
Transform: AffineTransform_float_3_3
Parameters: 0.999992 0.00239636 -0.00325329 -0.00242064 0.999969 -0.00759119 0.00323471 0.00759881 0.999966 0.0585907 0.04597 -0.36598
FixedParameters: 0 0 0

#Transform 23
Transform: AffineTransform_float_3_3
Parameters: 0.999991 0.00235434 -0.00338797 -0.00237966 0.999969 -0.00758901 0.00337003 0.00759701 0.999966 0.0378624 0.0621625 -0.333134
FixedParameters: 0 0 0

#Transform 24
Transform: AffineTransform_float_3_3
Parameters: 0.99999 0.00281289 -0.00350059 -0.00284212 0.999961 -0.00833914 0.00347741 0.00834887 0.999959 0.0483959 0.025023 -0.289509
FixedParameters: 0 0 0

#Transform 25
Transform: AffineTransform_float_3_3
Parameters: 0.999991 0.00282194 -0.00313815 -0.00284206 0.999976 -0.00640614 0.00311984 0.00641486 0.999974 0.0291719 0.0862564 -0.258174
FixedParameters: 0 0 0

#Transform 26
Transform: AffineTransform_float_3_3
Parameters: 0.999992 0.00282335 -0.00284364 -0.00284265 0.999975 -0.00657597 0.00282436 0.00658403 0.999975 -0.0114421 0.0613734 -0.23693
FixedParameters: 0 0 0

#Transform 27
Transform: AffineTransform_float_3_3
Parameters: 0.999993 0.00277253 -0.00228315 -0.00278947 0.99997 -0.00724168 0.00226285 0.00724832 0.999971 0.04795 0.0275221 -0.252805
FixedParameters: 0 0 0

#Transform 28
Transform: AffineTransform_float_3_3
Parameters: 0.999995 0.00256924 -0.00214226 -0.00258676 0.999966 -0.0078585 0.00212173 0.00786349 0.999967 0.0605398 0.0260902 -0.278989
FixedParameters: 0 0 0

#Transform 29
Transform: AffineTransform_float_3_3
Parameters: 0.999999 0.00111553 0.000565136 -0.00111147 0.999967 -0.00796263 -0.000573868 0.00796136 0.999968 0.217281 -0.160509 -0.767804
FixedParameters: 0 0 0

#Transform 30
Transform: AffineTransform_float_3_3
Parameters: 0.999988 0.00256165 -0.00416126 -0.00264035 0.999817 -0.0189342 0.00411173 0.0189448 0.999812 -0.0321981 -0.0153122 0.414999
FixedParameters: 0 0 0

#Transform 31
Transform: AffineTransform_float_3_3
Parameters: 0.999989 0.00331122 -0.0033686 -0.00335577 0.999905 -0.0133738 0.0033234 0.0133852 0.999905 -0.0660012 0.03241 0.327316
FixedParameters: 0 0 0

#Transform 32
Transform: AffineTransform_float_3_3
Parameters: 0.999992 0.00289763 -0.0026768 -0.00293237 0.999907 -0.0133053 0.0026382 0.0133137 0.999908 -0.0401768 0.00798049 0.347429
FixedParameters: 0 0 0

#Transform 33
Transform: AffineTransform_float_3_3
Parameters: 0.99999 0.00368567 -0.00277457 -0.00372133 0.99991 -0.0128388 0.00272643 0.0128492 0.999913 -0.0870543 0.0802128 0.388039
FixedParameters: 0 0 0

#Transform 34
Transform: AffineTransform_float_3_3
Parameters: 0.999988 0.00399404 -0.00300773 -0.00403097 0.999915 -0.012386 0.00295828 0.012398 0.999919 -0.0723758 0.0676703 0.381201
FixedParameters: 0 0 0

#Transform 35
Transform: AffineTransform_float_3_3
Parameters: 0.999988 0.00378822 -0.00332407 -0.0038288 0.999917 -0.0123504 0.00327794 0.0123626 0.999918 -0.0490182 0.0836332 0.213275
FixedParameters: 0 0 0

#Transform 36
Transform: AffineTransform_float_3_3
Parameters: 0.999991 0.00354064 -0.00204685 -0.00356836 0.999896 -0.0140198 0.00199715 0.0140272 0.999899 -0.00849966 0.0527093 0.186373
FixedParameters: 0 0 0

#Transform 37
Transform: AffineTransform_float_3_3
Parameters: 0.999992 0.00345549 -0.0021316 -0.0034855 0.999896 -0.0139997 0.0020824 0.0140063 0.999899 0.00962906 0.0824555 0.190722
FixedParameters: 0 0 0

#Transform 38
Transform: AffineTransform_float_3_3
Parameters: 0.999991 0.00380611 -0.00213354 -0.00383389 0.999905 -0.013224 0.00208247 0.0132321 0.999911 0.0378048 0.0443475 0.171156
FixedParameters: 0 0 0

#Transform 39
Transform: AffineTransform_float_3_3
Parameters: 0.999991 0.00369488 -0.00204247 -0.00372513 0.999882 -0.0149475 0.00198753 0.0149555 0.999886 0.0557962 0.0569467 0.173024
FixedParameters: 0 0 0

#Transform 40
Transform: AffineTransform_float_3_3
Parameters: 0.999991 0.00346634 -0.00243406 -0.00350366 0.999878 -0.0152216 0.00238093 0.0152294 0.999881 0.016333 -0.00538165 0.197469
FixedParameters: 0 0 0

#Transform 41
Transform: AffineTransform_float_3_3
Parameters: 0.999988 0.00432151 -0.0025309 -0.00436049 0.999872 -0.0154052 0.0024641 0.0154158 0.999878 0.0149514 0.0151821 0.295072
FixedParameters: 0 0 0

#Transform 42
Transform: AffineTransform_float_3_3
Parameters: 0.999989 0.00432738 -0.00214995 -0.00436061 0.999872 -0.0154068 0.00208204 0.0154162 0.999879 0.0227662 0.0436146 0.287808
FixedParameters: 0 0 0

#Transform 43
Transform: AffineTransform_float_3_3
Parameters: 0.999989 0.00432639 -0.00215193 -0.00436059 0.999864 -0.0158648 0.00208206 0.0158742 0.999872 0.0297444 -0.00886015 0.254246
FixedParameters: 0 0 0

#Transform 44
Transform: AffineTransform_float_3_3
Parameters: 0.999985 0.00454499 -0.00287247 -0.00459001 0.999863 -0.01586 0.00280052 0.015874 0.99987 0.029616 -0.00162793 0.273829
FixedParameters: 0 0 0

#Transform 45
Transform: AffineTransform_float_3_3
Parameters: 0.999987 0.00421933 -0.00259858 -0.00426165 0.999852 -0.0166381 0.00252742 0.0166489 0.999858 0.0344193 0.0151955 0.290802
FixedParameters: 0 0 0

#Transform 46
Transform: AffineTransform_float_3_3
Parameters: 0.999988 0.00438866 -0.00225329 -0.00442733 0.99984 -0.0173012 0.00217671 0.0173108 0.999848 0.0427523 -0.0185881 0.336119
FixedParameters: 0 0 0

#Transform 47
Transform: AffineTransform_float_3_3
Parameters: 0.999988 0.00421834 -0.00272464 -0.00426467 0.999841 -0.0173536 0.00265137 0.0173644 0.999845 0.0344409 0.0071572 0.360926
FixedParameters: 0 0 0

#Transform 48
Transform: AffineTransform_float_3_3
Parameters: 0.999988 0.00438586 -0.00241526 -0.00442714 0.99984 -0.0173005 0.00233874 0.0173105 0.999848 0.0460315 0.00934657 0.382222
FixedParameters: 0 0 0

#Transform 49
Transform: AffineTransform_float_3_3
Parameters: 0.999991 0.00394441 -0.00190983 -0.00397658 0.999841 -0.0173716 0.00184018 0.0173794 0.999848 0.0476959 0.0249159 0.384931
FixedParameters: 0 0 0

#Transform 50
Transform: AffineTransform_float_3_3
Parameters: 0.99999 0.00394875 -0.0023687 -0.00398826 0.999851 -0.0168007 0.0023023 0.0168103 0.999856 0.0376247 0.00394428 0.367239
FixedParameters: 0 0 0

#Transform 51
Transform: AffineTransform_float_3_3
Parameters: 0.999989 0.00395891 -0.00252303 -0.00399908 0.999862 -0.0160861 0.00245897 0.0160959 0.999868 0.000436914 -0.0316549 0.467418
FixedParameters: 0 0 0

#Transform 52
Transform: AffineTransform_float_3_3
Parameters: 0.999995 0.00254018 -0.0022194 -0.00256382 0.999943 -0.0103424 0.0021926 0.0103476 0.999944 -0.0113176 0.0152331 0.616559
FixedParameters: 0 0 0

#Transform 53
Transform: AffineTransform_float_3_3
Parameters: 0.99999 0.00331481 -0.00300578 -0.0033372 0.999965 -0.00774405 0.00298023 0.00775396 0.999966 -0.106287 0.110741 0.699625
FixedParameters: 0 0 0

#Transform 54
Transform: AffineTransform_float_3_3
Parameters: 0.999992 0.00365961 -0.00174202 -0.00367639 0.999943 -0.0100877 0.00170499 0.0100933 0.999947 -0.122231 0.127347 0.723173
FixedParameters: 0 0 0

#Transform 55
Transform: AffineTransform_float_3_3
Parameters: 0.999994 0.00321175 -0.00172729 -0.00323125 0.999932 -0.0112625 0.00169071 0.0112675 0.999935 -0.0980406 0.109752 0.759642
FixedParameters: 0 0 0

#Transform 56
Transform: AffineTransform_float_3_3
Parameters: 0.999993 0.00333937 -0.00125852 -0.00335362 0.999924 -0.0118049 0.00121849 0.0118091 0.99993 -0.0769382 0.121158 0.748318
FixedParameters: 0 0 0

#Transform 57
Transform: AffineTransform_float_3_3
Parameters: 0.999995 0.00324097 -0.000782401 -0.00325003 0.999924 -0.0118305 0.0007436 0.0118325 0.999929 -0.0609972 0.155993 0.797914
FixedParameters: 0 0 0

#Transform 58
Transform: AffineTransform_float_3_3
Parameters: 0.999996 0.00276391 0.000299904 -0.00276009 0.99992 -0.0123449 -0.000334098 0.0123441 0.999924 0.00113846 0.102015 0.642845
FixedParameters: 0 0 0

#Transform 59
Transform: AffineTransform_float_3_3
Parameters: 0.999996 0.00258597 0.000301705 -0.00258202 0.999918 -0.0124978 -0.000334295 0.0124972 0.999922 0.0519598 0.119992 0.321882
FixedParameters: 0 0 0

#Transform 60
Transform: AffineTransform_float_3_3
Parameters: 0.999993 0.00344284 -0.00106093 -0.00345816 0.999872 -0.0156244 0.00100708 0.0156286 0.999878 0.0460773 0.105181 0.326992
FixedParameters: 0 0 0

#Transform 61
Transform: AffineTransform_float_3_3
Parameters: 0.999995 0.00256815 -0.00150037 -0.00259285 0.999856 -0.0168052 0.00145663 0.0168088 0.999857 0.0531265 0.091916 0.214859
FixedParameters: 0 0 0

#Transform 62
Transform: AffineTransform_float_3_3
Parameters: 0.999996 0.00220166 -0.00173594 -0.00222833 0.99988 -0.0153222 0.00170105 0.0153258 0.999881 0.0180262 0.0692029 0.414962
FixedParameters: 0 0 0

#Transform 63
Transform: AffineTransform_float_3_3
Parameters: 0.999995 0.00302795 -0.00112229 -0.00304405 0.999889 -0.0145867 0.00107771 0.0145893 0.999893 0.0126915 0.108009 0.534393
FixedParameters: 0 0 0

#Transform 64
Transform: AffineTransform_float_3_3
Parameters: 0.999995 0.00293236 -0.00106809 -0.00294664 0.999898 -0.0139759 0.00102692 0.0139781 0.999902 0.0144111 0.135834 0.477238
FixedParameters: 0 0 0

#Transform 65
Transform: AffineTransform_float_3_3
Parameters: 0.999997 0.00271041 -0.000356812 -0.00271558 0.999904 -0.0135691 0.00031918 0.0135699 0.999908 0.0416312 0.113549 0.434143
FixedParameters: 0 0 0

#Transform 66
Transform: AffineTransform_float_3_3
Parameters: 0.999996 0.00266192 -0.000785584 -0.00267308 0.999892 -0.014463 0.000746415 0.014465 0.999895 0.0188932 0.127647 0.397295
FixedParameters: 0 0 0

#Transform 67
Transform: AffineTransform_float_3_3
Parameters: 0.999996 0.00258667 -0.000108395 -0.00258732 0.999886 -0.0148388 6.96141e-05 0.0148392 0.99989 0.0619469 0.121558 0.374248
FixedParameters: 0 0 0

#Transform 68
Transform: AffineTransform_float_3_3
Parameters: 0.999996 0.00303839 -0.000369488 -0.0030446 0.999863 -0.0162709 0.000319502 0.016272 0.999867 0.0773869 0.0909165 0.371148
FixedParameters: 0 0 0

#Transform 69
Transform: AffineTransform_float_3_3
Parameters: 0.999998 0.00221381 -0.000354161 -0.00221919 0.999879 -0.0154113 0.000319837 0.0154117 0.999881 0.0888555 0.0901442 0.345626
FixedParameters: 0 0 0

#Transform 70
Transform: AffineTransform_float_3_3
Parameters: 0.999998 0.00189763 -0.000350439 -0.00190336 0.99987 -0.0160164 0.000319556 0.0160166 0.999871 0.0757378 0.103421 0.382038
FixedParameters: 0 0 0

#Transform 71
Transform: AffineTransform_float_3_3
Parameters: 0.999998 0.00200566 0.000209519 -0.00200235 0.999866 -0.0162084 -0.000241487 0.0162085 0.999868 0.0768339 0.0977301 0.370353
FixedParameters: 0 0 0

#Transform 72
Transform: AffineTransform_float_3_3
Parameters: 0.999997 0.00252607 -0.000201819 -0.00252893 0.999867 -0.0161485 0.000161181 0.0161495 0.999869 0.0933363 0.0958201 0.393918
FixedParameters: 0 0 0

#Transform 73
Transform: AffineTransform_float_3_3
Parameters: 0.999997 0.00252576 -0.000209615 -0.00252925 0.999848 -0.0172555 0.000166382 0.0172555 0.999851 0.0848749 0.0868986 0.388484
FixedParameters: 0 0 0

#Transform 74
Transform: AffineTransform_float_3_3
Parameters: 0.999997 0.00212203 0.000473151 -0.00211296 0.999829 -0.018345 -0.000511847 0.0183439 0.999831 0.0990757 0.0848682 0.395798
FixedParameters: 0 0 0

#Transform 75
Transform: AffineTransform_float_3_3
Parameters: 0.999997 0.00252926 -1.1844e-05 -0.00252874 0.999802 -0.019706 -3.78388e-05 0.019706 0.999806 0.0996297 0.0542179 0.42511
FixedParameters: 0 0 0

#Transform 76
Transform: AffineTransform_float_3_3
Parameters: 0.999995 0.0030895 -0.000207986 -0.0030935 0.9998 -0.0197265 0.000147002 0.0197275 0.999806 0.104709 0.0652508 0.435543
FixedParameters: 0 0 0

#Transform 77
Transform: AffineTransform_float_3_3
Parameters: 0.999994 0.00331176 0.000168718 -0.00330825 0.999818 -0.0188157 -0.000230288 0.0188153 0.999823 0.0964912 0.0609638 0.4628
FixedParameters: 0 0 0

#Transform 78
Transform: AffineTransform_float_3_3
Parameters: 0.999994 0.00340772 6.24577e-05 -0.00340627 0.999825 -0.0183563 -0.000125546 0.0183557 0.999832 0.10663 0.0974678 0.505954
FixedParameters: 0 0 0

#Transform 79
Transform: AffineTransform_float_3_3
Parameters: 0.999996 0.00258863 6.03737e-05 -0.00258635 0.999813 -0.0191752 -0.000110613 0.0191748 0.999816 0.0915664 0.0811743 0.583407
FixedParameters: 0 0 0

#Transform 80
Transform: AffineTransform_float_3_3
Parameters: 0.999998 0.00219356 0.000469366 -0.00218445 0.999808 -0.0194771 -0.000511643 0.0194759 0.99981 0.110867 0.0980934 0.608054
FixedParameters: 0 0 0

#Transform 81
Transform: AffineTransform_float_3_3
Parameters: 0.999997 0.000347512 0.0024263 -0.000297492 0.999784 -0.0207888 -0.00243271 0.0207872 0.999781 0.224773 0.069914 0.478438
FixedParameters: 0 0 0

#Transform 82
Transform: AffineTransform_float_3_3
Parameters: 0.999998 0.00114455 0.0016854 -0.00110944 0.99978 -0.0209429 -0.00170961 0.0209411 0.99978 0.186073 0.0670604 0.512993
FixedParameters: 0 0 0

#Transform 83
Transform: AffineTransform_float_3_3
Parameters: 0.999999 0.00116825 0.000913913 -0.00114875 0.999784 -0.0207871 -0.000938081 0.0207859 0.999783 0.18392 0.0916626 0.553723
FixedParameters: 0 0 0

#Transform 84
Transform: AffineTransform_float_3_3
Parameters: 0.999998 0.00107399 0.00130097 -0.00104801 0.999803 -0.0198154 -0.00132202 0.0198136 0.999803 0.192441 0.0761819 0.571811
FixedParameters: 0 0 0

#Transform 85
Transform: AffineTransform_float_3_3
Parameters: 0.999999 0.00154674 0.00104597 -0.00152626 0.999808 -0.0195426 -0.00107603 0.0195404 0.999809 0.196656 0.10296 0.577821
FixedParameters: 0 0 0

#Transform 86
Transform: AffineTransform_float_3_3
Parameters: 0.999999 0.00144953 0.000976625 -0.00143047 0.999805 -0.0197074 -0.00100539 0.0197056 0.999806 0.19786 0.107948 0.57682
FixedParameters: 0 0 0

#Transform 87
Transform: AffineTransform_float_3_3
Parameters: 0.999998 0.00141662 0.00130672 -0.00139037 0.999796 -0.0201529 -0.00133529 0.0201511 0.999796 0.205714 0.0971729 0.589464
FixedParameters: 0 0 0

#Transform 88
Transform: AffineTransform_float_3_3
Parameters: 0.999998 0.00194154 0.000626375 -0.00192844 0.999809 -0.0194402 -0.000664613 0.0194387 0.999811 0.201527 0.107323 0.559043
FixedParameters: 0 0 0

#Transform 89
Transform: AffineTransform_float_3_3
Parameters: 0.999998 0.00233304 0.000227165 -0.00232797 0.999796 -0.0200946 -0.000273833 0.0200934 0.999798 0.19264 0.110204 0.591235
FixedParameters: 0 0 0

#Transform 90
Transform: AffineTransform_float_3_3
Parameters: 0.999995 0.00296076 0.000236498 -0.00295625 0.999832 -0.0180838 -0.000289507 0.0180832 0.999837 0.188124 0.0861234 0.528887
FixedParameters: 0 0 0

#Transform 91
Transform: AffineTransform_float_3_3
Parameters: 0.999995 0.00309948 -0.000277266 -0.00310451 0.99983 -0.0181382 0.000220725 0.0181388 0.999836 0.177431 0.0886712 0.56475
FixedParameters: 0 0 0

#Transform 92
Transform: AffineTransform_float_3_3
Parameters: 0.999995 0.00298856 2.74173e-06 -0.00298843 0.999824 -0.0184901 -5.8266e-05 0.0184899 0.999829 0.19068 0.0967815 0.565366
FixedParameters: 0 0 0

#Transform 93
Transform: AffineTransform_float_3_3
Parameters: 0.999994 0.00342187 -9.34028e-05 -0.00342313 0.999828 -0.0182318 3.05975e-05 0.0182312 0.999834 0.187783 0.0767108 0.560179
FixedParameters: 0 0 0

#Transform 94
Transform: AffineTransform_float_3_3
Parameters: 0.999994 0.00345942 4.74503e-05 -0.00345756 0.99983 -0.0180833 -0.000110544 0.0180837 0.999836 0.17414 0.06459 0.513331
FixedParameters: 0 0 0

#Transform 95
Transform: AffineTransform_float_3_3
Parameters: 0.999993 0.0036595 -0.000721582 -0.00367149 0.999829 -0.0181605 0.000654429 0.0181625 0.999835 0.173731 0.0855184 0.497728
FixedParameters: 0 0 0

#Transform 96
Transform: AffineTransform_float_3_3
Parameters: 0.999994 0.00329751 -3.26732e-07 -0.00329648 0.999838 -0.0176881 -5.83173e-05 0.0176879 0.999843 0.183056 0.0824474 0.492336
FixedParameters: 0 0 0

#Transform 97
Transform: AffineTransform_float_3_3
Parameters: 0.999994 0.0034196 -0.000442506 -0.00342739 0.999832 -0.0179646 0.000380486 0.0179664 0.999838 0.185026 0.0702616 0.493646
FixedParameters: 0 0 0

#Transform 98
Transform: AffineTransform_float_3_3
Parameters: 0.999992 0.00386071 -0.000330115 -0.0038663 0.999832 -0.0178878 0.000261879 0.0178891 0.99984 0.182544 0.0879673 0.549433
FixedParameters: 0 0 0

#Transform 99
Transform: AffineTransform_float_3_3
Parameters: 0.999994 0.00351922 -0.00024219 -0.00352277 0.999833 -0.0179443 0.000178811 0.0179457 0.999839 0.172082 0.0909293 0.553043
FixedParameters: 0 0 0

#Transform 100
Transform: AffineTransform_float_3_3
Parameters: 0.999993 0.00369457 -5.7369e-05 -0.00369543 0.999827 -0.0182319 -1.03771e-05 0.0182321 0.999834 0.193552 0.0868938 0.533695
FixedParameters: 0 0 0

#Transform 101
Transform: AffineTransform_float_3_3
Parameters: 0.999994 0.0033898 -0.000215996 -0.0033922 0.999848 -0.0170994 0.000158019 0.0170996 0.999854 0.163402 0.119913 0.521773
FixedParameters: 0 0 0

#Transform 102
Transform: AffineTransform_float_3_3
Parameters: 0.999995 0.00295806 3.82356e-05 -0.00295694 0.999854 -0.0168252 -8.77628e-05 0.0168248 0.999859 0.173486 0.0744092 0.484954
FixedParameters: 0 0 0

#Transform 103
Transform: AffineTransform_float_3_3
Parameters: 0.999997 0.00271167 -0.000334504 -0.00271732 0.999849 -0.0171312 0.000287488 0.0171328 0.999853 0.169026 0.0793376 0.40581
FixedParameters: 0 0 0

#Transform 104
Transform: AffineTransform_float_3_3
Parameters: 0.999996 0.00275378 -0.00050783 -0.00276223 0.999852 -0.0169787 0.000461167 0.0169793 0.999855 0.196091 0.0547917 0.347515
FixedParameters: 0 0 0

#Transform 105
Transform: AffineTransform_float_3_3
Parameters: 0.999996 0.00288421 -7.07082e-05 -0.0028848 0.999848 -0.0172309 2.12949e-05 0.0172311 0.999851 0.157843 0.0974104 0.393643
FixedParameters: 0 0 0

#Transform 106
Transform: AffineTransform_float_3_3
Parameters: 0.999996 0.00263683 -0.00016066 -0.00263917 0.999877 -0.0154126 0.000120336 0.0154134 0.999881 0.134871 0.0967357 0.321864
FixedParameters: 0 0 0

#Transform 107
Transform: AffineTransform_float_3_3
Parameters: 0.999993 0.00391896 0.000171099 -0.00391605 0.999883 -0.0147798 -0.000228903 0.0147792 0.999891 0.144204 0.143804 0.453216
FixedParameters: 0 0 0

#Transform 108
Transform: AffineTransform_float_3_3
Parameters: 0.999993 0.00371457 0.0008245 -0.00370242 0.999901 -0.0136172 -0.000875491 0.0136139 0.999907 0.156624 0.168471 0.400247
FixedParameters: 0 0 0

#Transform 109
Transform: AffineTransform_float_3_3
Parameters: 0.999995 0.00300364 0.000979045 -0.00299136 0.999916 -0.012664 -0.00101696 0.012661 0.99992 0.205757 0.123281 0.380775
FixedParameters: 0 0 0

#Transform 110
Transform: AffineTransform_float_3_3
Parameters: 0.999989 0.00374286 0.00307746 -0.00371013 0.999937 -0.0106155 -0.00311754 0.0106045 0.999939 0.226845 0.167457 0.471727
FixedParameters: 0 0 0

#Transform 111
Transform: AffineTransform_float_3_3
Parameters: 0.999984 0.00461908 0.00333509 -0.00457292 0.999896 -0.0136945 -0.00339791 0.0136795 0.9999 0.153223 0.192035 0.522135
FixedParameters: 0 0 0

#Transform 112
Transform: AffineTransform_float_3_3
Parameters: 0.999986 0.00466845 0.00248861 -0.00463254 0.999891 -0.0140657 -0.00255438 0.0140533 0.999898 0.145531 0.204043 0.539329
FixedParameters: 0 0 0

#Transform 113
Transform: AffineTransform_float_3_3
Parameters: 0.999985 0.00484854 0.0024869 -0.00481248 0.999889 -0.0141022 -0.00255409 0.0140898 0.999898 0.152094 0.210211 0.527487
FixedParameters: 0 0 0

#Transform 114
Transform: AffineTransform_float_3_3
Parameters: 0.999987 0.00478819 0.00186981 -0.0047608 0.999886 -0.0142851 -0.00193818 0.0142759 0.999896 0.139309 0.216028 0.535483
FixedParameters: 0 0 0

#Transform 115
Transform: AffineTransform_float_3_3
Parameters: 0.999987 0.00488449 0.0014377 -0.00486251 0.999872 -0.0152492 -0.00151231 0.0152428 0.999882 0.134999 0.219374 0.591912
FixedParameters: 0 0 0

#Transform 116
Transform: AffineTransform_float_3_3
Parameters: 0.999987 0.00488482 0.00176939 -0.00485619 0.999861 -0.0159388 -0.00184661 0.0159292 0.999872 0.129531 0.185623 0.615912
FixedParameters: 0 0 0

#Transform 117
Transform: AffineTransform_float_3_3
Parameters: 0.999987 0.00464081 0.00176348 -0.00461319 0.99987 -0.0154603 -0.00183452 0.0154517 0.999879 0.135345 0.203552 0.576917
FixedParameters: 0 0 0

#Transform 118
Transform: AffineTransform_float_3_3
Parameters: 0.999988 0.00476838 0.00164861 -0.00474164 0.999867 -0.015647 -0.00172239 0.015639 0.999876 0.135309 0.21675 0.564702
FixedParameters: 0 0 0

#Transform 119
Transform: AffineTransform_float_3_3
Parameters: 0.999985 0.00488981 0.00255048 -0.00485419 0.999892 -0.0138636 -0.00261752 0.0138514 0.9999 0.144268 0.311264 0.560662
FixedParameters: 0 0 0

#Transform 120
Transform: AffineTransform_float_3_3
Parameters: 0.999984 0.00535108 0.00187961 -0.00532393 0.999886 -0.0141292 -0.00195439 0.0141188 0.999899 0.133786 0.285842 0.57526
FixedParameters: 0 0 0

#Transform 121
Transform: AffineTransform_float_3_3
Parameters: 0.999984 0.00541033 0.00175891 -0.00538567 0.999886 -0.0141017 -0.00183511 0.0140923 0.999899 0.153893 0.296733 0.563943
FixedParameters: 0 0 0

#Transform 122
Transform: AffineTransform_float_3_3
Parameters: 0.999985 0.00534892 0.00164508 -0.00532409 0.999877 -0.014793 -0.00172392 0.014783 0.999889 0.169933 0.28803 0.538809
FixedParameters: 0 0 0

#Transform 123
Transform: AffineTransform_float_3_3
Parameters: 0.999983 0.00535524 0.00205849 -0.00532475 0.999875 -0.0148952 -0.00213852 0.0148838 0.999887 0.183368 0.305267 0.552953
FixedParameters: 0 0 0

#Transform 124
Transform: AffineTransform_float_3_3
Parameters: 0.999985 0.00534305 0.00110996 -0.00532395 0.999849 -0.0165091 -0.00119804 0.0165028 0.999863 0.164135 0.288086 0.542915
FixedParameters: 0 0 0

#Transform 125
Transform: AffineTransform_float_3_3
Parameters: 0.999986 0.00534189 0.000961404 -0.00532411 0.999828 -0.0177394 -0.0010556 0.0177336 0.999842 0.186082 0.316052 0.310724
FixedParameters: 0 0 0

#Transform 126
Transform: AffineTransform_float_3_3
Parameters: 0.999986 0.00540567 0.000351233 -0.00539934 0.999845 -0.0168011 -0.000441772 0.0167989 0.999859 0.17482 0.314827 0.374347
FixedParameters: 0 0 0

#Transform 127
Transform: AffineTransform_float_3_3
Parameters: 0.999984 0.00568647 0.000368826 -0.00567955 0.999826 -0.0178034 -0.000469181 0.0178006 0.999841 0.222794 0.310935 0.322538
FixedParameters: 0 0 0

#Transform 128
Transform: AffineTransform_float_3_3
Parameters: 0.999983 0.00577392 0.000440561 -0.00576509 0.999819 -0.0181018 -0.000544442 0.0180992 0.999836 0.183539 0.332517 0.414006
FixedParameters: 0 0 0

#Transform 129
Transform: AffineTransform_float_3_3
Parameters: 0.999984 0.0057704 0.000223552 -0.0057646 0.999796 -0.0193216 -0.000335437 0.0193194 0.999814 0.176705 0.307329 0.44099
FixedParameters: 0 0 0

#Transform 130
Transform: AffineTransform_float_3_3
Parameters: 0.999979 0.00643448 0.0013381 -0.00640653 0.999787 -0.019611 -0.00146389 0.019602 0.999807 0.192907 0.302601 0.411402
FixedParameters: 0 0 0

#Transform 131
Transform: AffineTransform_float_3_3
Parameters: 0.99998 0.00614081 0.00149743 -0.00611218 0.99981 -0.0185415 -0.00161157 0.0185315 0.999827 0.213189 0.250916 0.373886
FixedParameters: 0 0 0

#Transform 132
Transform: AffineTransform_float_3_3
Parameters: 0.999975 0.00677445 0.00190984 -0.00673755 0.999797 -0.0189753 -0.00203818 0.0189627 0.999818 0.205836 0.28648 0.42829
FixedParameters: 0 0 0

#Transform 133
Transform: AffineTransform_float_3_3
Parameters: 0.999975 0.00677962 0.00188281 -0.0067424 0.9998 -0.0188162 -0.00200918 0.0188029 0.999821 0.215542 0.260525 0.427561
FixedParameters: 0 0 0

#Transform 134
Transform: AffineTransform_float_3_3
Parameters: 0.999974 0.0069631 0.00197714 -0.0069239 0.999793 -0.0191392 -0.00210985 0.0191248 0.999815 0.181639 0.25481 0.452441
FixedParameters: 0 0 0

#Transform 135
Transform: AffineTransform_float_3_3
Parameters: 0.999974 0.00689133 0.00240379 -0.00684567 0.999807 -0.0183819 -0.00253021 0.018365 0.999828 0.178306 0.276777 0.416108
FixedParameters: 0 0 0

#Transform 136
Transform: AffineTransform_float_3_3
Parameters: 0.999971 0.00742687 0.00166696 -0.00739512 0.999814 -0.0178208 -0.00179903 0.0178081 0.99984 0.177441 0.271692 0.470947
FixedParameters: 0 0 0

#Transform 137
Transform: AffineTransform_float_3_3
Parameters: 0.99997 0.00742987 0.00182097 -0.00739513 0.999812 -0.017951 -0.00195401 0.017936 0.999837 0.160583 0.300838 0.479306
FixedParameters: 0 0 0

#Transform 138
Transform: AffineTransform_float_3_3
Parameters: 0.999963 0.00844953 0.00116147 -0.00842648 0.999799 -0.0181974 -0.00131452 0.0181875 0.999833 0.152789 0.304888 0.515948
FixedParameters: 0 0 0

#Transform 139
Transform: AffineTransform_float_3_3
Parameters: 0.99996 0.00890164 0.00138775 -0.00887436 0.999796 -0.0181471 -0.00154924 0.018134 0.999835 0.174315 0.307503 0.538685
FixedParameters: 0 0 0

#Transform 140
Transform: AffineTransform_float_3_3
Parameters: 0.999956 0.00933035 0.00102285 -0.00930964 0.999788 -0.0183663 -0.00119415 0.0183567 0.999831 0.166433 0.310562 0.534885
FixedParameters: 0 0 0

#Transform 141
Transform: AffineTransform_float_3_3
Parameters: 0.999952 0.00976341 0.00103479 -0.00974359 0.999788 -0.018173 -0.00121222 0.0181621 0.999835 0.1921 0.294993 0.562343
FixedParameters: 0 0 0

#Transform 142
Transform: AffineTransform_float_3_3
Parameters: 0.999951 0.00983573 0.000989381 -0.00981528 0.999784 -0.0182836 -0.0011686 0.0182724 0.999833 0.178249 0.301193 0.555684
FixedParameters: 0 0 0

#Transform 143
Transform: AffineTransform_float_3_3
Parameters: 0.999953 0.00962939 0.0010679 -0.00960861 0.999798 -0.0176871 -0.0012381 0.0176769 0.999843 0.177742 0.279568 0.557282
FixedParameters: 0 0 0

#Transform 144
Transform: AffineTransform_float_3_3
Parameters: 0.999952 0.00980968 0.000981524 -0.00979034 0.999799 -0.0175005 -0.00115246 0.0174895 0.999847 0.166248 0.294361 0.63324
FixedParameters: 0 0 0

#Transform 145
Transform: AffineTransform_float_3_3
Parameters: 0.999951 0.00981576 0.00132945 -0.00979024 0.999799 -0.0175039 -0.00150053 0.0174901 0.999846 0.166061 0.291272 0.580582
FixedParameters: 0 0 0

#Transform 146
Transform: AffineTransform_float_3_3
Parameters: 0.999952 0.00981135 0.00110179 -0.00979064 0.999804 -0.0171666 -0.00127021 0.0171554 0.999852 0.162401 0.256355 0.586709
FixedParameters: 0 0 0

#Transform 147
Transform: AffineTransform_float_3_3
Parameters: 0.999947 0.0102909 0.000585595 -0.0102801 0.999814 -0.0162779 -0.000752409 0.0162711 0.999868 0.137708 0.289875 0.623814
FixedParameters: 0 0 0

#Transform 148
Transform: AffineTransform_float_3_3
Parameters: 0.999942 0.0107735 0.000629508 -0.0107615 0.999813 -0.0160217 -0.000802488 0.0160143 0.999872 0.148494 0.269408 0.644732
FixedParameters: 0 0 0

#Transform 149
Transform: AffineTransform_float_3_3
Parameters: 0.999932 0.0115952 0.000289033 -0.0115888 0.999803 -0.0161294 -0.000475959 0.0161246 0.99987 0.133996 0.296836 0.662083
FixedParameters: 0 0 0

#Transform 150
Transform: AffineTransform_float_3_3
Parameters: 0.999937 0.0112216 0.000372801 -0.0112134 0.999803 -0.0164212 -0.000557186 0.0164158 0.999865 0.129799 0.309648 0.649811
FixedParameters: 0 0 0

#Transform 151
Transform: AffineTransform_float_3_3
Parameters: 0.999934 0.0115086 9.19919e-07 -0.0115074 0.999795 -0.0166901 -0.000192097 0.0166899 0.99986 0.143114 0.321693 0.608788
FixedParameters: 0 0 0

#Transform 152
Transform: AffineTransform_float_3_3
Parameters: 0.999932 0.0115955 0.000268427 -0.0115895 0.999778 -0.0175613 -0.000471589 0.0175577 0.999845 0.147887 0.29551 0.667652
FixedParameters: 0 0 0

#Transform 153
Transform: AffineTransform_float_3_3
Parameters: 0.999932 0.0115956 0.000228252 -0.0115894 0.999746 -0.0193009 -0.000452756 0.019297 0.999813 0.144195 0.299506 0.674199
FixedParameters: 0 0 0

#Transform 154
Transform: AffineTransform_float_3_3
Parameters: 0.999932 0.0116631 0.000104395 -0.0116599 0.99975 -0.0190885 -0.000327628 0.0190865 0.999818 0.149305 0.281172 0.691634
FixedParameters: 0 0 0

#Transform 155
Transform: AffineTransform_float_3_3
Parameters: 0.999934 0.0114278 -0.000175811 -0.0114292 0.999735 -0.0200183 -5.28125e-05 0.0200187 0.999799 0.15319 0.290988 0.718273
FixedParameters: 0 0 0

#Transform 156
Transform: AffineTransform_float_3_3
Parameters: 0.999936 0.0112456 0.000222129 -0.0112394 0.999742 -0.0197348 -0.000443871 0.0197303 0.999805 0.149484 0.287245 0.713987
FixedParameters: 0 0 0

#Transform 157
Transform: AffineTransform_float_3_3
Parameters: 0.999935 0.0113507 7.70344e-05 -0.0113463 0.999741 -0.0197331 -0.00030095 0.0197309 0.999806 0.153415 0.267005 0.711161
FixedParameters: 0 0 0

#Transform 158
Transform: AffineTransform_float_3_3
Parameters: 0.999928 0.0120574 -0.000201963 -0.0120586 0.999709 -0.0208921 -4.99536e-05 0.0208929 0.999781 0.149251 0.287502 0.794611
FixedParameters: 0 0 0

#Transform 159
Transform: AffineTransform_float_3_3
Parameters: 0.999932 0.0117163 -0.000252252 -0.0117197 0.999699 -0.0215235 -2.72308e-07 0.0215255 0.999769 0.144486 0.256347 0.778556
FixedParameters: 0 0 0
