# transform file /out/sourcedata/freesurfer/sub-v2s1x29915_ses-1/mri/transforms/cc_up.lta
# created by oesteban on Thu Mar 12 22:17:14 2026

type      = 0 # LINEAR_VOX_TO_VOX
nxforms   = 1
mean      = 127.0000 125.0000 129.0000
sigma     = 10000.0000
1 4 4
9.994299411773682e-01 -2.427280135452747e-02 2.346938848495483e-02 2.620440959930420e+00 
2.426611259579659e-02 9.997054934501648e-01 5.698355962522328e-04 1.489909362792969e+01 
-2.347630634903908e-02 0.000000000000000e+00 9.997245073318481e-01 -2.005325555801392e+00 
0.000000000000000e+00 0.000000000000000e+00 0.000000000000000e+00 1.000000000000000e+00 
src volume info
valid = 1  # volume info valid
filename = /out/sourcedata/freesurfer/sub-v2s1x29915_ses-1/mri/norm.mgz
volume = 256 256 256
voxelsize = 8.999999165534973e-01 8.999999165534973e-01 8.999999165534973e-01
xras   = -9.999999403953552e-01 0.000000000000000e+00 0.000000000000000e+00
yras   = 0.000000000000000e+00 0.000000000000000e+00 -1.000000119209290e+00
zras   = 0.000000000000000e+00 1.000000000000000e+00 0.000000000000000e+00
cras   = 1.374626922607422e+01 1.877511596679688e+01 6.269195556640625e+00
dst volume info
valid = 1  # volume info valid
filename = /out/sourcedata/freesurfer/sub-v2s1x29915_ses-1/mri/norm.mgz
volume = 256 256 256
voxelsize = 8.999999165534973e-01 8.999999165534973e-01 8.999999165534973e-01
xras   = -9.999999403953552e-01 0.000000000000000e+00 0.000000000000000e+00
yras   = 0.000000000000000e+00 0.000000000000000e+00 -1.000000119209290e+00
zras   = 0.000000000000000e+00 1.000000000000000e+00 0.000000000000000e+00
cras   = 1.374626922607422e+01 1.877511596679688e+01 6.269195556640625e+00
