#Insight Transform File V1.0
#Transform 0
Transform: AffineTransform_float_3_3
Parameters: 0.999998 0.00152149 -0.000614603 -0.0015075 0.99977 0.021386 0.000647387 -0.021385 0.999771 -0.0379089 -0.376059 0.242372
FixedParameters: 0 0 0

#Transform 1
Transform: AffineTransform_float_3_3
Parameters: 0.999998 0.00196177 0.000398414 -0.00196924 0.999817 0.0190342 -0.000361582 -0.0190347 0.999819 -0.0488115 -0.125984 0.0414381
FixedParameters: 0 0 0

#Transform 2
Transform: AffineTransform_float_3_3
Parameters: 0.999998 0.00222353 0.00033106 -0.00222948 0.999843 0.0175433 -0.000292933 -0.0175437 0.999846 -0.0469197 0.000569048 -0.00239413
FixedParameters: 0 0 0

#Transform 3
Transform: AffineTransform_float_3_3
Parameters: 0.999999 0.00151374 0.000386249 -0.00151927 0.9999 0.0140124 -0.000365746 -0.0140136 0.999901 -0.0443254 -0.0123361 -0.00503821
FixedParameters: 0 0 0

#Transform 4
Transform: AffineTransform_float_3_3
Parameters: 0.999999 0.00130411 0.00131497 -0.00132088 0.999915 0.0129303 -0.00129703 -0.0129317 0.999915 -0.085798 -0.0337908 -0.00669826
FixedParameters: 0 0 0

#Transform 5
Transform: AffineTransform_float_3_3
Parameters: 0.999998 0.00130928 0.000989696 -0.00132072 0.999928 0.0119337 -0.000974307 -0.0119353 0.999929 -0.0569545 0.0469514 -0.0632302
FixedParameters: 0 0 0

#Transform 6
Transform: AffineTransform_float_3_3
Parameters: 1 0.000578615 0.000983217 -0.000593397 0.999877 0.0157194 -0.000974792 -0.0157206 0.999876 -0.074307 -0.0222056 -0.130484
FixedParameters: 0 0 0

#Transform 7
Transform: AffineTransform_float_3_3
Parameters: 0.999995 0.00244329 0.00211459 -0.00247771 0.999867 0.0160878 -0.0020754 -0.0160932 0.999869 -0.115017 -0.0374435 -0.239351
FixedParameters: 0 0 0

#Transform 8
Transform: AffineTransform_float_3_3
Parameters: 0.999993 0.00233886 0.00297851 -0.00237013 0.999938 0.010831 -0.00295249 -0.010838 0.999937 -0.128117 0.0943332 -0.147782
FixedParameters: 0 0 0

#Transform 9
Transform: AffineTransform_float_3_3
Parameters: 0.999991 0.00175417 0.00366946 -0.00177982 0.999973 0.00704753 -0.00365654 -0.00705447 0.999969 -0.0911627 0.111188 -0.195513
FixedParameters: 0 0 0

#Transform 10
Transform: AffineTransform_float_3_3
Parameters: 0.999991 0.00175494 0.00370198 -0.00178005 0.999976 0.00677547 -0.00369002 -0.00678254 0.99997 -0.0782267 0.160484 -0.135191
FixedParameters: 0 0 0

#Transform 11
Transform: AffineTransform_float_3_3
Parameters: 0.999995 0.0017575 0.00265702 -0.0017795 0.999963 0.00848832 -0.00264199 -0.00849269 0.999961 -0.0641595 0.0863089 -0.129856
FixedParameters: 0 0 0

#Transform 12
Transform: AffineTransform_float_3_3
Parameters: 0.999994 0.00144721 0.0031958 -0.00147279 0.999967 0.00808035 -0.0031842 -0.00808566 0.999962 -0.0728877 0.0455857 -0.086699
FixedParameters: 0 0 0

#Transform 13
Transform: AffineTransform_float_3_3
Parameters: 0.999993 0.00175498 0.00333628 -0.00178002 0.99997 0.00751012 -0.00332372 -0.00751589 0.999966 -0.0954942 0.026614 -0.0210467
FixedParameters: 0 0 0

#Transform 14
Transform: AffineTransform_float_3_3
Parameters: 0.999996 0.00220714 0.00137199 -0.00220885 0.999996 0.00135297 -0.00136901 -0.00135603 0.999998 -0.0202296 0.269648 -0.363541
FixedParameters: 0 0 0

#Transform 15
Transform: AffineTransform_float_3_3
Parameters: 0.999991 0.00220797 0.00356574 -0.00221403 0.999996 0.00168912 -0.00356126 -0.00169688 0.999992 -0.0969411 0.21202 0.0950214
FixedParameters: 0 0 0

#Transform 16
Transform: AffineTransform_float_3_3
Parameters: 0.999993 0.00149437 0.00328656 -0.00149963 0.999998 0.00171108 -0.00328343 -0.00171592 0.999993 -0.0798703 0.157938 0.115896
FixedParameters: 0 0 0

#Transform 17
Transform: AffineTransform_float_3_3
Parameters: 0.999994 0.0014952 0.00293445 -0.0014998 0.999997 0.00163561 -0.00293155 -0.00163939 0.999995 -0.0664646 0.109692 0.0215143
FixedParameters: 0 0 0

#Transform 18
Transform: AffineTransform_float_3_3
Parameters: 0.999999 0.000157574 -0.000784487 -0.000155424 0.999994 0.00328012 0.000785514 -0.00327988 0.999995 0.0863484 0.0169108 -0.0853342
FixedParameters: 0 0 0

#Transform 19
Transform: AffineTransform_float_3_3
Parameters: 0.999992 -0.00238323 -0.00325423 0.00238876 0.999995 0.00176824 0.00324977 -0.00177676 0.999993 0.0417815 0.0840435 -0.394138
FixedParameters: 0 0 0

#Transform 20
Transform: AffineTransform_float_3_3
Parameters: 1 -0.000308307 0.00108848 0.000309693 0.999998 -0.00155666 -0.00108752 0.00155634 0.999998 -0.0417462 0.0476916 0.0450038
FixedParameters: 0 0 0

#Transform 21
Transform: AffineTransform_float_3_3
Parameters: 1 -0.000128034 0.000231981 0.000127966 1 0.00014503 -0.000232019 -0.00014497 1 -0.017462 0.00226158 -0.0405368
FixedParameters: 0 0 0

#Transform 22
Transform: AffineTransform_float_3_3
Parameters: 1 0.00034605 -0.000183907 -0.000345951 1 0.000270064 0.000183093 -0.000269937 1 0.0194274 -0.00166883 -0.0965603
FixedParameters: 0 0 0

#Transform 23
Transform: AffineTransform_float_3_3
Parameters: 1 0.000377033 -5.97945e-05 -0.000377967 1 0.000545022 6.0206e-05 -0.000544977 1 0.0154834 -0.0218699 -0.120739
FixedParameters: 0 0 0

#Transform 24
Transform: AffineTransform_float_3_3
Parameters: 1 0.00025352 -0.000271516 -0.000253481 0.999998 0.00191207 0.000271485 -0.00191193 0.999998 0.0232771 -0.0542198 0.107484
FixedParameters: 0 0 0

#Transform 25
Transform: AffineTransform_float_3_3
Parameters: 1 0.000323405 -0.000211382 -0.000322594 0.999998 0.00191207 0.000212617 -0.00191193 0.999998 0.0280637 -0.0658912 0.0181179
FixedParameters: 0 0 0

#Transform 26
Transform: AffineTransform_float_3_3
Parameters: 1 -0.000128102 0.000125896 0.000127898 0.999999 0.000811016 -0.000126104 -0.000810983 0.999999 -0.00422924 -0.0809104 -0.164962
FixedParameters: 0 0 0

#Transform 27
Transform: AffineTransform_float_3_3
Parameters: 1 0.000187815 0.000176198 -0.000188185 1 0.00105097 -0.000175802 -0.00105103 1 -0.000533067 -0.0715112 -0.143053
FixedParameters: 0 0 0

#Transform 28
Transform: AffineTransform_float_3_3
Parameters: 0.999943 -0.00876202 -0.00613073 0.00878897 0.999952 0.00438737 0.00609226 -0.00444063 0.999971 0.0844023 -0.236472 -0.300438
FixedParameters: 0 0 0

#Transform 29
Transform: AffineTransform_float_3_3
Parameters: 0.999982 -0.00370958 -0.00468692 0.00371242 0.999993 0.000508609 0.00468508 -0.000525389 0.999989 0.0895517 -0.107345 -0.334337
FixedParameters: 0 0 0

#Transform 30
Transform: AffineTransform_float_3_3
Parameters: 0.99999 -0.0027446 -0.00332164 0.0027484 0.999996 0.00132088 0.00331836 -0.00133012 0.999993 0.0665476 -0.0789376 -0.189498
FixedParameters: 0 0 0

#Transform 31
Transform: AffineTransform_float_3_3
Parameters: 0.999995 -0.00228021 -0.00185098 0.00228179 0.999998 0.000425779 0.00185002 -0.000430221 0.999998 0.0201134 -0.0419211 -0.16445
FixedParameters: 0 0 0

#Transform 32
Transform: AffineTransform_float_3_3
Parameters: 0.999996 -0.00219629 -0.00184965 0.0021967 0.999997 -0.000162064 0.00185035 0.000157937 0.999999 0.0222903 -0.039774 -0.183815
FixedParameters: 0 0 0

#Transform 33
Transform: AffineTransform_float_3_3
Parameters: 0.999996 -0.00184604 -0.00184996 0.00184596 0.999999 -2.2415e-05 0.00185004 1.95848e-05 0.999999 0.0189244 -0.0775584 -0.225627
FixedParameters: 0 0 0

#Transform 34
Transform: AffineTransform_float_3_3
Parameters: 0.999995 -0.00178471 -0.00231399 0.00178629 0.999999 0.000553869 0.00231301 -0.000558131 0.999997 0.02492 -0.0919878 -0.261013
FixedParameters: 0 0 0

#Transform 35
Transform: AffineTransform_float_3_3
Parameters: 0.999997 -0.00198314 -0.00185093 0.00198486 0.999998 0.000464328 0.00185008 -0.000467671 0.999998 0.00298441 -0.088134 -0.284214
FixedParameters: 0 0 0

#Transform 36
Transform: AffineTransform_float_3_3
Parameters: 0.999996 -0.00202107 -0.00209589 0.00202192 0.999998 0.000438764 0.00209511 -0.000443236 0.999997 0.00134103 -0.123372 -0.329196
FixedParameters: 0 0 0

#Transform 37
Transform: AffineTransform_float_3_3
Parameters: 0.999991 -0.00274074 -0.00301453 0.00274926 0.999992 0.00273873 0.00300747 -0.00274726 0.999991 0.0229039 -0.120808 -0.37971
FixedParameters: 0 0 0

#Transform 38
Transform: AffineTransform_float_3_3
Parameters: 0.999993 -0.00290657 -0.00234772 0.00291543 0.999987 0.00402318 0.00233628 -0.00402982 0.999989 0.0404158 -0.107562 -0.191388
FixedParameters: 0 0 0

#Transform 39
Transform: AffineTransform_float_3_3
Parameters: 0.999997 -0.00246952 -0.000402953 0.00247048 0.999996 0.00119501 0.000400047 -0.00119599 0.999999 -0.0103918 -0.0283802 -0.299001
FixedParameters: 0 0 0

#Transform 40
Transform: AffineTransform_float_3_3
Parameters: 0.999997 -0.00216747 -0.000481915 0.00216952 0.999992 0.00318896 0.000475082 -0.00319004 0.999995 -0.00961529 -0.0488728 -0.217582
FixedParameters: 0 0 0

#Transform 41
Transform: AffineTransform_float_3_3
Parameters: 0.999998 -0.00199703 -8.83228e-05 0.00199697 0.999998 -0.000339177 8.96768e-05 0.000338822 1 -0.0131432 0.0223889 -0.268114
FixedParameters: 0 0 0

#Transform 42
Transform: AffineTransform_float_3_3
Parameters: 0.999996 -0.00274883 0.000543847 0.00274917 0.999996 -0.000307506 -0.000543154 0.000308494 1 0.00555839 0.0328431 -0.222508
FixedParameters: 0 0 0

#Transform 43
Transform: AffineTransform_float_3_3
Parameters: 0.999996 -0.00274825 0.00126064 0.00274875 0.999996 -0.000593538 -0.00125837 0.000596461 0.999999 -0.022492 0.0588122 -0.222907
FixedParameters: 0 0 0

#Transform 44
Transform: AffineTransform_float_3_3
Parameters: 0.999996 -0.00274818 0.00126079 0.00274882 0.999996 -0.000647537 -0.00125822 0.000650461 0.999999 -0.00165155 0.078224 -0.242992
FixedParameters: 0 0 0

#Transform 45
Transform: AffineTransform_float_3_3
Parameters: 0.999997 -0.00241912 0.0012607 0.00241988 0.999997 -0.000698952 -0.00125831 0.000702046 0.999999 -0.0115928 0.0994255 -0.222802
FixedParameters: 0 0 0

#Transform 46
Transform: AffineTransform_float_3_3
Parameters: 0.999998 -0.00214843 0.0007646 0.00214857 0.999998 -0.00074336 -0.000763403 0.000744643 1 0.0325074 0.0738609 -0.218955
FixedParameters: 0 0 0

#Transform 47
Transform: AffineTransform_float_3_3
Parameters: 0.999998 -0.00225228 0.000577833 0.00225272 0.999996 -0.0012567 -0.000574168 0.0012583 0.999999 0.0117042 0.111437 -0.207479
FixedParameters: 0 0 0

#Transform 48
Transform: AffineTransform_float_3_3
Parameters: 0.999998 -0.00192259 0.00037909 0.00192341 0.999997 -0.00108627 -0.000376909 0.00108773 1 0.0102176 0.0917082 -0.187074
FixedParameters: 0 0 0

#Transform 49
Transform: AffineTransform_float_3_3
Parameters: 0.999996 -0.00274895 0.000164865 0.00274905 0.999996 -0.000314548 -0.000164136 0.000314452 1 0.010178 0.0450461 -0.200432
FixedParameters: 0 0 0

#Transform 50
Transform: AffineTransform_float_3_3
Parameters: 0.999996 -0.00274937 -0.000528068 0.00274863 0.999996 -0.000703454 0.00052993 0.000701545 0.999999 0.0595132 0.098414 -0.283467
FixedParameters: 0 0 0

#Transform 51
Transform: AffineTransform_float_3_3
Parameters: 0.999996 -0.0027499 -0.000718555 0.0027491 0.999996 -0.00125398 0.000722445 0.00125202 0.999999 0.0659356 0.0881906 -0.273303
FixedParameters: 0 0 0

#Transform 52
Transform: AffineTransform_float_3_3
Parameters: 0.999998 -0.00203475 0.000519906 0.00203625 0.999995 -0.00240995 -0.000515093 0.00241105 0.999997 0.0313563 0.0928517 -0.159595
FixedParameters: 0 0 0

#Transform 53
Transform: AffineTransform_float_3_3
Parameters: 0.999997 -0.00177787 0.0012365 0.00178112 0.999995 -0.0025308 -0.00123149 0.0025332 0.999996 -0.00413575 0.0990544 -0.115049
FixedParameters: 0 0 0

#Transform 54
Transform: AffineTransform_float_3_3
Parameters: 0.999996 -0.00275103 -0.000797031 0.00274897 0.999993 -0.0025352 0.000803969 0.0025328 0.999997 0.0917965 0.104812 -0.281917
FixedParameters: 0 0 0

#Transform 55
Transform: AffineTransform_float_3_3
Parameters: 0.999994 -0.00315883 -0.00179729 0.00315517 0.999993 -0.00212768 0.00180471 0.00212231 0.999996 0.124134 0.107483 -0.315483
FixedParameters: 0 0 0

#Transform 56
Transform: AffineTransform_float_3_3
Parameters: 0.999993 -0.00315905 -0.00201466 0.00315495 0.999993 -0.00201037 0.00202134 0.00200363 0.999996 0.141097 0.12082 -0.344108
FixedParameters: 0 0 0

#Transform 57
Transform: AffineTransform_float_3_3
Parameters: 0.999993 -0.00316104 -0.001902 0.00315496 0.99999 -0.00316902 0.001912 0.00316298 0.999993 0.159721 0.0949959 -0.33465
FixedParameters: 0 0 0

#Transform 58
Transform: AffineTransform_float_3_3
Parameters: 0.999994 -0.00300353 -0.00133586 0.00299947 0.99999 -0.00338203 0.00134515 0.00337798 0.999994 0.129051 0.104252 -0.312709
FixedParameters: 0 0 0

#Transform 59
Transform: AffineTransform_float_3_3
Parameters: 0.999997 -0.00266708 -0.000484694 0.00266492 0.999988 -0.00424131 0.000496305 0.00423969 0.999991 0.0756034 0.115928 -0.351032
FixedParameters: 0 0 0

#Transform 60
Transform: AffineTransform_float_3_3
Parameters: 0.999998 -0.00220873 -0.000405689 0.00220727 0.999988 -0.0042179 0.000415313 0.00421709 0.999991 0.0504322 0.110037 -0.149094
FixedParameters: 0 0 0

#Transform 61
Transform: AffineTransform_float_3_3
Parameters: 0.999996 -0.0024418 -0.00184705 0.0024352 0.999991 -0.00367451 0.00185595 0.00366948 0.999991 0.0854858 -0.0161305 -0.249193
FixedParameters: 0 0 0

#Transform 62
Transform: AffineTransform_float_3_3
Parameters: 0.999996 -0.00238056 -0.00104264 0.00237543 0.999987 -0.00435749 0.00105336 0.00435551 0.99999 0.0862482 0.0440212 -0.352545
FixedParameters: 0 0 0

#Transform 63
Transform: AffineTransform_float_3_3
Parameters: 0.999998 -0.00154926 -0.00167549 0.00154074 0.999983 -0.0055146 0.00168352 0.00551141 0.999984 0.0957104 0.0523914 -0.354789
FixedParameters: 0 0 0

#Transform 64
Transform: AffineTransform_float_3_3
Parameters: 0.999996 -0.00244678 -0.00140656 0.00243823 0.999982 -0.00550345 0.00141944 0.00550055 0.999984 0.0990122 0.114566 -0.40143
FixedParameters: 0 0 0

#Transform 65
Transform: AffineTransform_float_3_3
Parameters: 0.999997 -0.00222725 -0.000874255 0.00222275 0.999986 -0.00482996 0.000884744 0.00482804 0.999988 0.0834355 0.0609133 -0.342507
FixedParameters: 0 0 0

#Transform 66
Transform: AffineTransform_float_3_3
Parameters: 0.999997 -0.00244355 -0.00103027 0.00243845 0.999988 -0.00439753 0.00104073 0.00439447 0.99999 0.0843916 0.00951137 -0.331862
FixedParameters: 0 0 0

#Transform 67
Transform: AffineTransform_float_3_3
Parameters: 0.999996 -0.00244328 -0.000969268 0.00243871 0.999988 -0.00439738 0.000980729 0.00439462 0.99999 0.101311 0.119413 -0.387078
FixedParameters: 0 0 0

#Transform 68
Transform: AffineTransform_float_3_3
Parameters: 0.999998 -0.00171024 -0.000780281 0.00170876 0.999998 -0.00159134 0.000783721 0.00159066 0.999999 0.111661 0.0344546 -0.350789
FixedParameters: 0 0 0

#Transform 69
Transform: AffineTransform_float_3_3
Parameters: 0.999998 -0.0017761 -0.00141236 0.0017699 0.999989 -0.00430951 0.00141964 0.00430749 0.999989 0.0842404 0.0951076 -0.325926
FixedParameters: 0 0 0

#Transform 70
Transform: AffineTransform_float_3_3
Parameters: 0.999996 -0.00296626 -0.000686567 0.00296474 0.999994 -0.00183304 0.000692433 0.00183095 0.999998 0.0772208 0.051148 -0.282494
FixedParameters: 0 0 0

#Transform 71
Transform: AffineTransform_float_3_3
Parameters: 0.999996 -0.00244104 -0.000872324 0.00243896 0.999995 -0.00232714 0.000877675 0.00232487 0.999997 0.0163094 0.038425 -0.166651
FixedParameters: 0 0 0

#Transform 72
Transform: AffineTransform_float_3_3
Parameters: 0.999997 -0.00244008 -0.000345461 0.00243892 0.999992 -0.00309085 0.000353539 0.00309015 0.999995 -0.00122487 0.091791 -0.238947
FixedParameters: 0 0 0

#Transform 73
Transform: AffineTransform_float_3_3
Parameters: 0.999997 -0.00243917 -7.23557e-05 0.00243883 0.999995 -0.00231418 7.76435e-05 0.00231382 0.999998 -0.0339882 0.0945594 -0.306549
FixedParameters: 0 0 0

#Transform 74
Transform: AffineTransform_float_3_3
Parameters: 0.999996 -0.00243663 0.000792333 0.00243837 0.999993 -0.00300708 -0.000784669 0.00300892 0.999995 -0.0407092 0.180225 -0.289199
FixedParameters: 0 0 0

#Transform 75
Transform: AffineTransform_float_3_3
Parameters: 0.999997 -0.00243961 -0.00016944 0.00243839 0.999991 -0.00350942 0.000177559 0.00350958 0.999994 0.0153213 0.157773 -0.251542
FixedParameters: 0 0 0

#Transform 76
Transform: AffineTransform_float_3_3
Parameters: 0.999998 -0.00190303 -0.000238927 0.00190197 0.999989 -0.00424346 0.000247072 0.00424254 0.999991 0.0281924 0.188986 -0.0248434
FixedParameters: 0 0 0

#Transform 77
Transform: AffineTransform_float_3_3
Parameters: 0.999998 -0.00199909 -0.00023805 0.00199791 0.999988 -0.00447848 0.000247949 0.00447751 0.99999 0.0109252 0.202915 -0.0585566
FixedParameters: 0 0 0

#Transform 78
Transform: AffineTransform_float_3_3
Parameters: 0.999997 -0.00244007 -0.00023617 0.00243892 0.999987 -0.00443959 0.000247828 0.00443841 0.99999 0.0331869 0.176843 -0.117142
FixedParameters: 0 0 0

#Transform 79
Transform: AffineTransform_float_3_3
Parameters: 0.999998 -0.00149483 -0.000732258 0.00149217 0.999992 -0.0038451 0.000737742 0.00384391 0.999993 0.0322769 0.121069 -0.344902
FixedParameters: 0 0 0

#Transform 80
Transform: AffineTransform_float_3_3
Parameters: 0.999993 -0.00224414 -0.00314964 0.00225987 0.999987 0.00472292 0.00313935 -0.00473008 0.999984 0.0790071 -0.18679 -0.265167
FixedParameters: 0 0 0

#Transform 81
Transform: AffineTransform_float_3_3
Parameters: 0.999998 -0.00184817 -0.000676814 0.00184683 0.999997 -0.00172525 0.000680186 0.00172375 0.999999 0.0445277 0.00648806 -0.107327
FixedParameters: 0 0 0

#Transform 82
Transform: AffineTransform_float_3_3
Parameters: 0.999998 -0.00184989 -0.000871897 0.00184711 0.999993 -0.00330262 0.000878104 0.00330138 0.999994 0.0519703 0.161084 -0.085541
FixedParameters: 0 0 0

#Transform 83
Transform: AffineTransform_float_3_3
Parameters: 0.999997 -0.00238066 -0.000670626 0.00237734 0.99999 -0.00394061 0.000680372 0.00393939 0.999992 0.0428864 0.140724 -0.104619
FixedParameters: 0 0 0

#Transform 84
Transform: AffineTransform_float_3_3
Parameters: 0.999998 -0.00209667 8.37227e-05 0.00209733 0.999989 -0.00415984 -7.52756e-05 0.00416017 0.999992 0.0456668 0.153863 -0.175599
FixedParameters: 0 0 0

#Transform 85
Transform: AffineTransform_float_3_3
Parameters: 0.999997 -0.00247868 8.49449e-05 0.00247932 0.999989 -0.0040118 -7.50533e-05 0.0040122 0.999992 0.0363544 0.143347 -0.116565
FixedParameters: 0 0 0

#Transform 86
Transform: AffineTransform_float_3_3
Parameters: 0.999996 -0.00280838 -6.91412e-05 0.00280863 0.999984 -0.00493521 8.28613e-05 0.00493479 0.999988 0.0346797 0.0663108 -0.0819107
FixedParameters: 0 0 0

#Transform 87
Transform: AffineTransform_float_3_3
Parameters: 0.999998 -0.0020408 8.03919e-05 0.00204121 0.999995 -0.00264184 -7.56072e-05 0.00264216 0.999996 0.0125346 0.131604 -0.238078
FixedParameters: 0 0 0

#Transform 88
Transform: AffineTransform_float_3_3
Parameters: 0.999997 -0.0021755 8.83242e-05 0.0021765 0.999979 -0.00612382 -7.56745e-05 0.00612318 0.999981 0.0257021 0.220149 -0.287802
FixedParameters: 0 0 0

#Transform 89
Transform: AffineTransform_float_3_3
Parameters: 0.999997 -0.00195007 -0.000963811 0.00194393 0.999979 -0.00626089 0.000976188 0.00625911 0.99998 0.0733902 0.312085 -0.161187
FixedParameters: 0 0 0

#Transform 90
Transform: AffineTransform_float_3_3
Parameters: 0.999997 -0.00195011 -0.000963737 0.00194389 0.999979 -0.00629889 0.000976261 0.00629711 0.999979 0.078614 0.272813 -0.13913
FixedParameters: 0 0 0

#Transform 91
Transform: AffineTransform_float_3_3
Parameters: 0.999998 -0.00201017 -0.000339364 0.00200782 0.999978 -0.0062897 0.000352636 0.00628931 0.99998 0.0447105 0.231324 -0.121864
FixedParameters: 0 0 0

#Transform 92
Transform: AffineTransform_float_3_3
Parameters: 0.999998 -0.00194556 -0.000245977 0.00194344 0.999979 -0.00618249 0.000258019 0.00618151 0.999981 0.0548236 0.250295 -0.106952
FixedParameters: 0 0 0

#Transform 93
Transform: AffineTransform_float_3_3
Parameters: 0.999998 -0.00187329 -3.03667e-05 0.00187271 0.999967 -0.00781207 4.46309e-05 0.00781193 0.99997 0.0338457 0.125299 -0.208444
FixedParameters: 0 0 0

#Transform 94
Transform: AffineTransform_float_3_3
Parameters: 0.999999 -0.00183413 -0.000326229 0.00183187 0.999977 -0.00642161 0.000337771 0.00642139 0.99998 0.0682488 0.125778 -0.212065
FixedParameters: 0 0 0

#Transform 95
Transform: AffineTransform_float_3_3
Parameters: 0.999998 -0.00161643 -0.00053475 0.00161257 0.999979 -0.00634787 0.000545246 0.00634713 0.999979 0.081511 0.293047 -0.248433
FixedParameters: 0 0 0

#Transform 96
Transform: AffineTransform_float_3_3
Parameters: 0.999998 -0.00161384 -0.000126712 0.00161316 0.999979 -0.00637621 0.00013729 0.00637679 0.999979 0.0655555 0.279438 -0.245127
FixedParameters: 0 0 0

#Transform 97
Transform: AffineTransform_float_3_3
Parameters: 0.999998 -0.00161381 -0.000127026 0.00161318 0.999979 -0.00618221 0.000136975 0.00618178 0.999981 0.0655814 0.267297 -0.188916
FixedParameters: 0 0 0

#Transform 98
Transform: AffineTransform_float_3_3
Parameters: 0.999998 -0.00192016 0.000252381 0.00192184 0.99997 -0.00748553 -0.000238619 0.00748647 0.999972 0.0565425 0.204579 -0.174167
FixedParameters: 0 0 0

#Transform 99
Transform: AffineTransform_float_3_3
Parameters: 0.999998 -0.00207494 0.000367691 0.00207806 0.999961 -0.00851925 -0.000350309 0.00851974 0.999963 0.0210949 0.308608 -0.337729
FixedParameters: 0 0 0

#Transform 100
Transform: AffineTransform_float_3_3
Parameters: 0.999998 -0.00161533 -0.000308013 0.00161267 0.999971 -0.00742651 0.000319986 0.0074265 0.999973 0.054403 0.278792 -0.161254
FixedParameters: 0 0 0

#Transform 101
Transform: AffineTransform_float_3_3
Parameters: 0.999997 -0.00218491 0.000248118 0.00218709 0.99996 -0.00874548 -0.000228882 0.00874552 0.999961 0.0385438 0.163541 -0.131983
FixedParameters: 0 0 0

#Transform 102
Transform: AffineTransform_float_3_3
Parameters: 0.99998 -0.00498623 -0.00398977 0.00497377 0.999983 -0.00306891 0.00400524 0.00304909 0.999988 0.116093 0.161653 -0.258562
FixedParameters: 0 0 0

#Transform 103
Transform: AffineTransform_float_3_3
Parameters: 0.999994 -0.00331779 -0.00116645 0.0033132 0.999986 -0.00408889 0.00118055 0.00408511 0.999991 0.0621196 0.158974 -0.188547
FixedParameters: 0 0 0

#Transform 104
Transform: AffineTransform_float_3_3
Parameters: 0.999994 -0.00300143 -0.00174884 0.00299857 0.999994 -0.00138925 0.00175316 0.00138375 0.999997 0.131483 0.0881671 -1.48579
FixedParameters: 0 0 0

#Transform 105
Transform: AffineTransform_float_3_3
Parameters: 1 -0.00115486 0.000132201 0.00115514 0.999999 -0.00103985 -0.000130799 0.00104015 1 0.086998 0.181577 -1.54643
FixedParameters: 0 0 0

#Transform 106
Transform: AffineTransform_float_3_3
Parameters: 0.999999 -0.000912338 -0.00011345 0.000912664 0.999982 0.0059709 0.000108552 -0.0059711 0.999982 0.022777 -0.315586 -0.271077
FixedParameters: 0 0 0

#Transform 107
Transform: AffineTransform_float_3_3
Parameters: 1 0.000979947 -0.000567545 -0.000975059 0.999962 0.00865056 0.000575457 -0.00865045 0.999963 0.0311022 -0.384477 -0.119309
FixedParameters: 0 0 0

#Transform 108
Transform: AffineTransform_float_3_3
Parameters: 0.999999 -0.000656376 0.000668677 0.000654623 0.999994 0.00354644 -0.000671326 -0.00354656 0.999994 -0.0375858 0.0670819 -0.160048
FixedParameters: 0 0 0

#Transform 109
Transform: AffineTransform_float_3_3
Parameters: 1 -0.00075188 0.000802113 0.00075212 0.999999 -0.000149397 -0.000801888 0.000149603 0.999999 -0.0241223 0.184534 -0.333618
FixedParameters: 0 0 0

#Transform 110
Transform: AffineTransform_float_3_3
Parameters: 0.999999 -0.000551428 0.000799395 0.000551571 0.999999 -0.000715559 -0.000798606 0.000715441 1 -0.0171824 0.115964 -0.343476
FixedParameters: 0 0 0

#Transform 111
Transform: AffineTransform_float_3_3
Parameters: 1 -0.000973098 0.000728549 0.000974905 0.999996 -0.00261629 -0.000726452 0.00261671 0.999997 -0.012039 0.0529734 -0.306696
FixedParameters: 0 0 0

#Transform 112
Transform: AffineTransform_float_3_3
Parameters: 1 -0.000536968 6.62615e-05 0.000537032 0.999999 -0.000486964 -6.57384e-05 0.000487035 1 0.0122269 -0.0989417 -0.231584
FixedParameters: 0 0 0

#Transform 113
Transform: AffineTransform_float_3_3
Parameters: 1 -0.000596835 6.74773e-05 0.000597164 0.999997 -0.00247496 -6.55222e-05 0.00247504 0.999997 -0.055454 0.057318 -0.347234
FixedParameters: 0 0 0

#Transform 114
Transform: AffineTransform_float_3_3
Parameters: 0.999999 -0.000525427 -0.000544627 0.000523572 0.999997 -0.00261729 0.000546372 0.00261672 0.999997 0.0288317 0.165677 -0.206523
FixedParameters: 0 0 0

#Transform 115
Transform: AffineTransform_float_3_3
Parameters: 0.999999 -0.000306773 -0.000818966 0.000304227 0.999994 -0.00338425 0.000820034 0.00338375 0.999994 0.0155227 0.22457 -0.200161
FixedParameters: 0 0 0

#Transform 116
Transform: AffineTransform_float_3_3
Parameters: 1 -3.74401e-05 -0.000217925 3.65598e-05 0.999998 -0.00201901 0.000218074 0.00201899 0.999998 0.00311472 0.349937 -0.204573
FixedParameters: 0 0 0

#Transform 117
Transform: AffineTransform_float_3_3
Parameters: 1 -0.000386255 0.000893192 0.000388747 0.999995 -0.00307465 -0.000892809 0.00307535 0.999995 -0.00842275 0.631016 -0.460575
FixedParameters: 0 0 0

#Transform 118
Transform: AffineTransform_float_3_3
Parameters: 0.999999 -0.00046196 0.00087455 0.000463041 0.999999 -0.0011896 -0.000874449 0.0011894 0.999999 0.0121853 0.744246 -0.509432
FixedParameters: 0 0 0

#Transform 119
Transform: AffineTransform_float_3_3
Parameters: 0.999999 -0.00138768 0.00113997 0.00139532 0.999978 -0.00644642 -0.00113103 0.00644758 0.999978 -0.00153323 0.597094 -0.545585
FixedParameters: 0 0 0

#Transform 120
Transform: AffineTransform_float_3_3
Parameters: 1 3.7998e-05 0.00112081 -3.2001e-05 0.999985 -0.00535104 -0.00112119 0.00535096 0.999985 -0.0569607 0.131864 -0.310676
FixedParameters: 0 0 0

#Transform 121
Transform: AffineTransform_float_3_3
Parameters: 1 -1.12684e-05 0.0010061 1.77309e-05 0.999977 -0.00669098 -0.0010059 0.00669101 0.999977 -0.0380593 0.16693 -0.335894
FixedParameters: 0 0 0

#Transform 122
Transform: AffineTransform_float_3_3
Parameters: 0.999999 -0.0015285 0.00103418 0.0015345 0.999984 -0.00534342 -0.00102582 0.00534458 0.999985 -0.0919753 0.12744 -0.209104
FixedParameters: 0 0 0

#Transform 123
Transform: AffineTransform_float_3_3
Parameters: 0.999999 -0.000561319 0.00110342 0.000567679 0.999982 -0.00606438 -0.00109958 0.00606462 0.999981 -0.0775868 0.183799 -0.190806
FixedParameters: 0 0 0

#Transform 124
Transform: AffineTransform_float_3_3
Parameters: 1 -0.00100919 0.00051357 0.00101081 0.999993 -0.00353448 -0.000510431 0.00353452 0.999993 -0.0517153 0.188425 -0.284283
FixedParameters: 0 0 0

#Transform 125
Transform: AffineTransform_float_3_3
Parameters: 0.999999 -0.000720195 0.000512544 0.000721805 0.999993 -0.00352863 -0.000510455 0.00352937 0.999993 -0.0256321 0.167347 -0.242136
FixedParameters: 0 0 0

#Transform 126
Transform: AffineTransform_float_3_3
Parameters: 0.999999 -0.000662728 0.000512949 0.000664272 0.99999 -0.00444266 -0.000510054 0.00444234 0.99999 -0.0281412 0.128485 -0.232496
FixedParameters: 0 0 0

#Transform 127
Transform: AffineTransform_float_3_3
Parameters: 0.999997 0.00142883 -0.00201044 -0.00133814 0.99901 0.0444789 0.00207257 -0.0444762 0.999009 0.105531 -1.34324 -1.02154
FixedParameters: 0 0 0

#Transform 128
Transform: AffineTransform_float_3_3
Parameters: 1 0.000744018 -0.000881735 -0.000713007 0.999398 0.0346716 0.000906267 -0.0346713 0.999399 0.132293 -0.956043 -0.82901
FixedParameters: 0 0 0

#Transform 129
Transform: AffineTransform_float_3_3
Parameters: 1 -0.000284034 -0.000315314 0.000292957 0.999585 0.0288089 0.000306687 -0.0288091 0.999585 0.119863 -0.758487 -1.03079
FixedParameters: 0 0 0

#Transform 130
Transform: AffineTransform_float_3_3
Parameters: 0.999999 -0.000914312 0.00120068 0.000887703 0.999745 0.0225541 -0.00122033 -0.0225529 0.999745 0.0880758 -0.515303 -1.03722
FixedParameters: 0 0 0

#Transform 131
Transform: AffineTransform_float_3_3
Parameters: 0.999999 -0.00125532 -4.26728e-05 0.00125569 0.999681 0.02522 1.13352e-05 -0.02522 0.999682 0.291214 -0.930286 -4.162
FixedParameters: 0 0 0

#Transform 132
Transform: AffineTransform_float_3_3
Parameters: 0.999896 -0.00909503 0.0111377 0.00992598 0.996983 -0.0769795 -0.0104043 0.0770827 0.996971 -0.134302 1.48488 -1.54112
FixedParameters: 0 0 0

#Transform 133
Transform: AffineTransform_float_3_3
Parameters: 0.999977 -0.00464806 0.00495892 0.00481393 0.99941 -0.0339919 -0.00479808 0.0340151 0.99941 0.0346389 0.603855 -2.17712
FixedParameters: 0 0 0

#Transform 134
Transform: AffineTransform_float_3_3
Parameters: 0.999984 -0.0016116 -0.00531136 0.00204036 0.996658 0.0816644 0.0051616 -0.0816745 0.996645 0.395055 -1.74258 -1.08628
FixedParameters: 0 0 0

#Transform 135
Transform: AffineTransform_float_3_3
Parameters: 0.999982 -0.00358421 -0.00493868 0.00394781 0.99712 0.0757359 0.00465334 -0.0757541 0.997115 0.476096 -1.53853 -1.10893
FixedParameters: 0 0 0

#Transform 136
Transform: AffineTransform_float_3_3
Parameters: 0.999836 -0.0180377 -0.00160563 0.0180883 0.998967 0.0416888 0.000852397 -0.0417112 0.99913 0.959114 -0.873755 -1.84722
FixedParameters: 0 0 0

#Transform 137
Transform: AffineTransform_float_3_3
Parameters: 0.999938 -0.0109366 -0.00179539 0.0109904 0.999393 0.0330363 0.0014336 -0.0330537 0.999452 0.455678 -0.524122 -1.49074
FixedParameters: 0 0 0

#Transform 138
Transform: AffineTransform_float_3_3
Parameters: 0.998455 -0.00879002 0.0548658 0.00597796 0.99867 0.0512081 -0.0552431 -0.0508009 0.99718 0.828068 -1.74638 -3.33113
FixedParameters: 0 0 0

#Transform 139
Transform: AffineTransform_float_3_3
Parameters: 0.999774 -0.0122452 0.0174167 0.0121198 0.9999 0.00727474 -0.0175033 -0.00706227 0.999822 0.567173 0.399835 -1.52213
FixedParameters: 0 0 0

#Transform 140
Transform: AffineTransform_float_3_3
Parameters: 0.999396 -0.00775785 0.0338931 0.00711416 0.999792 0.0190757 -0.034034 -0.0188234 0.999244 -0.0463768 0.158253 -1.94521
FixedParameters: 0 0 0

#Transform 141
Transform: AffineTransform_float_3_3
Parameters: 0.999374 -0.00591582 0.0348782 0.00546315 0.999899 0.0130647 -0.0349518 -0.0128653 0.999306 -0.0528083 0.217941 -1.9462
FixedParameters: 0 0 0

#Transform 142
Transform: AffineTransform_float_3_3
Parameters: 0.999335 -0.0066792 0.0358339 0.00611781 0.999858 0.0157477 -0.035934 -0.0155183 0.999233 -0.142662 0.0616446 -1.88199
FixedParameters: 0 0 0

#Transform 143
Transform: AffineTransform_float_3_3
Parameters: 0.999521 -0.00676419 0.0301754 0.00625482 0.999837 0.0169368 -0.0302846 -0.0167402 0.999401 -0.0513629 0.157669 -1.63324
FixedParameters: 0 0 0

#Transform 144
Transform: AffineTransform_float_3_3
Parameters: 0.999472 -0.00784506 0.0315064 0.00771395 0.999961 0.00431031 -0.0315396 -0.00406571 0.999494 -0.187498 -0.0279561 -0.833495
FixedParameters: 0 0 0

#Transform 145
Transform: AffineTransform_float_3_3
Parameters: 0.999723 -0.0108641 0.0209014 0.010859 0.999941 0.000355066 -0.0209046 -0.000127927 0.999782 -0.085801 -0.0748861 -1.22996
FixedParameters: 0 0 0

#Transform 146
Transform: AffineTransform_float_3_3
Parameters: 0.999833 -0.0115878 0.0141803 0.0116152 0.999931 -0.0018376 -0.0141577 0.00200139 0.999898 -0.0448505 -0.0822603 -1.53006
FixedParameters: 0 0 0

#Transform 147
Transform: AffineTransform_float_3_3
Parameters: 0.999878 -0.010811 0.011338 0.010887 0.999918 -0.00666437 -0.011265 0.00678661 0.999913 -0.000479665 -0.148341 -2.07731
FixedParameters: 0 0 0

#Transform 148
Transform: AffineTransform_float_3_3
Parameters: 0.999243 -0.0213188 0.0325387 0.0223262 0.999273 -0.0309109 -0.0318554 0.0316141 0.998993 -0.249409 0.246341 -2.54661
FixedParameters: 0 0 0

#Transform 149
Transform: AffineTransform_float_3_3
Parameters: 0.99928 -0.016697 0.0340668 0.017562 0.999527 -0.0252519 -0.0336293 0.0258321 0.999101 -0.361089 0.293735 -0.75123
FixedParameters: 0 0 0

#Transform 150
Transform: AffineTransform_float_3_3
Parameters: 0.999497 -0.0124845 0.0291602 0.0129305 0.999801 -0.0151746 -0.0289647 0.0155444 0.999459 -0.208846 0.0233296 -0.833009
FixedParameters: 0 0 0

#Transform 151
Transform: AffineTransform_float_3_3
Parameters: 0.999816 -0.0103321 0.016205 0.0103649 0.999945 -0.0019454 -0.016184 0.00211361 0.999867 -0.00514072 -0.0764701 -1.35587
FixedParameters: 0 0 0

#Transform 152
Transform: AffineTransform_float_3_3
Parameters: 0.999792 -0.0152938 0.0134884 0.0153172 0.999882 -0.00161873 -0.0134626 0.00182527 0.999907 0.64869 0.0324109 -1.48073
FixedParameters: 0 0 0

#Transform 153
Transform: AffineTransform_float_3_3
Parameters: 0.999678 -0.0123967 0.0221242 0.0125813 0.999887 -0.00820929 -0.0220197 0.0084847 0.999721 0.772608 0.474303 -1.96251
FixedParameters: 0 0 0

#Transform 154
Transform: AffineTransform_float_3_3
Parameters: 0.999898 -0.00566415 0.0131612 0.00386873 0.991159 0.132624 -0.0137968 -0.132558 0.991079 -0.11718 -2.72711 -1.31581
FixedParameters: 0 0 0

#Transform 155
Transform: AffineTransform_float_3_3
Parameters: 0.999625 -0.0123682 0.0244103 0.0100168 0.995499 0.0942357 -0.0254657 -0.0939561 0.99525 -0.379081 -1.66847 -0.878795
FixedParameters: 0 0 0

#Transform 156
Transform: AffineTransform_float_3_3
Parameters: 0.999733 -0.00751442 0.0218265 0.00450964 0.990894 0.13457 -0.0226384 -0.134436 0.990663 -0.421287 -2.22575 -0.968798
FixedParameters: 0 0 0

#Transform 157
Transform: AffineTransform_float_3_3
Parameters: 0.999609 -0.0117848 0.0253597 0.00875019 0.993138 0.116616 -0.0265603 -0.116347 0.992854 -0.415595 -1.65701 -1.00878
FixedParameters: 0 0 0

#Transform 158
Transform: AffineTransform_float_3_3
Parameters: 0.999236 -0.0389574 -0.00314709 0.0390837 0.996303 0.0765055 0.000155957 -0.0765696 0.997064 0.060371 -1.21694 -0.815947
FixedParameters: 0 0 0

#Transform 159
Transform: AffineTransform_float_3_3
Parameters: 0.999695 -0.0221348 0.0108957 0.0211773 0.996464 0.0813105 -0.0126563 -0.0810555 0.996629 -0.307298 -0.781598 -1.40978
FixedParameters: 0 0 0
