#Insight Transform File V1.0
#Transform 0
Transform: AffineTransform_float_3_3
Parameters: 0.999985 0.00187885 -0.00524834 -0.00182316 0.999942 0.0106257 0.00526766 -0.0106163 0.99993 -0.046204 0.0714924 0.89648
FixedParameters: 0 0 0

#Transform 1
Transform: AffineTransform_float_3_3
Parameters: 0.999999 -0.00147474 0.000483706 0.00148226 0.999881 -0.0153573 -0.000461289 0.0153587 0.999882 -0.0435197 1.15536 -0.789684
FixedParameters: 0 0 0

#Transform 2
Transform: AffineTransform_float_3_3
Parameters: 0.999961 -0.00870746 0.00140879 0.00877255 0.998373 -0.0563308 -0.000916235 0.0563412 0.998411 0.0469052 2.21738 -0.506078
FixedParameters: 0 0 0

#Transform 3
Transform: AffineTransform_float_3_3
Parameters: 1 8.36657e-05 -0.000595693 -0.000100343 0.999575 -0.0291589 0.000593326 0.029159 0.999574 0.0447728 0.793452 0.489691
FixedParameters: 0 0 0

#Transform 4
Transform: AffineTransform_float_3_3
Parameters: 0.999993 0.0012242 -0.00370795 -0.0013038 0.999772 -0.0213243 0.00368103 0.0213287 0.999765 0.154981 0.72584 0.433811
FixedParameters: 0 0 0

#Transform 5
Transform: AffineTransform_float_3_3
Parameters: 0.999998 -0.000120202 -0.0019401 8.37812e-05 0.999826 -0.0186492 0.0019429 0.0186488 0.999824 0.0206555 0.55081 0.319705
FixedParameters: 0 0 0

#Transform 6
Transform: AffineTransform_float_3_3
Parameters: 0.999996 0.000680964 -0.00255388 -0.000717035 0.9999 -0.0141352 0.00254412 0.0141378 0.999897 0.0406044 0.487975 0.273859
FixedParameters: 0 0 0

#Transform 7
Transform: AffineTransform_float_3_3
Parameters: 0.999995 0.000392816 -0.0031092 -0.000432181 0.999921 -0.0126117 0.0031038 0.0126133 0.999915 0.0995676 0.406757 0.212021
FixedParameters: 0 0 0

#Transform 8
Transform: AffineTransform_float_3_3
Parameters: 0.999999 -0.000738262 0.000332062 0.000743737 0.999845 -0.0176238 -0.000318942 0.0176242 0.999844 -0.0530073 0.725137 0.119001
FixedParameters: 0 0 0

#Transform 9
Transform: AffineTransform_float_3_3
Parameters: 0.999997 0.00146868 -0.0015641 -0.00149631 0.999844 -0.0176077 0.00153789 0.0176103 0.999843 0.0533107 0.535393 0.0483972
FixedParameters: 0 0 0

#Transform 10
Transform: AffineTransform_float_3_3
Parameters: 0.999995 -0.000371031 -0.00290185 0.00033697 0.999932 -0.011718 0.00290615 0.011718 0.999927 0.0947098 0.338318 0.140373
FixedParameters: 0 0 0

#Transform 11
Transform: AffineTransform_float_3_3
Parameters: 0.999983 0.000456623 -0.00577086 -0.00054738 0.999877 -0.0156691 0.00576313 0.0156719 0.99986 0.208472 0.544794 0.312505
FixedParameters: 0 0 0

#Transform 12
Transform: AffineTransform_float_3_3
Parameters: 0.999992 0.000863548 -0.00371615 -0.000901449 0.999946 -0.0103577 0.00370686 0.0103613 0.99994 0.106293 0.339564 0.124781
FixedParameters: 0 0 0

#Transform 13
Transform: AffineTransform_float_3_3
Parameters: 0.999995 0.00129789 -0.00310534 -0.00133412 0.999931 -0.0116559 0.00309066 0.0116601 0.999927 0.0859984 0.43027 0.234618
FixedParameters: 0 0 0

#Transform 14
Transform: AffineTransform_float_3_3
Parameters: 0.999991 0.00148791 -0.00382584 -0.00153309 0.999929 -0.0118092 0.00380816 0.0118148 0.999923 0.16692 0.463704 0.286113
FixedParameters: 0 0 0

#Transform 15
Transform: AffineTransform_float_3_3
Parameters: 0.999997 0.00192043 -0.00136496 -0.00194057 0.999893 -0.0144854 0.00133703 0.0144876 0.999894 -0.0113274 0.586951 0.109608
FixedParameters: 0 0 0

#Transform 16
Transform: AffineTransform_float_3_3
Parameters: 0.999999 0.000571168 -0.00115843 -0.000585826 0.999918 -0.0128433 0.00115057 0.0128447 0.999917 -0.0565684 0.467124 0.107277
FixedParameters: 0 0 0

#Transform 17
Transform: AffineTransform_float_3_3
Parameters: 0.999995 0.000993454 -0.00280773 -0.00102555 0.999932 -0.0116142 0.00279628 0.0116168 0.999929 0.0433533 0.391156 0.186713
FixedParameters: 0 0 0

#Transform 18
Transform: AffineTransform_float_3_3
Parameters: 0.999998 0.00154007 0.00132297 -0.00153393 0.999989 -0.00457504 -0.00133003 0.00457296 0.999988 0.0179976 0.0631415 0.148945
FixedParameters: 0 0 0

#Transform 19
Transform: AffineTransform_float_3_3
Parameters: 1 0.00081619 0.000764552 -0.000811813 0.999984 -0.00546462 -0.000768448 0.00546437 0.999985 0.0424722 0.152247 0.16091
FixedParameters: 0 0 0

#Transform 20
Transform: AffineTransform_float_3_3
Parameters: 1 -0.000159825 -0.00035463 0.000159177 0.999998 -0.00232406 0.000354371 0.00232394 0.999997 0.0202384 0.0441172 0.0403365
FixedParameters: 0 0 0

#Transform 21
Transform: AffineTransform_float_3_3
Parameters: 0.999995 -0.00257054 -0.00145442 0.00259345 0.999874 0.0156543 0.00141357 -0.0156577 0.999877 0.00138943 -0.374905 -0.127872
FixedParameters: 0 0 0

#Transform 22
Transform: AffineTransform_float_3_3
Parameters: 0.999979 -0.00625118 -0.00124282 0.00626782 0.999882 0.0140245 0.00115518 -0.0140325 0.999901 0.051421 -0.170837 -0.168141
FixedParameters: 0 0 0

#Transform 23
Transform: AffineTransform_float_3_3
Parameters: 0.999996 -0.00300356 0.000169593 0.00300144 0.999905 0.0134586 -0.000210415 -0.0134584 0.99991 -0.0403741 -0.429419 -0.0126199
FixedParameters: 0 0 0

#Transform 24
Transform: AffineTransform_float_3_3
Parameters: 0.999997 -0.00249692 -0.000160534 0.00249909 0.99989 0.0146246 0.000124464 -0.0146254 0.999893 -0.0479272 -0.339104 -0.0955814
FixedParameters: 0 0 0

#Transform 25
Transform: AffineTransform_float_3_3
Parameters: 0.999998 -0.00204709 2.3388e-06 0.00204692 0.999965 0.00813902 -1.86605e-05 -0.00813898 0.999967 -0.0495651 -0.0386132 -0.236527
FixedParameters: 0 0 0

#Transform 26
Transform: AffineTransform_float_3_3
Parameters: 1 -0.000535902 0.000890662 0.000537098 0.999999 -0.00123252 -0.000890339 0.00123348 0.999999 -0.0165938 0.335037 -0.155848
FixedParameters: 0 0 0

#Transform 27
Transform: AffineTransform_float_3_3
Parameters: 0.999999 -0.00110739 0.000976801 0.00110061 0.999978 0.00652008 -0.000984196 -0.00651892 0.999979 -0.105882 0.0608474 0.0430554
FixedParameters: 0 0 0

#Transform 28
Transform: AffineTransform_float_3_3
Parameters: 0.999999 0.000674972 0.000600676 -0.000672025 0.999987 -0.0049354 -0.000604323 0.00493459 0.999987 -0.0551717 0.447722 0.296866
FixedParameters: 0 0 0

#Transform 29
Transform: AffineTransform_float_3_3
Parameters: 0.999996 -0.000392628 -0.00288131 0.000380373 0.999991 -0.00438212 0.00288269 0.00438089 0.999986 0.164049 0.396372 0.0459578
FixedParameters: 0 0 0

#Transform 30
Transform: AffineTransform_float_3_3
Parameters: 0.999999 0.000832947 -0.00110834 -0.000840052 0.99998 -0.00637908 0.00110266 0.00637993 0.999979 -0.0421605 0.512972 -0.389345
FixedParameters: 0 0 0

#Transform 31
Transform: AffineTransform_float_3_3
Parameters: 0.999999 -0.00137007 0.000183445 0.00136993 0.999999 0.000405252 -0.000183555 -0.000404749 1 -0.0891447 0.21343 -0.179646
FixedParameters: 0 0 0

#Transform 32
Transform: AffineTransform_float_3_3
Parameters: 1 -0.000333451 -0.000242757 0.00033355 0.999998 0.00226692 0.000242245 -0.00226608 0.999998 -0.0220493 0.177282 -0.115773
FixedParameters: 0 0 0

#Transform 33
Transform: AffineTransform_float_3_3
Parameters: 0.999993 0.000861618 -0.00360353 -0.000868381 0.999998 -0.00176988 0.00360147 0.00177312 0.999992 0.0747666 0.264982 0.00921835
FixedParameters: 0 0 0

#Transform 34
Transform: AffineTransform_float_3_3
Parameters: 0.999996 0.00146236 -0.00267499 -0.00145464 0.999995 0.0027509 0.00267901 -0.00274709 0.999992 0.0953566 0.169396 -0.0120461
FixedParameters: 0 0 0

#Transform 35
Transform: AffineTransform_float_3_3
Parameters: 0.999996 0.00145236 -0.00236562 -0.00145464 0.999999 -0.00111356 0.00236338 0.00111744 0.999996 0.0732698 0.313854 -0.00845714
FixedParameters: 0 0 0

#Transform 36
Transform: AffineTransform_float_3_3
Parameters: 0.999999 0.00145363 0.000281165 -0.00145437 0.999987 0.00492659 -0.000273837 -0.0049274 0.999988 -0.0808283 0.1109 0.00428443
FixedParameters: 0 0 0

#Transform 37
Transform: AffineTransform_float_3_3
Parameters: 0.999997 -0.000416283 0.00214516 0.000395719 0.999956 0.00944687 -0.00214883 -0.00944613 0.999953 -0.0879864 -0.207552 -0.0383869
FixedParameters: 0 0 0

#Transform 38
Transform: AffineTransform_float_3_3
Parameters: 0.999999 -0.00105047 0.000787387 0.00104653 0.99999 0.00439883 -0.000791611 -0.00439817 0.99999 -0.0691862 0.100332 -0.0941953
FixedParameters: 0 0 0

#Transform 39
Transform: AffineTransform_float_3_3
Parameters: 0.999928 -0.0113749 0.00365305 0.0112851 0.999661 0.0234899 -0.00391893 -0.0234471 0.999718 -0.159347 -0.239052 -0.179577
FixedParameters: 0 0 0

#Transform 40
Transform: AffineTransform_float_3_3
Parameters: 1 -0.000608983 -4.94875e-06 0.000609017 0.999988 0.004842 2.05116e-06 -0.004842 0.999989 -0.0158188 0.157233 0.167772
FixedParameters: 0 0 0

#Transform 41
Transform: AffineTransform_float_3_3
Parameters: 0.999999 0.000213884 -0.00183461 -0.000219119 0.999996 -0.0027896 0.0018344 0.0027894 0.999995 0.0590325 0.301475 0.00305231
FixedParameters: 0 0 0

#Transform 42
Transform: AffineTransform_float_3_3
Parameters: 0.999997 -0.000305145 0.00235572 0.000303855 0.999999 0.000910718 -0.00235628 -0.000910283 0.999997 -0.0330726 0.191245 0.129401
FixedParameters: 0 0 0

#Transform 43
Transform: AffineTransform_float_3_3
Parameters: 1 0.000484214 8.17437e-05 -0.000483786 0.999997 -0.00259504 -8.32561e-05 0.00259596 0.999996 0.0564275 0.445399 -0.191261
FixedParameters: 0 0 0

#Transform 44
Transform: AffineTransform_float_3_3
Parameters: 1 4.4141e-05 0.001175 -4.3859e-05 1 -0.000120052 -0.00117501 0.000119948 1 -0.040153 0.229875 -0.212774
FixedParameters: 0 0 0

#Transform 45
Transform: AffineTransform_float_3_3
Parameters: 0.999995 -0.00336584 0.000358303 0.00337115 0.999874 -0.0155259 -0.000305695 0.0155271 0.99988 0.166627 1.42882 -1.10616
FixedParameters: 0 0 0

#Transform 46
Transform: AffineTransform_float_3_3
Parameters: 0.999998 5.26202e-05 0.00165452 6.76533e-05 0.997389 -0.072216 -0.00165443 0.072216 0.997387 0.261016 3.13847 -1.03789
FixedParameters: 0 0 0

#Transform 47
Transform: AffineTransform_float_3_3
Parameters: 0.999989 -0.00348959 -0.00289051 0.0034704 0.999971 -0.0067561 0.00291449 0.0067459 0.999973 0.189428 0.34059 -0.842647
FixedParameters: 0 0 0

#Transform 48
Transform: AffineTransform_float_3_3
Parameters: 0.999983 -0.0016256 -0.00557641 0.0016274 0.999998 0.000245929 0.0055756 -0.000255068 0.999985 0.210155 0.149093 -0.287157
FixedParameters: 0 0 0

#Transform 49
Transform: AffineTransform_float_3_3
Parameters: 0.999986 -0.00247388 -0.00463687 0.00246812 0.999996 -0.00127346 0.00464013 0.00126154 0.999989 0.19576 0.112293 -0.158427
FixedParameters: 0 0 0

#Transform 50
Transform: AffineTransform_float_3_3
Parameters: 0.999996 -0.00167951 -0.00249271 0.0016845 0.999996 0.00220381 0.00248929 -0.00220819 0.999994 0.0664258 -0.046292 0.165772
FixedParameters: 0 0 0

#Transform 51
Transform: AffineTransform_float_3_3
Parameters: 0.999986 -0.00218231 -0.00494964 0.00221269 0.999979 0.00620314 0.00493536 -0.00621386 0.999968 0.199098 -0.168416 0.0949982
FixedParameters: 0 0 0

#Transform 52
Transform: AffineTransform_float_3_3
Parameters: 0.99999 -0.0017453 -0.00411416 0.0017757 0.99997 0.00747176 0.00410084 -0.00747823 0.999963 0.139778 -0.22666 -0.0921136
FixedParameters: 0 0 0

#Transform 53
Transform: AffineTransform_float_3_3
Parameters: 0.999988 -0.0021908 -0.00424042 0.00222719 0.999959 0.00878666 0.00422058 -0.00879635 0.999953 0.134492 -0.240699 -0.144777
FixedParameters: 0 0 0

#Transform 54
Transform: AffineTransform_float_3_3
Parameters: 0.999986 -0.00176872 -0.00499264 0.00181429 0.999956 0.00928108 0.00497637 -0.00928994 0.999945 0.180382 -0.167207 -0.247753
FixedParameters: 0 0 0

#Transform 55
Transform: AffineTransform_float_3_3
Parameters: 0.999944 -0.00130196 -0.010553 0.00141104 0.999945 0.0103317 0.010539 -0.0103463 0.999891 0.394455 -0.0201551 0.0655854
FixedParameters: 0 0 0

#Transform 56
Transform: AffineTransform_float_3_3
Parameters: 0.99997 0.000468606 -0.00764742 -0.000405395 0.999967 0.00818535 0.00765157 -0.00818266 0.999938 0.228988 0.12021 0.0457559
FixedParameters: 0 0 0

#Transform 57
Transform: AffineTransform_float_3_3
Parameters: 0.999978 -0.00071038 -0.00657107 0.00077362 0.999955 0.00953213 0.00656392 -0.00953687 0.999933 0.17329 0.0510096 0.00715718
FixedParameters: 0 0 0

#Transform 58
Transform: AffineTransform_float_3_3
Parameters: 0.999974 -0.000215999 -0.00718302 0.000274996 0.999966 0.00821324 0.00718099 -0.00821577 0.999941 0.240461 -0.0403101 -0.0214471
FixedParameters: 0 0 0

#Transform 59
Transform: AffineTransform_float_3_3
Parameters: 0.999974 -0.000225321 -0.00717474 0.000274676 0.999976 0.00692321 0.00717327 -0.0069258 0.999951 0.233494 0.0400182 -0.00304999
FixedParameters: 0 0 0

#Transform 60
Transform: AffineTransform_float_3_3
Parameters: 0.999965 -0.000583202 -0.00826013 0.000638796 0.999977 0.00675396 0.00825587 -0.00675905 0.999943 0.284581 0.0441739 0.0743702
FixedParameters: 0 0 0

#Transform 61
Transform: AffineTransform_float_3_3
Parameters: 0.999969 -0.000763625 -0.00783722 0.000825379 0.999969 0.00783177 0.00783077 -0.00783722 0.999938 0.281228 -0.00283879 0.0412308
FixedParameters: 0 0 0

#Transform 62
Transform: AffineTransform_float_3_3
Parameters: 0.999967 -0.00123831 -0.00794817 0.00130769 0.99996 0.00876889 0.00793683 -0.00877911 0.99993 0.255215 -0.0182401 0.079244
FixedParameters: 0 0 0

#Transform 63
Transform: AffineTransform_float_3_3
Parameters: 0.999973 -0.000621744 -0.0073086 0.000695251 0.999949 0.0100252 0.0073014 -0.0100298 0.999923 0.213337 -0.0636027 -0.0216112
FixedParameters: 0 0 0

#Transform 64
Transform: AffineTransform_float_3_3
Parameters: 0.99997 0.000812272 -0.00768717 -0.000784729 0.999994 0.00355014 0.00768983 -0.00354386 0.999964 0.26156 0.257762 0.0307758
FixedParameters: 0 0 0

#Transform 65
Transform: AffineTransform_float_3_3
Parameters: 0.999968 0.000681107 -0.00799308 -0.000681897 1 -0.000109553 0.00799292 0.000114448 0.999968 0.264885 0.39615 -0.00296187
FixedParameters: 0 0 0

#Transform 66
Transform: AffineTransform_float_3_3
Parameters: 0.999961 0.00237291 -0.0084935 -0.00233509 0.999988 0.00447001 0.0085045 -0.00444999 0.999954 0.338297 0.311038 0.287806
FixedParameters: 0 0 0

#Transform 67
Transform: AffineTransform_float_3_3
Parameters: 0.999973 0.000732332 -0.0072155 -0.000696664 0.999988 0.00489815 0.00721949 -0.00489284 0.999962 0.22951 0.249443 -0.0409437
FixedParameters: 0 0 0

#Transform 68
Transform: AffineTransform_float_3_3
Parameters: 0.999925 -0.000867025 -0.0122756 0.00108797 0.999838 0.018006 0.0122574 -0.018018 0.999762 0.442606 -0.23253 0.0483326
FixedParameters: 0 0 0

#Transform 69
Transform: AffineTransform_float_3_3
Parameters: 0.999965 -0.000961683 -0.008221 0.00106631 0.999918 0.0128157 0.008208 -0.0128243 0.999884 0.231445 -0.209498 0.229918
FixedParameters: 0 0 0

#Transform 70
Transform: AffineTransform_float_3_3
Parameters: 0.999979 -0.000384154 -0.00649168 0.00042685 0.999978 0.00660037 0.00648932 -0.00660263 0.999957 0.168417 0.0568778 0.0818324
FixedParameters: 0 0 0

#Transform 71
Transform: AffineTransform_float_3_3
Parameters: 0.999985 -0.000782538 -0.00546255 0.000827462 0.999967 0.00814261 0.00545544 -0.0081464 0.999952 0.0321867 -0.0135204 -0.13032
FixedParameters: 0 0 0

#Transform 72
Transform: AffineTransform_float_3_3
Parameters: 0.999987 -0.000898209 -0.00504636 0.00094479 0.999959 0.00907936 0.00503763 -0.00908365 0.999946 0.0952377 -0.0357658 -0.156225
FixedParameters: 0 0 0

#Transform 73
Transform: AffineTransform_float_3_3
Parameters: 0.999989 -0.000680997 -0.00465734 0.000723004 0.999959 0.00902374 0.00465067 -0.00902627 0.999949 0.0847544 -0.102671 -0.150776
FixedParameters: 0 0 0

#Transform 74
Transform: AffineTransform_float_3_3
Parameters: 0.999993 -0.000379202 -0.00387146 0.000412801 0.999962 0.00873247 0.00386855 -0.00873453 0.999955 0.0396828 -0.0679196 -0.210851
FixedParameters: 0 0 0

#Transform 75
Transform: AffineTransform_float_3_3
Parameters: 0.999994 -0.00145218 -0.00315117 0.00142483 0.999959 -0.00892555 0.00316384 0.00892046 0.999955 0.0672066 0.856029 -0.170198
FixedParameters: 0 0 0

#Transform 76
Transform: AffineTransform_float_3_3
Parameters: 0.999913 -0.0131284 -0.00119908 0.0130546 0.998716 -0.0489369 0.00183996 0.0489171 0.998801 0.00142855 2.22979 -1.60079
FixedParameters: 0 0 0

#Transform 77
Transform: AffineTransform_float_3_3
Parameters: 0.999954 -0.00903826 -0.00314308 0.00873267 0.996224 -0.0863874 0.00391289 0.0863556 0.996256 0.147716 2.92402 -0.983979
FixedParameters: 0 0 0

#Transform 78
Transform: AffineTransform_float_3_3
Parameters: 0.999983 -0.00375341 -0.00456552 0.00363761 0.99968 -0.0250291 0.00465748 0.025012 0.999677 0.253248 0.945464 -0.3477
FixedParameters: 0 0 0

#Transform 79
Transform: AffineTransform_float_3_3
Parameters: 0.999988 -0.00242712 -0.00424015 0.00231188 0.999634 -0.0269471 0.00430385 0.0269369 0.999628 0.197221 0.886554 -0.189103
FixedParameters: 0 0 0

#Transform 80
Transform: AffineTransform_float_3_3
Parameters: 0.999982 -0.00278833 -0.00542942 0.00266568 0.999741 -0.0225909 0.0054906 0.0225761 0.99973 0.233253 0.61199 -0.359861
FixedParameters: 0 0 0

#Transform 81
Transform: AffineTransform_float_3_3
Parameters: 0.999977 -0.00389513 -0.00554625 0.00378188 0.999788 -0.0202635 0.00562375 0.0202416 0.99978 0.253775 0.566951 -0.352726
FixedParameters: 0 0 0

#Transform 82
Transform: AffineTransform_float_3_3
Parameters: 0.999979 -0.00289327 -0.00584083 0.00277672 0.9998 -0.0198176 0.00589716 0.0198013 0.999786 0.238143 0.640589 -0.351371
FixedParameters: 0 0 0

#Transform 83
Transform: AffineTransform_float_3_3
Parameters: 0.999978 -0.00243913 -0.00613485 0.00231687 0.9998 -0.0198356 0.00618216 0.0198214 0.999785 0.252276 0.654517 -0.372633
FixedParameters: 0 0 0

#Transform 84
Transform: AffineTransform_float_3_3
Parameters: 0.999974 -0.00268924 -0.00659577 0.00255975 0.999806 -0.0195254 0.00664722 0.0195086 0.999787 0.26693 0.690926 -0.396461
FixedParameters: 0 0 0

#Transform 85
Transform: AffineTransform_float_3_3
Parameters: 0.999994 0.000649965 -0.00338991 -0.000714035 0.99982 -0.0189227 0.00337709 0.0189253 0.999815 0.0874283 0.683027 -0.372965
FixedParameters: 0 0 0

#Transform 86
Transform: AffineTransform_float_3_3
Parameters: 0.999984 -0.00105274 -0.00552923 0.000943245 0.999804 -0.0198125 0.00554978 0.0198075 0.999789 0.204459 0.689003 -0.401704
FixedParameters: 0 0 0

#Transform 87
Transform: AffineTransform_float_3_3
Parameters: 0.999985 -0.000896538 -0.00553236 0.000786446 0.999804 -0.0197707 0.00554963 0.0197653 0.999789 0.214869 0.669648 -0.376641
FixedParameters: 0 0 0

#Transform 88
Transform: AffineTransform_float_3_3
Parameters: 0.999992 0.00180732 -0.00343328 -0.00187167 0.999824 -0.0186367 0.0033987 0.0186433 0.999821 0.120647 0.624728 -0.383806
FixedParameters: 0 0 0

#Transform 89
Transform: AffineTransform_float_3_3
Parameters: 0.999978 -0.00229363 -0.00625442 0.00217436 0.999816 -0.019067 0.00629758 0.019053 0.999798 0.257656 0.676052 -0.396747
FixedParameters: 0 0 0

#Transform 90
Transform: AffineTransform_float_3_3
Parameters: 0.999968 -0.00313887 -0.00726314 0.00299913 0.999812 -0.0191894 0.00732187 0.0191666 0.99979 0.301768 0.684096 -0.421694
FixedParameters: 0 0 0

#Transform 91
Transform: AffineTransform_float_3_3
Parameters: 0.999978 -0.00131272 -0.00658701 0.00118628 0.999815 -0.0192052 0.006611 0.0191967 0.999794 0.259464 0.718143 -0.353836
FixedParameters: 0 0 0

#Transform 92
Transform: AffineTransform_float_3_3
Parameters: 0.999981 -0.000817306 -0.00609866 0.00070169 0.999822 -0.0188846 0.00611334 0.0188804 0.999803 0.231581 0.721895 -0.340747
FixedParameters: 0 0 0

#Transform 93
Transform: AffineTransform_float_3_3
Parameters: 0.99998 -9.68444e-05 -0.00622827 -1.48413e-05 0.999839 -0.0179553 0.00622874 0.0179547 0.99982 0.256473 0.71481 -0.36564
FixedParameters: 0 0 0

#Transform 94
Transform: AffineTransform_float_3_3
Parameters: 0.999977 -0.00112052 -0.00659104 0.000996482 0.999821 -0.018865 0.00661097 0.018858 0.999801 0.302659 0.745503 -0.0657757
FixedParameters: 0 0 0

#Transform 95
Transform: AffineTransform_float_3_3
Parameters: 0.999978 -0.000636076 -0.006601 0.000521918 0.99985 -0.0172698 0.006611 0.0172652 0.999829 0.313293 0.700744 0.0475569
FixedParameters: 0 0 0

#Transform 96
Transform: AffineTransform_float_3_3
Parameters: 0.999984 0.000172223 -0.00577118 -0.000278772 0.999828 -0.0185057 0.00576683 0.0185073 0.999812 0.269891 0.825648 -0.0996703
FixedParameters: 0 0 0

#Transform 97
Transform: AffineTransform_float_3_3
Parameters: 0.999983 0.000640519 -0.00577816 -0.000765478 0.999767 -0.0215669 0.00576283 0.0215711 0.99975 0.305334 0.886944 -0.00712069
FixedParameters: 0 0 0

#Transform 98
Transform: AffineTransform_float_3_3
Parameters: 0.99998 7.2176e-05 -0.00633162 -0.000195813 0.999808 -0.0195581 0.00632838 0.0195588 0.999788 0.32283 0.783683 -0.0758502
FixedParameters: 0 0 0

#Transform 99
Transform: AffineTransform_float_3_3
Parameters: 0.999984 -0.00054294 -0.00564266 0.000435054 0.999817 -0.0191128 0.00565235 0.0191103 0.999802 0.267212 0.780923 -0.0596585
FixedParameters: 0 0 0

#Transform 100
Transform: AffineTransform_float_3_3
Parameters: 0.999979 -0.000553492 -0.00644292 0.000435523 0.999831 -0.0183782 0.0064511 0.0183748 0.999811 0.331422 0.743531 -0.106505
FixedParameters: 0 0 0

#Transform 101
Transform: AffineTransform_float_3_3
Parameters: 0.999979 -0.0004752 -0.00644454 0.000359812 0.999841 -0.0178647 0.00645146 0.0178623 0.999819 0.33369 0.739332 -0.12043
FixedParameters: 0 0 0

#Transform 102
Transform: AffineTransform_float_3_3
Parameters: 0.999981 -1.46731e-05 -0.0061447 -9.36769e-05 0.999843 -0.0176847 0.0061443 0.0176852 0.999824 0.279729 0.736538 -0.146514
FixedParameters: 0 0 0

#Transform 103
Transform: AffineTransform_float_3_3
Parameters: 0.999985 9.65258e-05 -0.00557765 -0.000197482 0.999837 -0.0180162 0.00557535 0.0180168 0.999822 0.267782 0.74754 -0.0994323
FixedParameters: 0 0 0

#Transform 104
Transform: AffineTransform_float_3_3
Parameters: 0.999985 0.000199583 -0.00536612 -0.000289418 0.999858 -0.0168547 0.00536188 0.0168553 0.999843 0.272593 0.656089 -0.132611
FixedParameters: 0 0 0

#Transform 105
Transform: AffineTransform_float_3_3
Parameters: 0.999981 -0.000527051 -0.00617083 0.000435946 0.999889 -0.014909 0.00617818 0.014906 0.99987 0.291903 0.573641 -0.0820633
FixedParameters: 0 0 0

#Transform 106
Transform: AffineTransform_float_3_3
Parameters: 0.999977 -0.000956095 -0.00671474 0.000841901 0.999856 -0.0169741 0.00673026 0.016968 0.999834 0.310824 0.628994 0.0263005
FixedParameters: 0 0 0

#Transform 107
Transform: AffineTransform_float_3_3
Parameters: 0.999972 -0.000979785 -0.00740842 0.000871222 0.999892 -0.0146729 0.00742158 0.0146661 0.999865 0.332712 0.477018 -0.0632247
FixedParameters: 0 0 0

#Transform 108
Transform: AffineTransform_float_3_3
Parameters: 0.999969 -0.000693271 -0.0079014 0.000586735 0.99991 -0.0134441 0.00790961 0.013439 0.999879 0.338378 0.460683 -0.101144
FixedParameters: 0 0 0

#Transform 109
Transform: AffineTransform_float_3_3
Parameters: 0.99997 -0.0012717 -0.00764332 0.0011663 0.999905 -0.0136873 0.00765968 0.0136777 0.999877 0.328039 0.568456 0.0718372
FixedParameters: 0 0 0

#Transform 110
Transform: AffineTransform_float_3_3
Parameters: 0.999983 1.59962e-05 -0.00594865 -0.000141014 0.999779 -0.0210145 0.00594735 0.0210145 0.999761 0.294181 1.16373 -0.300469
FixedParameters: 0 0 0

#Transform 111
Transform: AffineTransform_float_3_3
Parameters: 0.999977 -1.65741e-05 -0.00677949 -8.35653e-05 0.999892 -0.0146868 0.00677851 0.0146872 0.999869 0.279597 0.706214 -0.283437
FixedParameters: 0 0 0

#Transform 112
Transform: AffineTransform_float_3_3
Parameters: 0.999982 -9.56347e-05 -0.00588128 2.73664e-05 0.999932 -0.0116694 0.00588172 0.0116686 0.999914 0.250858 0.656471 -0.291333
FixedParameters: 0 0 0

#Transform 113
Transform: AffineTransform_float_3_3
Parameters: 0.999988 0.00102984 -0.00481436 -0.00108617 0.999931 -0.0116769 0.00480264 0.0116821 0.99992 0.200015 0.661398 -0.321551
FixedParameters: 0 0 0

#Transform 114
Transform: AffineTransform_float_3_3
Parameters: 0.999986 0.00102851 -0.00506202 -0.00108648 0.999935 -0.0113666 0.00504997 0.0113723 0.999922 0.202854 0.674662 -0.317033
FixedParameters: 0 0 0

#Transform 115
Transform: AffineTransform_float_3_3
Parameters: 0.999985 0.00113924 -0.00547222 -0.00120076 0.999936 -0.0112956 0.00545878 0.0113024 0.999921 0.220744 0.68496 -0.389191
FixedParameters: 0 0 0

#Transform 116
Transform: AffineTransform_float_3_3
Parameters: 0.999986 0.000676869 -0.00515754 -0.000725137 0.999956 -0.00933639 0.00515145 0.00933962 0.999943 0.209365 0.623835 -0.388778
FixedParameters: 0 0 0

#Transform 117
Transform: AffineTransform_float_3_3
Parameters: 0.99999 0.00103662 -0.00436203 -0.00108638 0.999935 -0.0113334 0.00434997 0.0113376 0.999927 0.1786 0.655651 -0.36358
FixedParameters: 0 0 0

#Transform 118
Transform: AffineTransform_float_3_3
Parameters: 0.999989 0.00148089 -0.00447458 -0.0015331 0.999931 -0.0116633 0.00445642 0.0116707 0.999922 0.168252 0.729579 -0.379955
FixedParameters: 0 0 0

#Transform 119
Transform: AffineTransform_float_3_3
Parameters: 0.999988 0.00138233 -0.00456664 -0.00143366 0.999937 -0.0111106 0.00455034 0.0111174 0.999928 0.18464 0.723056 -0.344675
FixedParameters: 0 0 0

#Transform 120
Transform: AffineTransform_float_3_3
Parameters: 0.999986 0.000268909 -0.00541526 -0.000328101 0.999941 -0.0109144 0.00541274 0.0109156 0.999926 0.204796 0.652947 -0.343497
FixedParameters: 0 0 0

#Transform 121
Transform: AffineTransform_float_3_3
Parameters: 0.999983 -0.000557517 -0.00583248 0.000508486 0.999964 -0.00848811 0.00583652 0.00848489 0.999947 0.213578 0.542455 -0.296884
FixedParameters: 0 0 0

#Transform 122
Transform: AffineTransform_float_3_3
Parameters: 0.999989 -0.000544195 -0.00481705 0.000507803 0.999971 -0.00751253 0.00482095 0.00750946 0.99996 0.164787 0.518053 -0.302343
FixedParameters: 0 0 0

#Transform 123
Transform: AffineTransform_float_3_3
Parameters: 0.999989 -4.92538e-05 -0.00466975 7.74324e-06 0.999959 -0.00904814 0.00467026 0.00904787 0.999948 0.164295 0.605385 -0.320779
FixedParameters: 0 0 0

#Transform 124
Transform: AffineTransform_float_3_3
Parameters: 0.999991 0.000486748 -0.00422683 -0.000527252 0.999954 -0.00952685 0.00422217 0.00952913 0.999945 0.152283 0.659003 -0.384541
FixedParameters: 0 0 0

#Transform 125
Transform: AffineTransform_float_3_3
Parameters: 0.999989 0.000460043 -0.00462191 -0.000515957 0.999927 -0.0121128 0.00461609 0.0121153 0.999916 0.158141 0.76619 -0.428035
FixedParameters: 0 0 0

#Transform 126
Transform: AffineTransform_float_3_3
Parameters: 0.999992 0.000349303 -0.00396469 -0.000398686 0.999922 -0.0125405 0.00395931 0.0125425 0.999914 0.118895 0.805786 -0.384737
FixedParameters: 0 0 0

#Transform 127
Transform: AffineTransform_float_3_3
Parameters: 0.99999 0.000677802 -0.00425861 -0.000724202 0.999941 -0.010856 0.00425139 0.010859 0.999932 0.140217 0.759683 -0.415877
FixedParameters: 0 0 0

#Transform 128
Transform: AffineTransform_float_3_3
Parameters: 0.999985 0.000719843 -0.00539851 -0.000781152 0.999936 -0.011335 0.00538949 0.0113391 0.999921 0.192327 0.791177 -0.387729
FixedParameters: 0 0 0

#Transform 129
Transform: AffineTransform_float_3_3
Parameters: 0.99999 0.00101173 -0.0043019 -0.00105727 0.999944 -0.0105336 0.0042911 0.0105384 0.999936 0.150997 0.701555 -0.371107
FixedParameters: 0 0 0

#Transform 130
Transform: AffineTransform_float_3_3
Parameters: 0.999983 0.00119471 -0.00569952 -0.00126128 0.99993 -0.011817 0.00568449 0.011824 0.999914 0.214755 0.782734 -0.306412
FixedParameters: 0 0 0

#Transform 131
Transform: AffineTransform_float_3_3
Parameters: 0.999992 -0.000121602 -0.00402813 8.83889e-05 0.999965 -0.00834143 0.00402988 0.00834058 0.999957 0.131699 0.551883 -0.25534
FixedParameters: 0 0 0

#Transform 132
Transform: AffineTransform_float_3_3
Parameters: 0.999993 -0.00011807 -0.0038932 8.793e-05 0.99997 -0.0077234 0.0038938 0.0077226 0.999962 0.128484 0.541669 -0.191297
FixedParameters: 0 0 0

#Transform 133
Transform: AffineTransform_float_3_3
Parameters: 0.999974 0.00199566 -0.00700169 -0.00209735 0.999892 -0.0144967 0.00697232 0.0145103 0.999871 0.256105 0.903964 -0.161419
FixedParameters: 0 0 0

#Transform 134
Transform: AffineTransform_float_3_3
Parameters: 0.999979 0.00332997 -0.00544419 -0.00341704 0.999866 -0.0160547 0.0053908 0.0160733 0.999857 0.177946 0.997895 -0.231164
FixedParameters: 0 0 0

#Transform 135
Transform: AffineTransform_float_3_3
Parameters: 0.999988 0.00323732 -0.00361337 -0.00329669 0.999856 -0.0166343 0.00355963 0.0166467 0.999855 0.0554927 1.0001 -0.0677287
FixedParameters: 0 0 0

#Transform 136
Transform: AffineTransform_float_3_3
Parameters: 0.999989 0.00201726 -0.00422712 -0.00206476 0.999934 -0.0113214 0.00420489 0.0113296 0.999927 0.133418 0.754147 -0.220741
FixedParameters: 0 0 0

#Transform 137
Transform: AffineTransform_float_3_3
Parameters: 0.999989 1.69978e-06 -0.00455824 -4.62973e-05 0.99995 -0.00993789 0.00455776 0.00993811 0.99994 0.140737 0.718091 -0.270005
FixedParameters: 0 0 0

#Transform 138
Transform: AffineTransform_float_3_3
Parameters: 0.999997 -0.00119762 -0.00223005 0.00117738 0.999956 -0.00922665 0.00224096 0.00922434 0.999955 -0.025258 0.748964 -0.473199
FixedParameters: 0 0 0

#Transform 139
Transform: AffineTransform_float_3_3
Parameters: 0.999998 -0.0022164 -0.000660669 0.0022096 0.999937 -0.0109965 0.000685337 0.0109945 0.99994 -0.0598785 0.624509 -1.06248
FixedParameters: 0 0 0

#Transform 140
Transform: AffineTransform_float_3_3
Parameters: 0.999999 -0.00134202 2.53509e-06 0.00134198 0.999974 -0.007105 7.53496e-06 0.00710499 0.999975 -0.0191669 0.477944 -0.46602
FixedParameters: 0 0 0

#Transform 141
Transform: AffineTransform_float_3_3
Parameters: 0.999998 -0.000869093 -0.00174302 0.000856899 0.999975 -0.0069275 0.00174998 0.00692549 0.999974 0.0174019 0.49326 -0.381068
FixedParameters: 0 0 0

#Transform 142
Transform: AffineTransform_float_3_3
Parameters: 0.999992 -0.000264581 -0.00379993 0.000233419 0.999966 -0.00830895 0.00380207 0.00830806 0.999959 0.151089 0.617615 -0.28108
FixedParameters: 0 0 0

#Transform 143
Transform: AffineTransform_float_3_3
Parameters: 0.999969 0.000993759 -0.0078123 -0.00105724 0.999966 -0.00809499 0.00780369 0.008103 0.999936 0.452121 0.663798 0.298083
FixedParameters: 0 0 0

#Transform 144
Transform: AffineTransform_float_3_3
Parameters: 0.999978 0.000700297 -0.0067024 -0.000758701 0.999962 -0.00876012 0.00669561 0.00876489 0.999939 0.322891 0.656769 -0.0180151
FixedParameters: 0 0 0

#Transform 145
Transform: AffineTransform_float_3_3
Parameters: 0.999985 0.00152849 -0.00537169 -0.00156951 0.999971 -0.00754469 0.00536031 0.00755331 0.999957 0.244747 0.631365 -0.161472
FixedParameters: 0 0 0

#Transform 146
Transform: AffineTransform_float_3_3
Parameters: 0.999986 0.00174597 -0.0048696 -0.00177802 0.999977 -0.00658042 0.00485739 0.00658956 0.999966 0.222932 0.57801 -0.269878
FixedParameters: 0 0 0

#Transform 147
Transform: AffineTransform_float_3_3
Parameters: 0.99999 0.00183844 -0.00394685 -0.00187056 0.999966 -0.0080077 0.00393214 0.00801531 0.99996 0.186654 0.691479 -0.22315
FixedParameters: 0 0 0

#Transform 148
Transform: AffineTransform_float_3_3
Parameters: 0.999995 0.00079764 -0.00307968 -0.000822363 0.999965 -0.00824251 0.00307333 0.00824449 0.999962 0.107577 0.611039 -0.327191
FixedParameters: 0 0 0

#Transform 149
Transform: AffineTransform_float_3_3
Parameters: 0.999974 -0.00375184 -0.00606216 0.00364516 0.999839 -0.0175405 0.00612683 0.0175174 0.999828 0.185691 1.11184 -0.187772
FixedParameters: 0 0 0

#Transform 150
Transform: AffineTransform_float_3_3
Parameters: 0.999885 -0.00772025 -0.0130709 0.00707875 0.998803 -0.0484141 0.0134291 0.0483159 0.998742 0.425167 1.89061 -0.670101
FixedParameters: 0 0 0

#Transform 151
Transform: AffineTransform_float_3_3
Parameters: 0.999967 -0.00081922 -0.00801014 0.000657762 0.999797 -0.0201089 0.00802584 0.0201031 0.999765 0.304636 0.755922 -0.189468
FixedParameters: 0 0 0

#Transform 152
Transform: AffineTransform_float_3_3
Parameters: 0.99997 -0.000324189 -0.00773462 0.000148803 0.99974 -0.0227688 0.00774039 0.0227672 0.999711 0.297551 0.89208 -0.296578
FixedParameters: 0 0 0

#Transform 153
Transform: AffineTransform_float_3_3
Parameters: 0.999975 -0.000546398 -0.00714196 0.000375607 0.999713 -0.0239773 0.00715306 0.0239747 0.999687 0.266378 0.908847 -0.320372
FixedParameters: 0 0 0

#Transform 154
Transform: AffineTransform_float_3_3
Parameters: 0.999986 -0.000186237 -0.00525102 5.77407e-05 0.999702 -0.0244106 0.00525498 0.0244104 0.999688 0.178172 0.956375 -0.361017
FixedParameters: 0 0 0

#Transform 155
Transform: AffineTransform_float_3_3
Parameters: 0.999996 -0.000515784 -0.00277923 0.00045922 0.999799 -0.0200354 0.00278876 0.0200337 0.999796 0.130423 0.832414 -0.49734
FixedParameters: 0 0 0

#Transform 156
Transform: AffineTransform_float_3_3
Parameters: 0.999999 0.000295492 -0.00184604 -0.000330508 0.999815 -0.0192644 0.00183997 0.0192646 0.999812 0.082469 0.845059 -0.495076
FixedParameters: 0 0 0

#Transform 157
Transform: AffineTransform_float_3_3
Parameters: 0.999996 0.000377946 -0.00280067 -0.00043106 0.99982 -0.0189669 0.00279333 0.0189681 0.999816 0.134562 0.850276 -0.447099
FixedParameters: 0 0 0

#Transform 158
Transform: AffineTransform_float_3_3
Parameters: 0.999993 -0.000653129 -0.0038804 0.000579877 0.999823 -0.0188174 0.0038916 0.0188146 0.999816 0.147836 0.822562 -0.64224
FixedParameters: 0 0 0

#Transform 159
Transform: AffineTransform_float_3_3
Parameters: 0.999997 0.00105321 -0.00222031 -0.00109278 0.999838 -0.0179946 0.00220069 0.0179974 0.999835 0.131026 0.866426 -0.425083
FixedParameters: 0 0 0
