# transform file /out/sourcedata/freesurfer/sub-v2s1x29897_ses-1/mri/transforms/cc_up.lta
# created by oesteban on Thu Mar 12 21:01:38 2026

type      = 0 # LINEAR_VOX_TO_VOX
nxforms   = 1
mean      = 129.0000 134.0000 124.0000
sigma     = 10000.0000
1 4 4
9.961833357810974e-01 7.939470559358597e-02 3.626981377601624e-02 -1.613270759582520e+01 
-7.934213429689407e-02 9.968433380126953e-01 -2.888749586418271e-03 1.809643173217773e+01 
-3.638467192649841e-02 -2.328306714094452e-10 9.993379712104797e-01 2.183988952636719e+01 
0.000000000000000e+00 0.000000000000000e+00 0.000000000000000e+00 1.000000000000000e+00 
src volume info
valid = 1  # volume info valid
filename = /out/sourcedata/freesurfer/sub-v2s1x29897_ses-1/mri/norm.mgz
volume = 256 256 256
voxelsize = 8.999998569488525e-01 8.999998569488525e-01 8.999998569488525e-01
xras   = -9.999998807907104e-01 0.000000000000000e+00 0.000000000000000e+00
yras   = 0.000000000000000e+00 0.000000000000000e+00 -9.999999403953552e-01
zras   = 0.000000000000000e+00 9.999999403953552e-01 0.000000000000000e+00
cras   = 1.088695526123047e+01 2.609030914306641e+01 4.913520812988281e+01
dst volume info
valid = 1  # volume info valid
filename = /out/sourcedata/freesurfer/sub-v2s1x29897_ses-1/mri/norm.mgz
volume = 256 256 256
voxelsize = 8.999998569488525e-01 8.999998569488525e-01 8.999998569488525e-01
xras   = -9.999998807907104e-01 0.000000000000000e+00 0.000000000000000e+00
yras   = 0.000000000000000e+00 0.000000000000000e+00 -9.999999403953552e-01
zras   = 0.000000000000000e+00 9.999999403953552e-01 0.000000000000000e+00
cras   = 1.088695526123047e+01 2.609030914306641e+01 4.913520812988281e+01
