type      = 0 # LINEAR_VOX_TO_VOX
nxforms   = 1
mean      = 0.0000 0.0000 0.0000
sigma     = 1.0000
1 4 4
1.008945584297180e+00 5.682508647441864e-02 5.701498687267303e-02 -1.792881774902344e+01 
-5.466958135366440e-02 1.023628234863281e+00 -4.645799286663532e-03 -1.187498474121094e+01 
-4.448878392577171e-02 -7.779598236083984e-02 9.783160090446472e-01 5.772048950195312e+00 
0.000000000000000e+00 0.000000000000000e+00 0.000000000000000e+00 1.000000000000000e+00 
src volume info
valid = 1  # volume info valid
filename = /out/sourcedata/freesurfer/sub-v2s1x29897_ses-1/mri/orig.mgz
volume = 256 256 256
voxelsize = 8.999998569488525e-01 8.999998569488525e-01 8.999998569488525e-01
xras   = -9.999998807907104e-01 0.000000000000000e+00 0.000000000000000e+00
yras   = 0.000000000000000e+00 0.000000000000000e+00 -9.999999403953552e-01
zras   = 0.000000000000000e+00 9.999999403953552e-01 0.000000000000000e+00
cras   = 1.088695526123047e+01 2.609030914306641e+01 4.913520812988281e+01
dst volume info
valid = 1  # volume info valid
filename = /opt/freesurfer/average/mni305.cor.mgz
volume = 256 256 256
voxelsize = 1.000000000000000e+00 1.000000000000000e+00 1.000000000000000e+00
xras   = -1.000000000000000e+00 0.000000000000000e+00 0.000000000000000e+00
yras   = 0.000000000000000e+00 0.000000000000000e+00 -1.000000000000000e+00
zras   = 0.000000000000000e+00 1.000000000000000e+00 0.000000000000000e+00
cras   = 0.000000000000000e+00 0.000000000000000e+00 0.000000000000000e+00
subject fsaverage
fscale 0.100000
