#Insight Transform File V1.0
#Transform 0
Transform: AffineTransform_float_3_3
Parameters: 0.999999 3.2025e-07 0.000749999 3.2025e-07 1 -0.000427 -0.000749999 0.000427 0.999999 -0.0408867 -0.0152424 -0.230021
FixedParameters: 0 0 0

#Transform 1
Transform: AffineTransform_float_3_3
Parameters: 1 0 0 0 1 -0.000707 0 0.000707 1 -0.028704 0.191308 -0.105801
FixedParameters: 0 0 0

#Transform 2
Transform: AffineTransform_float_3_3
Parameters: 1 0 0 0 0.999999 -0.001226 0 0.001226 0.999999 0.001611 0.242291 -0.185134
FixedParameters: 0 0 0

#Transform 3
Transform: AffineTransform_float_3_3
Parameters: 1 0 0 0 0.999998 -0.001673 0 0.001673 0.999998 0.011926 0.250622 -0.227188
FixedParameters: 0 0 0

#Transform 4
Transform: AffineTransform_float_3_3
Parameters: 1 0 0 0 0.999997 -0.002213 0 0.002213 0.999997 0.019196 0.306383 -0.18795
FixedParameters: 0 0 0

#Transform 5
Transform: AffineTransform_float_3_3
Parameters: 1 -0.00104648 0.000535982 0.00104752 0.999996 -0.00284744 -0.00053302 0.00284756 0.999996 -0.0382575 0.337601 -0.224077
FixedParameters: 0 0 0

#Transform 6
Transform: AffineTransform_float_3_3
Parameters: 1 -0.000240026 0.000552861 0.000241971 0.999993 -0.00357287 -0.000551139 0.00357313 0.999994 -0.00777797 0.360677 -0.251821
FixedParameters: 0 0 0

#Transform 7
Transform: AffineTransform_float_3_3
Parameters: 1 -0.000878528 0.000796845 0.000881473 0.99999 -0.0043673 -0.000793157 0.0043687 0.99999 -0.0347388 0.421513 -0.219338
FixedParameters: 0 0 0

#Transform 8
Transform: AffineTransform_float_3_3
Parameters: 0.999999 -0.000875367 0.00104559 0.000881631 0.99998 -0.00636109 -0.00103941 0.00636192 0.999979 -0.0418801 0.531488 -0.173241
FixedParameters: 0 0 0

#Transform 9
Transform: AffineTransform_float_3_3
Parameters: 0.999999 -0.00114354 0.00047049 0.00114646 0.999972 -0.00741247 -0.000462515 0.00741254 0.999973 0.00310127 0.589099 -0.246655
FixedParameters: 0 0 0

#Transform 10
Transform: AffineTransform_float_3_3
Parameters: 0.999999 -0.0014241 0.000568422 0.0014289 0.999961 -0.0087072 -0.000556579 0.0087078 0.999962 -0.00898623 0.661486 -0.225877
FixedParameters: 0 0 0

#Transform 11
Transform: AffineTransform_float_3_3
Parameters: 0.999999 -0.0014969 0.000360123 0.0014991 0.999961 -0.00875747 -0.000346884 0.00875853 0.999961 -0.00704246 0.639675 -0.233943
FixedParameters: 0 0 0

#Transform 12
Transform: AffineTransform_float_3_3
Parameters: 0.999999 -0.001361 0.00034407 0.00136399 0.99996 -0.00885854 -0.000331929 0.00885946 0.99996 0.00555878 0.661678 -0.204407
FixedParameters: 0 0 0

#Transform 13
Transform: AffineTransform_float_3_3
Parameters: 0.999999 -0.00125528 0.000630525 0.00126072 0.999957 -0.00916021 -0.000618476 0.00916179 0.999958 -0.00547464 0.704404 -0.17536
FixedParameters: 0 0 0

#Transform 14
Transform: AffineTransform_float_3_3
Parameters: 0.999998 -0.00156561 0.000550586 0.0015704 0.99995 -0.00993716 -0.000535421 0.00993786 0.999951 -0.00481386 0.713184 -0.21682
FixedParameters: 0 0 0

#Transform 15
Transform: AffineTransform_float_3_3
Parameters: 0.999999 -0.00127836 0.00053274 0.00128364 0.999941 -0.0107233 -0.000519264 0.0107247 0.999943 0.00636608 0.770774 -0.219276
FixedParameters: 0 0 0

#Transform 16
Transform: AffineTransform_float_3_3
Parameters: 0.999999 -0.00170252 0.000554136 0.00170848 0.999948 -0.0100481 -0.000536858 0.0100499 0.99995 -0.00666422 0.734276 -0.211439
FixedParameters: 0 0 0

#Transform 17
Transform: AffineTransform_float_3_3
Parameters: 0.999998 -0.00196894 0.000684657 0.00197607 0.999943 -0.0104717 -0.000664342 0.0104733 0.999945 -0.0154623 0.764978 -0.221356
FixedParameters: 0 0 0

#Transform 18
Transform: AffineTransform_float_3_3
Parameters: 0.999998 -0.00111534 0.00116626 0.00112666 0.999949 -0.0100467 -0.00115474 0.0100483 0.999949 -0.0196756 0.723058 -0.142755
FixedParameters: 0 0 0

#Transform 19
Transform: AffineTransform_float_3_3
Parameters: 0.999998 -0.00183091 0.000683313 0.0018381 0.999943 -0.0105268 -0.000664686 0.0105282 0.999945 -0.00371973 0.749166 -0.201301
FixedParameters: 0 0 0

#Transform 20
Transform: AffineTransform_float_3_3
Parameters: 0.999999 -0.000964098 0.000806981 0.000974903 0.999923 -0.0123622 -0.000795009 0.0123628 0.999924 0.0172064 0.863445 -0.156543
FixedParameters: 0 0 0

#Transform 21
Transform: AffineTransform_float_3_3
Parameters: 0.999999 -0.000459142 0.000725334 0.000468853 0.999906 -0.0136497 -0.000718667 0.0136493 0.999906 0.0361458 0.971621 -0.150125
FixedParameters: 0 0 0

#Transform 22
Transform: AffineTransform_float_3_3
Parameters: 0.999999 -0.00076449 0.00114253 0.000780516 0.999906 -0.0136371 -0.00113246 0.0136379 0.999907 -0.00826939 0.926002 -0.158964
FixedParameters: 0 0 0

#Transform 23
Transform: AffineTransform_float_3_3
Parameters: 0.999999 -0.00102151 0.0010148 0.00103549 0.999896 -0.014383 -0.00100021 0.014384 0.999896 0.00937058 0.977744 -0.181603
FixedParameters: 0 0 0

#Transform 24
Transform: AffineTransform_float_3_3
Parameters: 0.999999 -0.00158685 0.000961748 0.00160116 0.999887 -0.0148975 -0.00093825 0.0148985 0.999888 -0.0175068 1.02503 -0.164681
FixedParameters: 0 0 0

#Transform 25
Transform: AffineTransform_float_3_3
Parameters: 0.999999 -0.000853059 0.00101673 0.000867931 0.999891 -0.0147871 -0.00100328 0.0147879 0.99989 0.0114331 0.989967 -0.168083
FixedParameters: 0 0 0

#Transform 26
Transform: AffineTransform_float_3_3
Parameters: 0.999999 -0.00129763 0.000756833 0.00130937 0.999884 -0.015216 -0.000737161 0.015217 0.999884 0.0132013 1.03963 -0.185235
FixedParameters: 0 0 0

#Transform 27
Transform: AffineTransform_float_3_3
Parameters: 1 -0.000904452 0.000678299 0.00091456 0.999876 -0.0157164 -0.000664709 0.0157166 0.999877 0.0404865 1.06737 -0.138423
FixedParameters: 0 0 0

#Transform 28
Transform: AffineTransform_float_3_3
Parameters: 0.999999 -0.00136639 0.000685576 0.00137662 0.999876 -0.0157281 -0.000664429 0.0157299 0.999876 0.032976 1.0559 -0.183069
FixedParameters: 0 0 0

#Transform 29
Transform: AffineTransform_float_3_3
Parameters: 1 -0.000760005 0.000926358 0.00077599 0.999849 -0.0173913 -0.000912643 0.0173917 0.999849 0.0333234 1.1882 -0.163435
FixedParameters: 0 0 0

#Transform 30
Transform: AffineTransform_float_3_3
Parameters: 0.999999 -0.000737704 0.000487784 0.000746282 0.999851 -0.0172317 -0.00047421 0.0172324 0.999852 0.0509486 1.14667 -0.193407
FixedParameters: 0 0 0

#Transform 31
Transform: AffineTransform_float_3_3
Parameters: 1 -0.000835527 0.000886814 0.000851477 0.999824 -0.0187403 -0.000871195 0.0187417 0.999824 0.0341649 1.28842 -0.203499
FixedParameters: 0 0 0

#Transform 32
Transform: AffineTransform_float_3_3
Parameters: 0.999998 -0.00129023 0.000929188 0.00130777 0.999811 -0.0193868 -0.000903815 0.0193882 0.999811 0.0428261 1.275 -0.256363
FixedParameters: 0 0 0

#Transform 33
Transform: AffineTransform_float_3_3
Parameters: 0.999999 -0.00116661 0.000886364 0.00118338 0.999801 -0.019877 -0.000862648 0.019878 0.999802 0.0421825 1.3216 -0.243464
FixedParameters: 0 0 0

#Transform 34
Transform: AffineTransform_float_3_3
Parameters: 0.999999 -0.000608178 0.000521673 0.000618827 0.999818 -0.0190387 -0.00051031 0.0190393 0.999818 0.0859009 1.2494 -0.285135
FixedParameters: 0 0 0

#Transform 35
Transform: AffineTransform_float_3_3
Parameters: 0.999999 -0.000733828 0.00030718 0.000739167 0.999787 -0.0205978 -0.000291836 0.0205982 0.999788 0.0991889 1.39142 -0.225236
FixedParameters: 0 0 0

#Transform 36
Transform: AffineTransform_float_3_3
Parameters: 1 -0.000952783 0.000311691 0.000959225 0.999788 -0.0205977 -0.000292304 0.0205983 0.999788 0.0826737 1.38437 -0.213233
FixedParameters: 0 0 0

#Transform 37
Transform: AffineTransform_float_3_3
Parameters: 0.999999 -0.00092064 0.000311472 0.000927371 0.999778 -0.0210757 -0.000292519 0.0210763 0.999778 0.0835374 1.38391 -0.210461
FixedParameters: 0 0 0

#Transform 38
Transform: AffineTransform_float_3_3
Parameters: 1 -0.00040985 0.000300571 0.000415159 0.999784 -0.0207539 -0.000292447 0.0207541 0.999784 0.107156 1.39328 -0.189238
FixedParameters: 0 0 0

#Transform 39
Transform: AffineTransform_float_3_3
Parameters: 1 -0.000534857 0.000303105 0.00054114 0.999787 -0.0206418 -0.000291892 0.0206422 0.999787 0.106573 1.37753 -0.179961
FixedParameters: 0 0 0

#Transform 40
Transform: AffineTransform_float_3_3
Parameters: 1 -0.000279973 0.000518112 0.000291025 0.999771 -0.0214068 -0.000511887 0.0214061 0.99977 0.0859645 1.39388 -0.222563
FixedParameters: 0 0 0

#Transform 41
Transform: AffineTransform_float_3_3
Parameters: 1 -0.000192938 0.000606313 0.000205056 0.999767 -0.0216179 -0.000601708 0.0216171 0.999766 0.0913812 1.41574 -0.19821
FixedParameters: 0 0 0

#Transform 42
Transform: AffineTransform_float_3_3
Parameters: 1 -0.000450596 0.000301789 0.000457409 0.999768 -0.0215679 -0.000292203 0.0215681 0.999768 0.116609 1.45682 -0.160778
FixedParameters: 0 0 0

#Transform 43
Transform: AffineTransform_float_3_3
Parameters: 1 -9.05633e-05 0.000112997 9.34367e-05 0.999764 -0.021754 -0.000110994 0.021754 0.999764 0.130024 1.44541 -0.14366
FixedParameters: 0 0 0

#Transform 44
Transform: AffineTransform_float_3_3
Parameters: 1 -0.000143711 0.000295146 0.000149285 0.99977 -0.0214179 -0.000291869 0.021418 0.99977 0.115127 1.42051 -0.10898
FixedParameters: 0 0 0

#Transform 45
Transform: AffineTransform_float_3_3
Parameters: 0.999999 -0.000738524 0.00030801 0.000745474 0.999767 -0.0215808 -0.00029198 0.0215812 0.999767 0.097759 1.41456 -0.15274
FixedParameters: 0 0 0

#Transform 46
Transform: AffineTransform_float_3_3
Parameters: 0.999999 -0.000411836 0.000586468 0.000425176 0.999744 -0.0226258 -0.000577528 0.0226262 0.999744 0.086178 1.48075 -0.145879
FixedParameters: 0 0 0

#Transform 47
Transform: AffineTransform_float_3_3
Parameters: 0.999999 -0.000226159 0.000801251 0.000243858 0.999751 -0.0223368 -0.000796752 0.0223372 0.99975 0.0753549 1.4546 -0.181807
FixedParameters: 0 0 0

#Transform 48
Transform: AffineTransform_float_3_3
Parameters: 1 -0.000457274 0.000302424 0.000464738 0.999744 -0.0226259 -0.00029256 0.0226261 0.999744 0.120384 1.47252 -0.186095
FixedParameters: 0 0 0

#Transform 49
Transform: AffineTransform_float_3_3
Parameters: 1 -0.000229386 0.000297224 0.000235609 0.999748 -0.0224459 -0.000291785 0.0224461 0.999748 0.128913 1.45655 -0.197081
FixedParameters: 0 0 0

#Transform 50
Transform: AffineTransform_float_3_3
Parameters: 1 -6.23755e-05 0.000293486 6.86362e-05 0.999744 -0.022626 -0.000292522 0.022626 0.999744 0.117504 1.47225 -0.171946
FixedParameters: 0 0 0

#Transform 51
Transform: AffineTransform_float_3_3
Parameters: 1 -0.000387604 0.000420852 0.000397399 0.999746 -0.0225599 -0.00041214 0.0225602 0.999746 0.103793 1.46464 -0.168847
FixedParameters: 0 0 0

#Transform 52
Transform: AffineTransform_float_3_3
Parameters: 1 -0.000429438 0.000515848 0.000440565 0.999744 -0.0226258 -0.000506161 0.0226262 0.999744 0.0988742 1.46312 -0.16126
FixedParameters: 0 0 0

#Transform 53
Transform: AffineTransform_float_3_3
Parameters: 0.999999 -0.000738202 0.000308781 0.000744802 0.999743 -0.0226258 -0.000292223 0.0226262 0.999744 0.100448 1.4717 -0.148963
FixedParameters: 0 0 0

#Transform 54
Transform: AffineTransform_float_3_3
Parameters: 0.999999 -0.000737916 0.000309465 0.000745096 0.999723 -0.0235518 -0.000292532 0.0235522 0.999722 0.0976719 1.54184 -0.123104
FixedParameters: 0 0 0

#Transform 55
Transform: AffineTransform_float_3_3
Parameters: 1 -1.55897e-05 0.000292412 2.14234e-05 0.99976 -0.021935 -0.000292601 0.021935 0.99976 0.11881 1.43129 -0.12818
FixedParameters: 0 0 0

#Transform 56
Transform: AffineTransform_float_3_3
Parameters: 0.999999 -0.00067222 0.000305071 0.000677779 0.999813 -0.0193598 -0.000291933 0.0193602 0.999813 0.0895932 1.26578 -0.159907
FixedParameters: 0 0 0

#Transform 57
Transform: AffineTransform_float_3_3
Parameters: 1 -0.000340624 0.00057452 0.000352386 0.999765 -0.0216808 -0.000567493 0.0216812 0.999765 0.0890792 1.42371 -0.137161
FixedParameters: 0 0 0

#Transform 58
Transform: AffineTransform_float_3_3
Parameters: 1 -9.03299e-05 0.00065818 0.000105666 0.999751 -0.0223229 -0.000655804 0.0223231 0.99975 0.0897799 1.45198 -0.159641
FixedParameters: 0 0 0

#Transform 59
Transform: AffineTransform_float_3_3
Parameters: 1 -0.000139914 0.000640482 0.000155075 0.999721 -0.0236149 -0.000636515 0.0236151 0.999721 0.0897211 1.51904 -0.150533
FixedParameters: 0 0 0

#Transform 60
Transform: AffineTransform_float_3_3
Parameters: 1 -0.000241983 0.000297841 0.000249021 0.999717 -0.0237899 -0.000292158 0.0237901 0.999717 0.129446 1.55525 -0.10828
FixedParameters: 0 0 0

#Transform 61
Transform: AffineTransform_float_3_3
Parameters: 1 -3.5836e-05 0.000292965 4.31648e-05 0.9997 -0.02449 -0.00029203 0.02449 0.9997 0.118267 1.57278 -0.0978525
FixedParameters: 0 0 0

#Transform 62
Transform: AffineTransform_float_3_3
Parameters: 1 0.000195024 0.000287356 -0.00018796 0.999706 -0.0242441 -0.000292643 0.0242439 0.999706 0.139189 1.57523 -0.133414
FixedParameters: 0 0 0

#Transform 63
Transform: AffineTransform_float_3_3
Parameters: 1 -3.58307e-05 0.000292966 4.317e-05 0.999699 -0.024508 -0.00029203 0.024508 0.999699 0.133037 1.59328 -0.0978934
FixedParameters: 0 0 0

#Transform 64
Transform: AffineTransform_float_3_3
Parameters: 0.999999 -0.000529105 0.000675579 0.000546904 0.999681 -0.0252566 -0.000662398 0.0252574 0.999681 0.107402 1.62537 -0.0573044
FixedParameters: 0 0 0

#Transform 65
Transform: AffineTransform_float_3_3
Parameters: 0.999999 -0.000690667 0.000579771 0.000706338 0.999638 -0.0268756 -0.000561219 0.0268764 0.999638 0.102271 1.71172 -0.0492264
FixedParameters: 0 0 0

#Transform 66
Transform: AffineTransform_float_3_3
Parameters: 1 -0.000359078 0.000301688 0.00036693 0.999644 -0.0266819 -0.000292314 0.0266821 0.999644 0.124893 1.69052 -0.0776817
FixedParameters: 0 0 0

#Transform 67
Transform: AffineTransform_float_3_3
Parameters: 1 -0.000397037 0.000302737 0.000404969 0.999641 -0.0267709 -0.000292263 0.0267711 0.999641 0.132209 1.71164 -0.0746573
FixedParameters: 0 0 0

#Transform 68
Transform: AffineTransform_float_3_3
Parameters: 1 -0.000590679 0.000308485 0.000599335 0.999616 -0.0277088 -0.000292505 0.0277092 0.999616 0.132815 1.78662 -0.060364
FixedParameters: 0 0 0

#Transform 69
Transform: AffineTransform_float_3_3
Parameters: 1 -0.000128624 0.000295785 0.000136383 0.999594 -0.028495 -0.000292232 0.028495 0.999594 0.131634 1.83292 -0.0680201
FixedParameters: 0 0 0

#Transform 70
Transform: AffineTransform_float_3_3
Parameters: 1 -0.000143165 0.00038817 0.00015483 0.999607 -0.028059 -0.000383807 0.0280591 0.999606 0.133054 1.78636 -0.0683415
FixedParameters: 0 0 0

#Transform 71
Transform: AffineTransform_float_3_3
Parameters: 0.999999 -0.000697556 0.000311633 0.000706453 0.999608 -0.0279708 -0.000292354 0.0279712 0.999608 0.133127 1.78736 -0.0470061
FixedParameters: 0 0 0

#Transform 72
Transform: AffineTransform_float_3_3
Parameters: 1 -0.000549576 0.000379555 0.000560408 0.999607 -0.0280328 -0.000363433 0.0280322 0.999607 0.123472 1.79393 -0.0319808
FixedParameters: 0 0 0

#Transform 73
Transform: AffineTransform_float_3_3
Parameters: 1 -0.000479546 0.000305685 0.000487463 0.9996 -0.0282828 -0.00029233 0.0282831 0.9996 0.132554 1.79739 -0.0146527
FixedParameters: 0 0 0

#Transform 74
Transform: AffineTransform_float_3_3
Parameters: 0.999999 -0.000761973 0.000529315 0.000777046 0.99958 -0.0289936 -0.000507683 0.0289944 0.999579 0.110794 1.8366 -0.0177109
FixedParameters: 0 0 0

#Transform 75
Transform: AffineTransform_float_3_3
Parameters: 0.999999 -0.000636678 0.000745744 0.000657329 0.99958 -0.0289495 -0.000727275 0.0289495 0.99958 0.0904452 1.82601 -0.0371746
FixedParameters: 0 0 0

#Transform 76
Transform: AffineTransform_float_3_3
Parameters: 1 -0.000948255 0.000319259 0.000957738 0.99959 -0.0286087 -0.000291719 0.0286093 0.99959 0.110995 1.78867 -0.0649821
FixedParameters: 0 0 0

#Transform 77
Transform: AffineTransform_float_3_3
Parameters: 0.999999 -0.0011464 0.000598912 0.00116358 0.999593 -0.0284963 -0.000565071 0.0284977 0.999593 0.0881935 1.7852 -0.0511421
FixedParameters: 0 0 0

#Transform 78
Transform: AffineTransform_float_3_3
Parameters: 1 -0.000870664 0.000651261 0.000889329 0.999588 -0.0287054 -0.000625729 0.0287066 0.999587 0.0988451 1.80512 -0.0083887
FixedParameters: 0 0 0

#Transform 79
Transform: AffineTransform_float_3_3
Parameters: 0.999999 -0.00116184 0.000660045 0.00118016 0.999601 -0.0282152 -0.000626951 0.0282157 0.999601 0.0832771 1.76704 -0.0277614
FixedParameters: 0 0 0

#Transform 80
Transform: AffineTransform_float_3_3
Parameters: 1 -0.00113432 0.000324069 0.00114267 0.999603 -0.0281577 -0.00029194 0.0281584 0.999604 0.11084 1.74637 -0.0554859
FixedParameters: 0 0 0

#Transform 81
Transform: AffineTransform_float_3_3
Parameters: 0.999999 -0.00076203 0.00043659 0.000773981 0.999604 -0.0281057 -0.00041541 0.0281063 0.999605 0.103883 1.78764 -0.0490804
FixedParameters: 0 0 0

#Transform 82
Transform: AffineTransform_float_3_3
Parameters: 1 -0.000773351 0.000853054 0.000796649 0.999606 -0.0280814 -0.000830957 0.0280817 0.999606 0.0751813 1.75674 -0.0992284
FixedParameters: 0 0 0

#Transform 83
Transform: AffineTransform_float_3_3
Parameters: 1 -0.000540496 0.000380381 0.000551493 0.999602 -0.0281788 -0.000364604 0.0281792 0.999603 0.114037 1.79434 -0.0752158
FixedParameters: 0 0 0

#Transform 84
Transform: AffineTransform_float_3_3
Parameters: 1 -0.000421057 0.00105459 0.000448955 0.999645 -0.0266385 -0.00104341 0.0266384 0.999644 0.0706086 1.68399 -0.0845143
FixedParameters: 0 0 0

#Transform 85
Transform: AffineTransform_float_3_3
Parameters: 0.999999 -0.000681655 0.000769512 0.000701357 0.999642 -0.0267545 -0.000751503 0.0267555 0.999641 0.0814523 1.67854 -0.0783982
FixedParameters: 0 0 0

#Transform 86
Transform: AffineTransform_float_3_3
Parameters: 1 -0.000660906 0.000761906 0.000681097 0.999643 -0.0266825 -0.000744092 0.0266825 0.999643 0.0827175 1.67523 -0.0567748
FixedParameters: 0 0 0

#Transform 87
Transform: AffineTransform_float_3_3
Parameters: 1 -0.000693382 0.000841168 0.000715615 0.99963 -0.0271944 -0.000821843 0.0271946 0.99963 0.0884243 1.73446 -0.0466801
FixedParameters: 0 0 0

#Transform 88
Transform: AffineTransform_float_3_3
Parameters: 1 -0.000421691 0.000413847 0.000433285 0.999615 -0.0277178 -0.000401144 0.0277182 0.999615 0.114829 1.77286 -0.0878651
FixedParameters: 0 0 0

#Transform 89
Transform: AffineTransform_float_3_3
Parameters: 1 -0.000506634 0.000489231 0.000520359 0.999615 -0.0277177 -0.000474759 0.0277182 0.999615 0.107013 1.76906 -0.0970554
FixedParameters: 0 0 0

#Transform 90
Transform: AffineTransform_float_3_3
Parameters: 1 -0.000543449 0.000917259 0.000569543 0.999573 -0.0291975 -0.000900755 0.0291985 0.999573 0.0860113 1.85164 -0.0805885
FixedParameters: 0 0 0

#Transform 91
Transform: AffineTransform_float_3_3
Parameters: 1 3.32403e-05 0.000388201 -2.17656e-05 0.999582 -0.028919 -0.000388792 0.028919 0.999581 0.134326 1.81734 -0.110856
FixedParameters: 0 0 0

#Transform 92
Transform: AffineTransform_float_3_3
Parameters: 1 -0.000472537 0.000305505 0.000480477 0.999599 -0.0283208 -0.00029251 0.0283211 0.999599 0.13102 1.81158 -0.0420045
FixedParameters: 0 0 0

#Transform 93
Transform: AffineTransform_float_3_3
Parameters: 0.999999 -0.00108498 0.000820177 0.00110501 0.999691 -0.0248151 -0.000792823 0.0248159 0.999691 0.0666678 1.56002 -0.176029
FixedParameters: 0 0 0

#Transform 94
Transform: AffineTransform_float_3_3
Parameters: 0.999999 -0.000783612 0.000527455 0.000797375 0.999665 -0.0258776 -0.000506535 0.0258784 0.999665 0.113588 1.67543 -0.0908117
FixedParameters: 0 0 0

#Transform 95
Transform: AffineTransform_float_3_3
Parameters: 1 -0.000599843 0.000308408 0.000608172 0.999631 -0.0271638 -0.000292587 0.0271642 0.999631 0.130211 1.72716 -0.102348
FixedParameters: 0 0 0

#Transform 96
Transform: AffineTransform_float_3_3
Parameters: 1 -7.37706e-05 0.000294187 8.12244e-05 0.999606 -0.028072 -0.000291835 0.028072 0.999606 0.13326 1.79508 -0.0661765
FixedParameters: 0 0 0

#Transform 97
Transform: AffineTransform_float_3_3
Parameters: 1 -0.00046384 0.000472294 0.000477151 0.9996 -0.0282558 -0.0004587 0.0282562 0.9996 0.109452 1.80372 -0.0431881
FixedParameters: 0 0 0

#Transform 98
Transform: AffineTransform_float_3_3
Parameters: 1 2.84878e-05 0.000291294 -2.05205e-05 0.999576 -0.029097 -0.00029172 0.029097 0.999576 0.136301 1.8442 -0.0547806
FixedParameters: 0 0 0

#Transform 99
Transform: AffineTransform_float_3_3
Parameters: 1 -0.000281479 0.000300222 0.000290514 0.999586 -0.0287699 -0.000291763 0.0287701 0.999586 0.127064 1.77166 -0.087298
FixedParameters: 0 0 0

#Transform 100
Transform: AffineTransform_float_3_3
Parameters: 1 -0.000572313 0.000308678 0.000581695 0.999581 -0.0289168 -0.000292301 0.0289172 0.999582 0.133397 1.82928 -0.0512262
FixedParameters: 0 0 0

#Transform 101
Transform: AffineTransform_float_3_3
Parameters: 1 -0.000203263 0.000298148 0.000211733 0.999561 -0.0296039 -0.00029186 0.029604 0.999561 0.133785 1.85094 -0.0624512
FixedParameters: 0 0 0

#Transform 102
Transform: AffineTransform_float_3_3
Parameters: 1 4.3725e-05 0.000290821 -3.42699e-05 0.999552 -0.029934 -0.000292157 0.029934 0.999552 0.158209 1.93261 -0.0202084
FixedParameters: 0 0 0

#Transform 103
Transform: AffineTransform_float_3_3
Parameters: 1 0.000116639 0.000288658 -0.000108351 0.999558 -0.0297491 -0.000292353 0.029749 0.999558 0.157551 1.89449 -0.047492
FixedParameters: 0 0 0

#Transform 104
Transform: AffineTransform_float_3_3
Parameters: 1 -0.000164182 0.000457201 0.000177812 0.999538 -0.0303899 -0.000451805 0.0303891 0.999538 0.141093 1.90069 -0.0786554
FixedParameters: 0 0 0

#Transform 105
Transform: AffineTransform_float_3_3
Parameters: 1 -0.000279993 0.000300648 0.000289018 0.999538 -0.0303889 -0.000292352 0.0303891 0.999538 0.142185 1.93917 -0.0586031
FixedParameters: 0 0 0

#Transform 106
Transform: AffineTransform_float_3_3
Parameters: 1 -0.000110326 0.000539679 0.000126684 0.99952 -0.030995 -0.000536331 0.0309951 0.99952 0.129006 1.9719 -0.0209718
FixedParameters: 0 0 0

#Transform 107
Transform: AffineTransform_float_3_3
Parameters: 1 -0.000287772 0.000301098 0.000297224 0.999516 -0.0311089 -0.000291895 0.0311091 0.999516 0.144001 1.94091 -0.0569485
FixedParameters: 0 0 0

#Transform 108
Transform: AffineTransform_float_3_3
Parameters: 1 -0.000474954 0.000420224 0.000488039 0.9995 -0.0316108 -0.000404775 0.0316112 0.9995 0.141415 1.97643 -0.0858442
FixedParameters: 0 0 0

#Transform 109
Transform: AffineTransform_float_3_3
Parameters: 1 0.000114763 0.000484535 -9.92217e-05 0.999474 -0.032408 -0.000488472 0.0324079 0.999474 0.159971 2.03957 0.0092711
FixedParameters: 0 0 0

#Transform 110
Transform: AffineTransform_float_3_3
Parameters: 1 -0.000209573 0.000298838 0.000218433 0.999491 -0.0319039 -0.00029218 0.0319041 0.999491 0.164404 2.02529 -0.0354895
FixedParameters: 0 0 0

#Transform 111
Transform: AffineTransform_float_3_3
Parameters: 1 -5.64642e-05 -7.31628e-05 5.35082e-05 0.999447 -0.033254 7.58213e-05 0.033254 0.999447 0.178012 2.12401 -0.0250742
FixedParameters: 0 0 0

#Transform 112
Transform: AffineTransform_float_3_3
Parameters: 1 -0.000151698 0.000130187 0.00015533 0.999431 -0.033707 -0.000125836 0.033707 0.999431 0.150323 2.1203 -0.0578296
FixedParameters: 0 0 0

#Transform 113
Transform: AffineTransform_float_3_3
Parameters: 0.999999 -0.000802481 0.000319774 0.000813525 0.999408 -0.0343747 -0.000292208 0.0343752 0.999409 0.122688 2.18276 -0.128834
FixedParameters: 0 0 0

#Transform 114
Transform: AffineTransform_float_3_3
Parameters: 0.999999 -0.00070275 0.0001345 0.000707266 0.999396 -0.0347479 -0.000110491 0.0347481 0.999396 0.144839 2.21639 -0.075522
FixedParameters: 0 0 0

#Transform 115
Transform: AffineTransform_float_3_3
Parameters: 0.999999 -0.00083316 0.000321626 0.000843852 0.999376 -0.0353177 -0.000292379 0.0353183 0.999376 0.140158 2.27192 -0.101659
FixedParameters: 0 0 0

#Transform 116
Transform: AffineTransform_float_3_3
Parameters: 0.999999 -0.000800894 0.000321211 0.000812098 0.999344 -0.0362098 -0.000291785 0.0362102 0.999344 0.128407 2.32332 -0.0489549
FixedParameters: 0 0 0

#Transform 117
Transform: AffineTransform_float_3_3
Parameters: 0.999999 -0.000747442 0.000390154 0.000760552 0.999352 -0.0359917 -0.000362862 0.0359913 0.999352 0.137804 2.29761 -0.0758002
FixedParameters: 0 0 0

#Transform 118
Transform: AffineTransform_float_3_3
Parameters: 0.999999 -0.000953728 0.000388339 0.000967259 0.999361 -0.0357447 -0.000353651 0.0357454 0.999361 0.144694 2.25753 -0.0844025
FixedParameters: 0 0 0

#Transform 119
Transform: AffineTransform_float_3_3
Parameters: 0.999999 -0.000862822 0.000323541 0.000874195 0.999341 -0.0363087 -0.000292452 0.0363083 0.99934 0.151888 2.24405 -0.136412
FixedParameters: 0 0 0

#Transform 120
Transform: AffineTransform_float_3_3
Parameters: 1 -0.000972503 -0.00026851 0.000962515 0.999326 -0.0366793 0.000303509 0.0366797 0.999327 0.181786 2.30225 -0.0735263
FixedParameters: 0 0 0

#Transform 121
Transform: AffineTransform_float_3_3
Parameters: 1 -0.0010664 -0.000318053 0.0010546 0.999325 -0.0367233 0.000356969 0.0367226 0.999325 0.18066 2.29826 -0.0801941
FixedParameters: 0 0 0

#Transform 122
Transform: AffineTransform_float_3_3
Parameters: 1 -0.00111762 -0.000315277 0.00110535 0.999295 -0.0375314 0.000357737 0.0375306 0.999296 0.187256 2.33504 -0.116064
FixedParameters: 0 0 0

#Transform 123
Transform: AffineTransform_float_3_3
Parameters: 0.999999 -0.000811868 -0.000326681 0.00079912 0.999292 -0.0376293 0.000357324 0.0376297 0.999291 0.198104 2.37503 -0.130588
FixedParameters: 0 0 0

#Transform 124
Transform: AffineTransform_float_3_3
Parameters: 0.999999 -0.000870437 -0.000254721 0.000859552 0.99926 -0.0384482 0.000288261 0.0384478 0.99926 0.181401 2.41406 -0.0798033
FixedParameters: 0 0 0

#Transform 125
Transform: AffineTransform_float_3_3
Parameters: 0.999999 -0.000624243 -0.000438421 0.000606772 0.999266 -0.0382872 0.00046157 0.0382877 0.999266 0.204259 2.39124 -0.108588
FixedParameters: 0 0 0

#Transform 126
Transform: AffineTransform_float_3_3
Parameters: 1 -0.000332744 -0.000399392 0.000317271 0.999247 -0.0387941 0.000411618 0.0387939 0.999247 0.213555 2.42902 -0.0968907
FixedParameters: 0 0 0

#Transform 127
Transform: AffineTransform_float_3_3
Parameters: 1 -0.000113724 -6.76159e-05 0.000111261 0.999239 -0.039003 7.23946e-05 0.039003 0.999239 0.194563 2.44341 -0.0548719
FixedParameters: 0 0 0

#Transform 128
Transform: AffineTransform_float_3_3
Parameters: 1 -0.000371681 0.000246654 0.000381332 0.999242 -0.0389229 -0.000232333 0.0389231 0.999242 0.17359 2.42614 -0.106638
FixedParameters: 0 0 0

#Transform 129
Transform: AffineTransform_float_3_3
Parameters: 1 -0.000185069 0.000208326 0.000192919 0.99925 -0.038739 -0.000200677 0.0387391 0.99925 0.182477 2.42457 -0.0771963
FixedParameters: 0 0 0

#Transform 130
Transform: AffineTransform_float_3_3
Parameters: 1 -0.000232503 -0.000187038 0.000224498 0.999233 -0.039164 0.000195943 0.0391639 0.999233 0.204693 2.45063 -0.0849778
FixedParameters: 0 0 0

#Transform 131
Transform: AffineTransform_float_3_3
Parameters: 0.999999 -0.000762544 -0.000327071 0.000748458 0.999216 -0.0395853 0.000356907 0.0395847 0.999216 0.20554 2.47199 -0.0550753
FixedParameters: 0 0 0

#Transform 132
Transform: AffineTransform_float_3_3
Parameters: 0.999999 -0.000877313 -0.00027187 0.000866681 0.999234 -0.0391403 0.000306157 0.0391407 0.999233 0.192472 2.44986 -0.145985
FixedParameters: 0 0 0

#Transform 133
Transform: AffineTransform_float_3_3
Parameters: 1 -0.000302765 -0.000240179 0.000293241 0.999213 -0.0396671 0.00025183 0.0396669 0.999213 0.203016 2.47359 -0.12581
FixedParameters: 0 0 0

#Transform 134
Transform: AffineTransform_float_3_3
Parameters: 1 -0.000538802 -0.000335808 0.000525191 0.999207 -0.0398262 0.0003572 0.0398268 0.999206 0.208059 2.49446 -0.122552
FixedParameters: 0 0 0

#Transform 135
Transform: AffineTransform_float_3_3
Parameters: 1 -0.000378426 -0.000152977 0.000371573 0.999198 -0.040023 0.000168006 0.0400229 0.999198 0.201951 2.52011 -0.104022
FixedParameters: 0 0 0

#Transform 136
Transform: AffineTransform_float_3_3
Parameters: 1 -5.80465e-05 -0.000354987 4.39529e-05 0.999222 -0.039442 0.000357011 0.039442 0.999222 0.211169 2.43639 -0.135386
FixedParameters: 0 0 0

#Transform 137
Transform: AffineTransform_float_3_3
Parameters: 1 -0.000371083 -0.000342338 0.00035689 0.999189 -0.0402591 0.000357658 0.0402589 0.999189 0.21943 2.51528 -0.0263299
FixedParameters: 0 0 0

#Transform 138
Transform: AffineTransform_float_3_3
Parameters: 1 2.14514e-05 -0.000439209 -3.85406e-05 0.9992 -0.039994 0.000437809 0.039994 0.9992 0.241273 2.49958 -0.0967806
FixedParameters: 0 0 0

#Transform 139
Transform: AffineTransform_float_3_3
Parameters: 1 -0.00047574 -0.000284212 0.000463269 0.999201 -0.0399691 0.000302758 0.0399688 0.999201 0.218426 2.4989 -0.0971173
FixedParameters: 0 0 0

#Transform 140
Transform: AffineTransform_float_3_3
Parameters: 1 -0.000314342 -0.000326667 0.000301644 0.999197 -0.0400691 0.000339359 0.0400699 0.999197 0.220882 2.53008 -0.129551
FixedParameters: 0 0 0

#Transform 141
Transform: AffineTransform_float_3_3
Parameters: 1 -4.71855e-06 -0.000339086 -8.71528e-06 0.999181 -0.040446 0.000338925 0.040446 0.999181 0.228188 2.52619 -0.100279
FixedParameters: 0 0 0

#Transform 142
Transform: AffineTransform_float_3_3
Parameters: 1 -7.45745e-05 -0.000336275 6.14362e-05 0.999192 -0.040188 0.000338743 0.040188 0.999192 0.227939 2.52303 -0.0818
FixedParameters: 0 0 0

#Transform 143
Transform: AffineTransform_float_3_3
Parameters: 1 3.91868e-05 5.3464e-05 -3.68321e-05 0.999188 -0.040306 -5.45289e-05 0.040306 0.999188 0.200111 2.52381 -0.0880943
FixedParameters: 0 0 0

#Transform 144
Transform: AffineTransform_float_3_3
Parameters: 1 0.000368059 -0.000354086 -0.000381937 0.999191 -0.0402109 0.000338916 0.0402111 0.999191 0.243143 2.52708 -0.111814
FixedParameters: 0 0 0

#Transform 145
Transform: AffineTransform_float_3_3
Parameters: 1 0.000455955 -0.000357668 -0.000470059 0.999188 -0.0403049 0.00033933 0.0403052 0.999188 0.245402 2.53376 -0.0994158
FixedParameters: 0 0 0

#Transform 146
Transform: AffineTransform_float_3_3
Parameters: 1 0.00041543 -9.68453e-05 -0.000419576 0.999185 -0.040359 8.01316e-05 0.0403591 0.999185 0.228911 2.53657 -0.0720981
FixedParameters: 0 0 0

#Transform 147
Transform: AffineTransform_float_3_3
Parameters: 1 0.000369266 -0.00035391 -0.000383736 0.999214 -0.0396248 0.000339061 0.0396241 0.999214 0.242581 2.47398 -0.0982203
FixedParameters: 0 0 0

#Transform 148
Transform: AffineTransform_float_3_3
Parameters: 1 -4.20623e-05 -0.000405655 2.59241e-05 0.999219 -0.039515 0.000407342 0.039515 0.999219 0.235183 2.4737 -0.0893097
FixedParameters: 0 0 0

#Transform 149
Transform: AffineTransform_float_3_3
Parameters: 1 4.33066e-05 -0.000219892 -5.26971e-05 0.999212 -0.03969 0.00021808 0.03969 0.999212 0.239438 2.49283 -0.0872738
FixedParameters: 0 0 0

#Transform 150
Transform: AffineTransform_float_3_3
Parameters: 1 4.05745e-05 -0.000340868 -5.44304e-05 0.999221 -0.039479 0.000339116 0.039479 0.999221 0.243359 2.47329 -0.0631631
FixedParameters: 0 0 0

#Transform 151
Transform: AffineTransform_float_3_3
Parameters: 1 0.0002575 -0.000349364 -0.000270486 0.999231 -0.0392069 0.000338655 0.0392071 0.999231 0.239093 2.45053 -0.0611639
FixedParameters: 0 0 0

#Transform 152
Transform: AffineTransform_float_3_3
Parameters: 1 1.9804e-05 -0.000283007 -3.11956e-05 0.999215 -0.039616 0.000281985 0.039616 0.999215 0.227706 2.47884 -0.0294497
FixedParameters: 0 0 0

#Transform 153
Transform: AffineTransform_float_3_3
Parameters: 1 0.000160242 -0.000251491 -0.000169778 0.999227 -0.0392929 0.000245518 0.039293 0.999227 0.242749 2.43969 -0.126658
FixedParameters: 0 0 0

#Transform 154
Transform: AffineTransform_float_3_3
Parameters: 1 0.000460161 -0.000357559 -0.000474815 0.999211 -0.0397178 0.000338408 0.0397182 0.999211 0.245391 2.46963 -0.147094
FixedParameters: 0 0 0

#Transform 155
Transform: AffineTransform_float_3_3
Parameters: 1 0.000436266 -0.000356501 -0.000449714 0.999221 -0.0394779 0.00033851 0.0394782 0.999221 0.254557 2.45767 -0.131629
FixedParameters: 0 0 0

#Transform 156
Transform: AffineTransform_float_3_3
Parameters: 0.999999 0.000711538 -0.00036839 -0.000725447 0.999164 -0.0408728 0.000338632 0.0408723 0.999165 0.265259 2.5558 -0.0474732
FixedParameters: 0 0 0

#Transform 157
Transform: AffineTransform_float_3_3
Parameters: 1 0.000449744 -0.00011345 -0.000454278 0.999166 -0.0408129 9.55391e-05 0.040813 0.999167 0.253902 2.55074 -0.0484215
FixedParameters: 0 0 0

#Transform 158
Transform: AffineTransform_float_3_3
Parameters: 1 8.16788e-05 0.000133692 -7.53509e-05 0.99912 -0.041939 -0.00013628 0.041939 0.99912 0.233752 2.61815 -0.0410784
FixedParameters: 0 0 0

#Transform 159
Transform: AffineTransform_float_3_3
Parameters: 1 -0.00031274 0.00018023 0.000319251 0.999126 -0.0417989 -0.000166801 0.0417991 0.999126 0.213777 2.59896 -0.0319866
FixedParameters: 0 0 0
