# transform file /out/sourcedata/freesurfer/sub-v2s1x29872_ses-1/mri/transforms/cc_up.lta
# created by oesteban on Wed Mar 11 21:00:06 2026

type      = 0 # LINEAR_VOX_TO_VOX
nxforms   = 1
mean      = 129.0000 133.0000 121.0000
sigma     = 10000.0000
1 4 4
9.998072981834412e-01 -6.459002848714590e-03 -1.853685453534126e-02 3.661931753158569e+00 
6.457893177866936e-03 9.999791383743286e-01 -1.197321107611060e-04 8.187941551208496e+00 
1.853724010288715e-02 1.455191522836685e-11 9.998281598091125e-01 -3.597794473171234e-01 
0.000000000000000e+00 0.000000000000000e+00 0.000000000000000e+00 1.000000000000000e+00 
src volume info
valid = 1  # volume info valid
filename = /out/sourcedata/freesurfer/sub-v2s1x29872_ses-1/mri/norm.mgz
volume = 256 256 256
voxelsize = 8.999999761581421e-01 8.999999761581421e-01 8.999999761581421e-01
xras   = -9.999999403953552e-01 0.000000000000000e+00 0.000000000000000e+00
yras   = 0.000000000000000e+00 0.000000000000000e+00 -1.000000000000000e+00
zras   = 0.000000000000000e+00 1.000000000000000e+00 0.000000000000000e+00
cras   = 1.080314636230469e+00 3.339796447753906e+01 5.977987670898438e+01
dst volume info
valid = 1  # volume info valid
filename = /out/sourcedata/freesurfer/sub-v2s1x29872_ses-1/mri/norm.mgz
volume = 256 256 256
voxelsize = 8.999999761581421e-01 8.999999761581421e-01 8.999999761581421e-01
xras   = -9.999999403953552e-01 0.000000000000000e+00 0.000000000000000e+00
yras   = 0.000000000000000e+00 0.000000000000000e+00 -1.000000000000000e+00
zras   = 0.000000000000000e+00 1.000000000000000e+00 0.000000000000000e+00
cras   = 1.080314636230469e+00 3.339796447753906e+01 5.977987670898438e+01
