# transform file /out/sourcedata/freesurfer/sub-v2s1x29889_ses-1/mri/transforms/cc_up.lta
# created by oesteban on Wed Mar 11 22:14:41 2026

type      = 0 # LINEAR_VOX_TO_VOX
nxforms   = 1
mean      = 123.0000 126.0000 117.0000
sigma     = 10000.0000
1 4 4
9.950635433197021e-01 9.451553970575333e-02 3.025893680751324e-02 -1.071378421783447e+01 
-9.447187185287476e-02 9.955234527587891e-01 -2.872799523174763e-03 2.775637054443359e+01 
-3.039500303566456e-02 0.000000000000000e+00 9.995381236076355e-01 1.188596725463867e+01 
0.000000000000000e+00 0.000000000000000e+00 0.000000000000000e+00 1.000000000000000e+00 
src volume info
valid = 1  # volume info valid
filename = /out/sourcedata/freesurfer/sub-v2s1x29889_ses-1/mri/norm.mgz
volume = 256 256 256
voxelsize = 8.999999165534973e-01 8.999999165534973e-01 8.999999165534973e-01
xras   = -9.999999403953552e-01 0.000000000000000e+00 0.000000000000000e+00
yras   = 0.000000000000000e+00 0.000000000000000e+00 -9.999999403953552e-01
zras   = 0.000000000000000e+00 9.999999403953552e-01 0.000000000000000e+00
cras   = 1.658706665039062e+00 3.205627441406250e+01 5.685891342163086e+01
dst volume info
valid = 1  # volume info valid
filename = /out/sourcedata/freesurfer/sub-v2s1x29889_ses-1/mri/norm.mgz
volume = 256 256 256
voxelsize = 8.999999165534973e-01 8.999999165534973e-01 8.999999165534973e-01
xras   = -9.999999403953552e-01 0.000000000000000e+00 0.000000000000000e+00
yras   = 0.000000000000000e+00 0.000000000000000e+00 -9.999999403953552e-01
zras   = 0.000000000000000e+00 9.999999403953552e-01 0.000000000000000e+00
cras   = 1.658706665039062e+00 3.205627441406250e+01 5.685891342163086e+01
