# transform file /out/sourcedata/freesurfer/sub-v2s1x29869_ses-1/mri/transforms/cc_up.lta
# created by oesteban on Wed Mar 11 20:19:53 2026

type      = 0 # LINEAR_VOX_TO_VOX
nxforms   = 1
mean      = 130.0000 116.0000 130.0000
sigma     = 10000.0000
1 4 4
9.959526658058167e-01 -2.928724512457848e-03 8.983247727155685e-02 -1.198148155212402e+01 
2.916883211582899e-03 9.999958276748657e-01 2.630956878419966e-04 2.558959388732910e+01 
-8.983285725116730e-02 2.910383392618066e-11 9.959568977355957e-01 6.109003067016602e+00 
0.000000000000000e+00 0.000000000000000e+00 0.000000000000000e+00 1.000000000000000e+00 
src volume info
valid = 1  # volume info valid
filename = /out/sourcedata/freesurfer/sub-v2s1x29869_ses-1/mri/norm.mgz
volume = 256 256 256
voxelsize = 8.999999165534973e-01 8.999999165534973e-01 8.999999165534973e-01
xras   = -1.000000119209290e+00 0.000000000000000e+00 0.000000000000000e+00
yras   = 0.000000000000000e+00 0.000000000000000e+00 -1.000000000000000e+00
zras   = 0.000000000000000e+00 1.000000119209290e+00 0.000000000000000e+00
cras   = -1.575798034667969e+00 1.878337860107422e+01 9.266380310058594e+00
dst volume info
valid = 1  # volume info valid
filename = /out/sourcedata/freesurfer/sub-v2s1x29869_ses-1/mri/norm.mgz
volume = 256 256 256
voxelsize = 8.999999165534973e-01 8.999999165534973e-01 8.999999165534973e-01
xras   = -1.000000119209290e+00 0.000000000000000e+00 0.000000000000000e+00
yras   = 0.000000000000000e+00 0.000000000000000e+00 -1.000000000000000e+00
zras   = 0.000000000000000e+00 1.000000119209290e+00 0.000000000000000e+00
cras   = -1.575798034667969e+00 1.878337860107422e+01 9.266380310058594e+00
