# transform file /out/sourcedata/freesurfer/sub-v2s1x29870_ses-1/mri/transforms/cc_up.lta
# created by oesteban on Wed Mar 11 20:25:51 2026

type      = 0 # LINEAR_VOX_TO_VOX
nxforms   = 1
mean      = 132.0000 135.0000 128.0000
sigma     = 10000.0000
1 4 4
9.898423552513123e-01 -3.228992596268654e-02 1.384536325931549e-01 -1.703936195373535e+01 
3.197861462831497e-02 9.994785189628601e-01 4.472990054637194e-03 6.253201484680176e+00 
-1.385258734226227e-01 4.656612873077393e-10 9.903587698936462e-01 2.361944198608398e+01 
0.000000000000000e+00 0.000000000000000e+00 0.000000000000000e+00 1.000000000000000e+00 
src volume info
valid = 1  # volume info valid
filename = /out/sourcedata/freesurfer/sub-v2s1x29870_ses-1/mri/norm.mgz
volume = 256 256 256
voxelsize = 8.999997973442078e-01 8.999997973442078e-01 8.999997973442078e-01
xras   = -9.999999403953552e-01 0.000000000000000e+00 0.000000000000000e+00
yras   = 0.000000000000000e+00 0.000000000000000e+00 -9.999999403953552e-01
zras   = 0.000000000000000e+00 1.000000000000000e+00 0.000000000000000e+00
cras   = 3.470268249511719e+00 1.546260833740234e+01 7.859199523925781e+00
dst volume info
valid = 1  # volume info valid
filename = /out/sourcedata/freesurfer/sub-v2s1x29870_ses-1/mri/norm.mgz
volume = 256 256 256
voxelsize = 8.999997973442078e-01 8.999997973442078e-01 8.999997973442078e-01
xras   = -9.999999403953552e-01 0.000000000000000e+00 0.000000000000000e+00
yras   = 0.000000000000000e+00 0.000000000000000e+00 -9.999999403953552e-01
zras   = 0.000000000000000e+00 1.000000000000000e+00 0.000000000000000e+00
cras   = 3.470268249511719e+00 1.546260833740234e+01 7.859199523925781e+00
