# transform file transforms/talairach.lta
# created by oesteban on Wed Mar 11 19:01:10 2026

type      = 0 # LINEAR_VOX_TO_VOX
nxforms   = 1
mean      = 133.0000 136.0000 128.0000
sigma     = 10000.0000
1 4 4
9.208469986915588e-01 5.771811585873365e-03 1.492326408624649e-01 -1.523755741119385e+01 
-3.135132417082787e-02 1.031659483909607e+00 2.197508662939072e-01 -4.044147491455078e+01 
-1.458184123039246e-01 -1.938835233449936e-01 9.138565659523010e-01 3.951494216918945e+01 
0.000000000000000e+00 0.000000000000000e+00 0.000000000000000e+00 1.000000000000000e+00 
src volume info
valid = 1  # volume info valid
filename = nu.mgz
volume = 256 256 256
voxelsize = 8.999997973442078e-01 8.999997973442078e-01 8.999997973442078e-01
xras   = -9.999999403953552e-01 0.000000000000000e+00 0.000000000000000e+00
yras   = 0.000000000000000e+00 0.000000000000000e+00 -9.999999403953552e-01
zras   = 0.000000000000000e+00 1.000000000000000e+00 0.000000000000000e+00
cras   = 3.470268249511719e+00 1.546260833740234e+01 7.859199523925781e+00
dst volume info
valid = 1  # volume info valid
filename = /opt/freesurfer/average/RB_all_2020-01-02.gca
volume = 256 256 256
voxelsize = 1.000000000000000e+00 1.000000000000000e+00 1.000000000000000e+00
xras   = -1.000000000000000e+00 0.000000000000000e+00 0.000000000000000e+00
yras   = 0.000000000000000e+00 0.000000000000000e+00 -1.000000000000000e+00
zras   = 0.000000000000000e+00 1.000000000000000e+00 0.000000000000000e+00
cras   = 0.000000000000000e+00 0.000000000000000e+00 0.000000000000000e+00
