# transform file /out/sourcedata/freesurfer/sub-v2s1x29901_ses-1/mri/transforms/cc_up.lta
# created by oesteban on Thu Mar 12 21:39:13 2026

type      = 0 # LINEAR_VOX_TO_VOX
nxforms   = 1
mean      = 130.0000 127.0000 122.0000
sigma     = 10000.0000
1 4 4
9.910694956779480e-01 1.199976950883865e-01 5.815191939473152e-02 -2.387482833862305e+01 
-1.197916567325592e-01 9.927741289138794e-01 -7.028886117041111e-03 3.567752456665039e+01 
-5.857517570257187e-02 0.000000000000000e+00 9.982829689979553e-01 1.504710197448730e+01 
0.000000000000000e+00 0.000000000000000e+00 0.000000000000000e+00 1.000000000000000e+00 
src volume info
valid = 1  # volume info valid
filename = /out/sourcedata/freesurfer/sub-v2s1x29901_ses-1/mri/norm.mgz
volume = 256 256 256
voxelsize = 8.999998569488525e-01 8.999998569488525e-01 8.999998569488525e-01
xras   = -9.999999403953552e-01 0.000000000000000e+00 0.000000000000000e+00
yras   = 0.000000000000000e+00 0.000000000000000e+00 -9.999999403953552e-01
zras   = 0.000000000000000e+00 1.000000000000000e+00 0.000000000000000e+00
cras   = 8.665885925292969e+00 3.671195220947266e+01 7.475354766845703e+01
dst volume info
valid = 1  # volume info valid
filename = /out/sourcedata/freesurfer/sub-v2s1x29901_ses-1/mri/norm.mgz
volume = 256 256 256
voxelsize = 8.999998569488525e-01 8.999998569488525e-01 8.999998569488525e-01
xras   = -9.999999403953552e-01 0.000000000000000e+00 0.000000000000000e+00
yras   = 0.000000000000000e+00 0.000000000000000e+00 -9.999999403953552e-01
zras   = 0.000000000000000e+00 1.000000000000000e+00 0.000000000000000e+00
cras   = 8.665885925292969e+00 3.671195220947266e+01 7.475354766845703e+01
