type      = 1 # LINEAR_RAS_TO_RAS
nxforms   = 1
mean      = 0.0000 0.0000 0.0000
sigma     = 1.0000
1 4 4
1.036067008972168e+00 -5.155700072646141e-02 1.143250018358231e-01 -1.249443054199219e+01 
5.591800063848495e-02 1.007650017738342e+00 -9.915100038051605e-02 -4.059857940673828e+01 
-1.336179971694946e-01 1.027569994330406e-01 1.108862042427063e+00 -7.639712524414062e+01 
0.000000000000000e+00 0.000000000000000e+00 0.000000000000000e+00 1.000000000000000e+00 
src volume info
valid = 1  # volume info valid
filename = /out/sourcedata/freesurfer/sub-v2s1x29901_ses-1/mri/orig_nu.mgz
volume = 256 256 256
voxelsize = 8.999998569488525e-01 8.999998569488525e-01 8.999998569488525e-01
xras   = -9.999999403953552e-01 0.000000000000000e+00 0.000000000000000e+00
yras   = 0.000000000000000e+00 0.000000000000000e+00 -9.999999403953552e-01
zras   = 0.000000000000000e+00 1.000000000000000e+00 0.000000000000000e+00
cras   = 8.665885925292969e+00 3.671195220947266e+01 7.475354766845703e+01
dst volume info
valid = 1  # volume info valid
filename = /opt/freesurfer/average/mni305.cor.mgz
volume = 256 256 256
voxelsize = 1.000000000000000e+00 1.000000000000000e+00 1.000000000000000e+00
xras   = -1.000000000000000e+00 0.000000000000000e+00 0.000000000000000e+00
yras   = 0.000000000000000e+00 0.000000000000000e+00 -1.000000000000000e+00
zras   = 0.000000000000000e+00 1.000000000000000e+00 0.000000000000000e+00
cras   = 0.000000000000000e+00 0.000000000000000e+00 0.000000000000000e+00
subject fsaverage
fscale 0.100000
