# transform file /out/sourcedata/freesurfer/sub-v2s1x29903_ses-1/mri/transforms/cc_up.lta
# created by oesteban on Thu Mar 12 21:40:20 2026

type      = 0 # LINEAR_VOX_TO_VOX
nxforms   = 1
mean      = 130.0000 120.0000 120.0000
sigma     = 10000.0000
1 4 4
9.905093312263489e-01 1.373954266309738e-01 -3.709034528583288e-03 -2.055354309082031e+01 
-1.373944729566574e-01 9.905162453651428e-01 5.144836031831801e-04 4.549069976806641e+01 
3.744546789675951e-03 5.820766091346741e-11 9.999930262565613e-01 6.494311332702637e+00 
0.000000000000000e+00 0.000000000000000e+00 0.000000000000000e+00 1.000000000000000e+00 
src volume info
valid = 1  # volume info valid
filename = /out/sourcedata/freesurfer/sub-v2s1x29903_ses-1/mri/norm.mgz
volume = 256 256 256
voxelsize = 8.999998569488525e-01 8.999998569488525e-01 8.999998569488525e-01
xras   = -9.999999403953552e-01 0.000000000000000e+00 0.000000000000000e+00
yras   = 0.000000000000000e+00 0.000000000000000e+00 -1.000000000000000e+00
zras   = 0.000000000000000e+00 1.000000000000000e+00 0.000000000000000e+00
cras   = 6.325317382812500e+00 3.207926940917969e+01 5.683414840698242e+01
dst volume info
valid = 1  # volume info valid
filename = /out/sourcedata/freesurfer/sub-v2s1x29903_ses-1/mri/norm.mgz
volume = 256 256 256
voxelsize = 8.999998569488525e-01 8.999998569488525e-01 8.999998569488525e-01
xras   = -9.999999403953552e-01 0.000000000000000e+00 0.000000000000000e+00
yras   = 0.000000000000000e+00 0.000000000000000e+00 -1.000000000000000e+00
zras   = 0.000000000000000e+00 1.000000000000000e+00 0.000000000000000e+00
cras   = 6.325317382812500e+00 3.207926940917969e+01 5.683414840698242e+01
