# transform file /out/sourcedata/freesurfer/sub-v2s1x29884_ses-1/mri/transforms/cc_up.lta
# created by oesteban on Wed Mar 11 22:04:54 2026

type      = 0 # LINEAR_VOX_TO_VOX
nxforms   = 1
mean      = 129.0000 135.0000 125.0000
sigma     = 10000.0000
1 4 4
9.984891414642334e-01 5.121549218893051e-02 -1.991368643939495e-02 -6.964191436767578e+00 
-5.120531097054482e-02 9.986876845359802e-01 1.021229429170489e-03 1.576496887207031e+01 
1.993985474109650e-02 0.000000000000000e+00 9.998012185096741e-01 5.402605056762695e+00 
0.000000000000000e+00 0.000000000000000e+00 0.000000000000000e+00 1.000000000000000e+00 
src volume info
valid = 1  # volume info valid
filename = /out/sourcedata/freesurfer/sub-v2s1x29884_ses-1/mri/norm.mgz
volume = 256 256 256
voxelsize = 8.999998569488525e-01 8.999998569488525e-01 8.999998569488525e-01
xras   = -1.000000000000000e+00 0.000000000000000e+00 0.000000000000000e+00
yras   = 0.000000000000000e+00 0.000000000000000e+00 -9.999999403953552e-01
zras   = 0.000000000000000e+00 1.000000119209290e+00 0.000000000000000e+00
cras   = 4.134956359863281e+00 1.944681549072266e+01 5.273809051513672e+01
dst volume info
valid = 1  # volume info valid
filename = /out/sourcedata/freesurfer/sub-v2s1x29884_ses-1/mri/norm.mgz
volume = 256 256 256
voxelsize = 8.999998569488525e-01 8.999998569488525e-01 8.999998569488525e-01
xras   = -1.000000000000000e+00 0.000000000000000e+00 0.000000000000000e+00
yras   = 0.000000000000000e+00 0.000000000000000e+00 -9.999999403953552e-01
zras   = 0.000000000000000e+00 1.000000119209290e+00 0.000000000000000e+00
cras   = 4.134956359863281e+00 1.944681549072266e+01 5.273809051513672e+01
