# transform file /out/sourcedata/freesurfer/sub-v2s1x29877_ses-1/mri/transforms/cc_up.lta
# created by oesteban on Wed Mar 11 21:45:19 2026

type      = 0 # LINEAR_VOX_TO_VOX
nxforms   = 1
mean      = 125.0000 126.0000 114.0000
sigma     = 10000.0000
1 4 4
9.991471767425537e-01 -2.387419342994690e-02 -3.368879109621048e-02 8.449195861816406e+00 
2.386063523590565e-02 9.997149109840393e-01 -8.045220747590065e-04 1.611392593383789e+01 
3.369839489459991e-02 0.000000000000000e+00 9.994320273399353e-01 1.281704044342041e+01 
0.000000000000000e+00 0.000000000000000e+00 0.000000000000000e+00 1.000000000000000e+00 
src volume info
valid = 1  # volume info valid
filename = /out/sourcedata/freesurfer/sub-v2s1x29877_ses-1/mri/norm.mgz
volume = 256 256 256
voxelsize = 8.999999165534973e-01 8.999999165534973e-01 8.999999165534973e-01
xras   = -1.000000119209290e+00 0.000000000000000e+00 0.000000000000000e+00
yras   = 0.000000000000000e+00 0.000000000000000e+00 -1.000000000000000e+00
zras   = 0.000000000000000e+00 1.000000119209290e+00 0.000000000000000e+00
cras   = -1.575798034667969e+00 2.542440032958984e+01 2.852539062500000e+01
dst volume info
valid = 1  # volume info valid
filename = /out/sourcedata/freesurfer/sub-v2s1x29877_ses-1/mri/norm.mgz
volume = 256 256 256
voxelsize = 8.999999165534973e-01 8.999999165534973e-01 8.999999165534973e-01
xras   = -1.000000119209290e+00 0.000000000000000e+00 0.000000000000000e+00
yras   = 0.000000000000000e+00 0.000000000000000e+00 -1.000000000000000e+00
zras   = 0.000000000000000e+00 1.000000119209290e+00 0.000000000000000e+00
cras   = -1.575798034667969e+00 2.542440032958984e+01 2.852539062500000e+01
