#Insight Transform File V1.0
#Transform 0
Transform: AffineTransform_float_3_3
Parameters: 0.999999 -0.000773858 -0.000324736 0.000775143 0.999994 0.00353275 0.000322263 -0.00353325 0.999993 0.0270747 -0.256167 0.64894
FixedParameters: 0 0 0

#Transform 1
Transform: AffineTransform_float_3_3
Parameters: 1 0.000346947 3.06086e-05 -0.000347052 0.999999 0.00175399 -2.93913e-05 -0.00175401 0.999999 0.0177914 0.000927947 0.121384
FixedParameters: 0 0 0

#Transform 2
Transform: AffineTransform_float_3_3
Parameters: 1 0.000432938 3.1849e-05 -0.000433062 0.999998 0.00196099 -3.11508e-05 -0.00196101 0.999998 0.0192135 -0.0268437 0.0681986
FixedParameters: 0 0 0

#Transform 3
Transform: AffineTransform_float_3_3
Parameters: 1 3.29409e-05 3.10628e-05 -3.3059e-05 0.999998 0.001904 -3.09371e-05 -0.001904 0.999998 0.0303151 -0.0379673 0.0396146
FixedParameters: 0 0 0

#Transform 4
Transform: AffineTransform_float_3_3
Parameters: 1 -0.000434069 3.00217e-05 0.000433931 0.999998 0.00225402 -3.09782e-05 -0.00225399 0.999998 0.0351337 -0.0429203 0.0680529
FixedParameters: 0 0 0

#Transform 5
Transform: AffineTransform_float_3_3
Parameters: 0.999999 -0.000561851 -0.000605069 0.000563149 0.999998 0.00190166 0.00060393 -0.00190134 0.999998 0.050239 -0.0521876 0.0433108
FixedParameters: 0 0 0

#Transform 6
Transform: AffineTransform_float_3_3
Parameters: 1 -2.60764e-05 3.89489e-05 2.59254e-05 0.999998 0.001961 -3.80509e-05 -0.001961 0.999998 0.017633 -0.060406 0.069084
FixedParameters: 0 0 0

#Transform 7
Transform: AffineTransform_float_3_3
Parameters: 1 7.68293e-05 -0.00042285 -7.51723e-05 0.999998 0.00196103 0.000422148 -0.00196097 0.999998 0.0373311 -0.0349666 0.0469987
FixedParameters: 0 0 0

#Transform 8
Transform: AffineTransform_float_3_3
Parameters: 1 0.000101923 -0.000603845 -0.000101077 0.999999 0.00152806 0.000604155 -0.00152794 0.999998 0.0401711 -0.0471159 0.0218286
FixedParameters: 0 0 0

#Transform 9
Transform: AffineTransform_float_3_3
Parameters: 1 3.46615e-05 -0.000499955 -3.43385e-05 0.999999 0.00132302 0.000500046 -0.00132298 0.999999 0.030789 -0.0402733 0.0473018
FixedParameters: 0 0 0

#Transform 10
Transform: AffineTransform_float_3_3
Parameters: 1 0.000133358 -0.000295839 -0.000133642 1 0.00121004 0.000296162 -0.00120996 0.999999 0.0334558 -0.032097 0.0473262
FixedParameters: 0 0 0

#Transform 11
Transform: AffineTransform_float_3_3
Parameters: 1 -1.58535e-05 -0.000146016 1.61464e-05 0.999999 0.001003 0.000145984 -0.001003 0.999999 0.0281303 -0.0120016 0.0322296
FixedParameters: 0 0 0

#Transform 12
Transform: AffineTransform_float_3_3
Parameters: 1 -0.00010134 -0.000604111 0.00010266 1 0.00109194 0.000603888 -0.00109206 0.999999 0.0513727 -0.0466571 0.0286929
FixedParameters: 0 0 0

#Transform 13
Transform: AffineTransform_float_3_3
Parameters: 1 -0.000101606 -0.000604066 0.000102394 1 0.000652938 0.000603933 -0.000653061 0.999999 0.0362857 -0.00368691 0.0579172
FixedParameters: 0 0 0

#Transform 14
Transform: AffineTransform_float_3_3
Parameters: 1 -0.000153404 -0.000604152 0.000153595 0.999999 0.000985907 0.000603849 -0.000986093 1 0.0351444 -0.0296332 0.0492298
FixedParameters: 0 0 0

#Transform 15
Transform: AffineTransform_float_3_3
Parameters: 1 -0.000101606 -0.000604066 0.000102394 1 0.000652938 0.000603933 -0.000653061 0.999999 0.0513719 -0.033595 0.0278539
FixedParameters: 0 0 0

#Transform 16
Transform: AffineTransform_float_3_3
Parameters: 1 -0.000101641 -0.000490074 0.000102359 0.999999 0.000732949 0.000489925 -0.000732049 0.999999 0.0381096 -0.0333627 0.0542838
FixedParameters: 0 0 0

#Transform 17
Transform: AffineTransform_float_3_3
Parameters: 1 -0.000101418 -0.000286207 0.000102581 0.999998 0.00203397 0.000285792 -0.00203403 0.999998 0.0289733 -0.0737233 -0.0285325
FixedParameters: 0 0 0

#Transform 18
Transform: AffineTransform_float_3_3
Parameters: 1 -0.000101815 -0.000103183 0.000102185 0.999999 0.00179699 0.000102817 -0.00179701 0.999999 -0.00679081 -0.085475 0.00576021
FixedParameters: 0 0 0

#Transform 19
Transform: AffineTransform_float_3_3
Parameters: 1 -3.04642e-05 -0.000604027 3.15357e-05 0.999999 0.000886981 0.000603972 -0.000887019 1 0.0229627 -0.0171544 0.0647397
FixedParameters: 0 0 0

#Transform 20
Transform: AffineTransform_float_3_3
Parameters: 1 -0.000102042 -0.000603993 0.000101958 1 -6.90616e-05 0.000604007 6.99384e-05 1 0.0211535 -0.00100718 -0.00690436
FixedParameters: 0 0 0

#Transform 21
Transform: AffineTransform_float_3_3
Parameters: 1 -0.000101941 -0.000157038 0.000102059 1 0.000375984 0.000156962 -0.000376016 1 0.00521376 -0.0231463 -0.0212072
FixedParameters: 0 0 0

#Transform 22
Transform: AffineTransform_float_3_3
Parameters: 1 -3.19481e-05 -0.000138012 3.20519e-05 1 0.000375996 0.000137988 -0.000376004 1 0.0148345 0.00661721 0.00371906
FixedParameters: 0 0 0

#Transform 23
Transform: AffineTransform_float_3_3
Parameters: 1 -3.29797e-05 -5.40124e-05 3.30203e-05 1 0.000375998 5.39876e-05 -0.000376002 1 -0.00774375 0.00655872 0.0392564
FixedParameters: 0 0 0

#Transform 24
Transform: AffineTransform_float_3_3
Parameters: 1 1.90091e-05 -2.79938e-05 -1.89909e-05 1 0.000324 2.80062e-05 -0.000323999 1 -0.00780606 0.00020193 -0.0196892
FixedParameters: 0 0 0

#Transform 25
Transform: AffineTransform_float_3_3
Parameters: 1 -0.000102005 -5.49908e-05 0.000101995 1 -9.00056e-05 5.50092e-05 8.99944e-05 1 0.00371579 0.00559127 0.0206206
FixedParameters: 0 0 0

#Transform 26
Transform: AffineTransform_float_3_3
Parameters: 1 -0.000101996 4.70088e-05 0.000102004 1 -8.59952e-05 -4.69912e-05 8.60048e-05 1 -0.00129481 -0.000723195 -0.0172589
FixedParameters: 0 0 0

#Transform 27
Transform: AffineTransform_float_3_3
Parameters: 1 -0.000102014 0.000153991 0.000101986 1 9.10157e-05 -0.000154009 -9.09843e-05 1 -0.00639896 -0.0212472 0.0122812
FixedParameters: 0 0 0

#Transform 28
Transform: AffineTransform_float_3_3
Parameters: 1 7.62271e-05 -0.000603971 -7.57729e-05 1 0.000376046 0.000604028 -0.000375954 0.999999 0.0249281 -0.0366422 0.0151748
FixedParameters: 0 0 0

#Transform 29
Transform: AffineTransform_float_3_3
Parameters: 0.999999 -0.00010191 -0.000712012 0.00010209 1 0.000125927 0.000711987 -0.000126073 0.999999 0.0322961 -0.000817301 0.0213987
FixedParameters: 0 0 0

#Transform 30
Transform: AffineTransform_float_3_3
Parameters: 1 -0.00010206 -0.00060399 0.00010194 1 -9.90616e-05 0.00060401 9.89384e-05 1 0.0294606 0.00628392 -0.00499397
FixedParameters: 0 0 0

#Transform 31
Transform: AffineTransform_float_3_3
Parameters: 1 -0.000102258 -0.000603956 0.000102742 1 -0.000427062 0.000604044 0.000426938 0.999999 0.0292566 0.041535 0.0155984
FixedParameters: 0 0 0

#Transform 32
Transform: AffineTransform_float_3_3
Parameters: 1 0.000328925 -0.000140176 -0.000329075 1 -0.000534954 0.000139824 0.000535046 1 0.0147334 0.0625867 0.031236
FixedParameters: 0 0 0

#Transform 33
Transform: AffineTransform_float_3_3
Parameters: 1 -0.00010201 -1.89454e-05 0.00010199 1 -0.000535002 1.90546e-05 0.000534998 1 0.000733503 0.0481252 0.0217684
FixedParameters: 0 0 0

#Transform 34
Transform: AffineTransform_float_3_3
Parameters: 1 0.000221425 -0.000604211 -0.000222575 0.999999 -0.000951866 0.000603789 0.000951134 1 0.037237 0.0488908 0.031081
FixedParameters: 0 0 0

#Transform 35
Transform: AffineTransform_float_3_3
Parameters: 1 -0.000102101 -0.000187945 0.000101899 1 -0.000535019 0.000188055 0.000534981 1 0.00547198 0.0387346 0.0183146
FixedParameters: 0 0 0

#Transform 36
Transform: AffineTransform_float_3_3
Parameters: 1 0.000264829 -0.000320142 -0.000265172 1 -0.000534915 0.000320858 0.000535085 1 0.0219958 0.0428126 0.00983927
FixedParameters: 0 0 0

#Transform 37
Transform: AffineTransform_float_3_3
Parameters: 1 4.78532e-05 -0.000604011 -4.81468e-05 1 -0.000242971 0.000603988 0.000243029 1 0.0247716 0.0117849 0.0229294
FixedParameters: 0 0 0

#Transform 38
Transform: AffineTransform_float_3_3
Parameters: 1 -0.000102323 -0.000603945 0.000102677 1 -0.000535062 0.000604055 0.000534938 0.999999 0.0269237 0.0440984 0.044895
FixedParameters: 0 0 0

#Transform 39
Transform: AffineTransform_float_3_3
Parameters: 1 0.00021075 -0.000332158 -0.00021125 0.999999 -0.000751929 0.000331841 0.00075207 0.999999 0.0115147 0.0403965 0.0353861
FixedParameters: 0 0 0

#Transform 40
Transform: AffineTransform_float_3_3
Parameters: 1 -0.000102142 -0.000264945 0.000101858 1 -0.000535027 0.000265054 0.000534973 1 0.00122812 0.0364542 0.0386857
FixedParameters: 0 0 0

#Transform 41
Transform: AffineTransform_float_3_3
Parameters: 1 0.000286912 -0.000604041 -0.000287087 1 -0.000144827 0.000603958 0.000145173 1 0.0265329 0.0324354 0.0574114
FixedParameters: 0 0 0

#Transform 42
Transform: AffineTransform_float_3_3
Parameters: 1 0.000224655 -0.000381203 -0.000225345 0.999999 -0.000903913 0.000381796 0.000904085 0.999999 0.0224908 0.0580838 0.0470946
FixedParameters: 0 0 0

#Transform 43
Transform: AffineTransform_float_3_3
Parameters: 1 0.000269643 -0.000604159 -0.000270357 1 -0.000590836 0.00060384 0.000591163 0.999999 0.0379172 0.0459037 0.0381587
FixedParameters: 0 0 0

#Transform 44
Transform: AffineTransform_float_3_3
Parameters: 1 0.000269309 -0.000604308 -0.000270691 1 -0.00114384 0.000603691 0.00114416 0.999999 0.0409173 0.0728614 0.0136634
FixedParameters: 0 0 0

#Transform 45
Transform: AffineTransform_float_3_3
Parameters: 1 -0.000130055 -5.78772e-05 0.000129945 0.999999 -0.000944007 5.81227e-05 0.000943992 0.999999 0.00723497 0.0679515 0.0290064
FixedParameters: 0 0 0

#Transform 46
Transform: AffineTransform_float_3_3
Parameters: 1 0.000269887 -0.000119255 -0.000270113 0.999999 -0.000943967 0.000119745 0.000944031 0.999999 0.00209738 0.0516829 0.0288176
FixedParameters: 0 0 0

#Transform 47
Transform: AffineTransform_float_3_3
Parameters: 1 0.000270239 0.000172627 -0.000270761 0.999999 -0.00138105 -0.000173374 0.00138095 0.999999 0.00158454 0.0676847 0.0410141
FixedParameters: 0 0 0

#Transform 48
Transform: AffineTransform_float_3_3
Parameters: 0.999999 0.000743336 0.000355298 -0.000742664 1 -0.000944264 -0.000355701 0.000943736 0.999999 -0.0374456 0.0550674 -0.00531455
FixedParameters: 0 0 0

#Transform 49
Transform: AffineTransform_float_3_3
Parameters: 1 0.000270047 3.26141e-05 -0.000269954 0.999999 -0.00142901 -3.23858e-05 0.00142899 0.999999 0.00441811 0.0695926 0.0227096
FixedParameters: 0 0 0

#Transform 50
Transform: AffineTransform_float_3_3
Parameters: 1 0.000270095 7.2646e-05 -0.000269904 0.999999 -0.00131102 -7.33539e-05 0.00131098 0.999999 0.00413084 0.0630015 0.0578799
FixedParameters: 0 0 0

#Transform 51
Transform: AffineTransform_float_3_3
Parameters: 1 -0.00018203 -1.56547e-05 0.000181969 0.999998 -0.001897 1.63452e-05 0.001897 0.999998 0.0204646 0.0700168 0.0161124
FixedParameters: 0 0 0

#Transform 52
Transform: AffineTransform_float_3_3
Parameters: 0.999999 0.000522499 0.000662821 -0.000520501 0.999998 -0.00225935 -0.000664177 0.00225865 0.999997 -0.0388438 0.102546 -0.00398881
FixedParameters: 0 0 0

#Transform 53
Transform: AffineTransform_float_3_3
Parameters: 1 -0.000177745 0.000111408 0.000178254 0.999998 -0.00229098 -0.000110592 0.00229002 0.999998 0.0223351 0.101726 -0.0154878
FixedParameters: 0 0 0

#Transform 54
Transform: AffineTransform_float_3_3
Parameters: 1 -0.000178801 -0.000364608 0.000178198 0.999997 -0.00219506 0.000365392 0.00219493 0.999997 0.0264098 0.108767 -0.02433
FixedParameters: 0 0 0

#Transform 55
Transform: AffineTransform_float_3_3
Parameters: 1 -0.000178674 -0.000364671 0.000178326 0.999999 -0.00184707 0.00036533 0.00184694 0.999998 0.0264026 0.104913 -0.0219751
FixedParameters: 0 0 0

#Transform 56
Transform: AffineTransform_float_3_3
Parameters: 1 8.31354e-05 -0.000365198 -8.38641e-05 0.999997 -0.00236797 0.000364802 0.00236803 0.999997 0.0332835 0.1031 -0.00838057
FixedParameters: 0 0 0

#Transform 57
Transform: AffineTransform_float_3_3
Parameters: 1 0.00016257 -0.000629371 -0.000163432 0.999997 -0.0022739 0.00062963 0.0022731 0.999997 0.0274757 0.11199 0.00799853
FixedParameters: 0 0 0

#Transform 58
Transform: AffineTransform_float_3_3
Parameters: 1 0.000227699 -0.00055054 -0.000228303 0.999997 -0.00236588 0.000550462 0.00236513 0.999997 0.0248057 0.123162 0.00628806
FixedParameters: 0 0 0

#Transform 59
Transform: AffineTransform_float_3_3
Parameters: 1 0.000484701 -0.000434454 -0.000485298 0.999996 -0.00299579 0.000432548 0.00299621 0.999996 0.0295236 0.124778 -0.00554492
FixedParameters: 0 0 0

#Transform 60
Transform: AffineTransform_float_3_3
Parameters: 0.999999 0.000275241 -0.000672722 -0.00027676 0.999997 -0.00261582 0.000672278 0.00261619 0.999997 0.0406092 0.110256 0.00339524
FixedParameters: 0 0 0

#Transform 61
Transform: AffineTransform_float_3_3
Parameters: 1 -0.00013311 -0.000417648 0.000131892 0.999996 -0.00265605 0.000417352 0.00265594 0.999997 0.0314708 0.136009 -0.0104958
FixedParameters: 0 0 0

#Transform 62
Transform: AffineTransform_float_3_3
Parameters: 1 0.000474077 0.000447862 -0.000472922 0.999997 -0.00240321 -0.000449138 0.00240279 0.999997 -0.0108751 0.123441 0.0247782
FixedParameters: 0 0 0

#Transform 63
Transform: AffineTransform_float_3_3
Parameters: 1 0.000652285 0.000826202 -0.000649716 0.999996 -0.00276254 -0.000827798 0.00276246 0.999996 -0.0184013 0.115992 -0.00863325
FixedParameters: 0 0 0

#Transform 64
Transform: AffineTransform_float_3_3
Parameters: 1 0.000276401 -0.000262632 -0.000277598 0.999998 -0.00228393 0.000261367 0.00228407 0.999998 0.0100456 0.110595 0.00991376
FixedParameters: 0 0 0

#Transform 65
Transform: AffineTransform_float_3_3
Parameters: 1 0.000275531 -0.000535758 -0.00027747 0.999996 -0.00274385 0.000535241 0.00274415 0.999996 0.0253185 0.129041 0.0151282
FixedParameters: 0 0 0

#Transform 66
Transform: AffineTransform_float_3_3
Parameters: 0.999999 -1.17489e-05 -0.000732974 1.0251e-05 0.999997 -0.00238601 0.000733026 0.00238599 0.999997 0.0813308 0.119299 0.0410924
FixedParameters: 0 0 0

#Transform 67
Transform: AffineTransform_float_3_3
Parameters: 0.999999 0.000274782 -0.000808757 -0.000277219 0.999996 -0.00274378 0.000808242 0.00274422 0.999996 0.0514808 0.130963 0.0662528
FixedParameters: 0 0 0

#Transform 68
Transform: AffineTransform_float_3_3
Parameters: 0.999999 0.00027486 -0.000868679 -0.00027714 0.999997 -0.00246376 0.000868319 0.00246424 0.999996 0.0497468 0.13351 0.0595475
FixedParameters: 0 0 0

#Transform 69
Transform: AffineTransform_float_3_3
Parameters: 0.999999 0.000275242 -0.000777624 -0.000276759 0.999998 -0.00226179 0.000777376 0.00226222 0.999997 0.0419267 0.139314 0.0421164
FixedParameters: 0 0 0

#Transform 70
Transform: AffineTransform_float_3_3
Parameters: 1 0.000275621 -0.000518735 -0.00027738 0.999997 -0.00266086 0.000518264 0.00266115 0.999997 0.0214394 0.134034 0.00634097
FixedParameters: 0 0 0

#Transform 71
Transform: AffineTransform_float_3_3
Parameters: 0.999999 0.000275051 -0.000796675 -0.000276947 0.999997 -0.00244678 0.000795324 0.00244722 0.999996 0.0429369 0.13954 0.00874594
FixedParameters: 0 0 0

#Transform 72
Transform: AffineTransform_float_3_3
Parameters: 1 0.000274338 -0.00101972 -0.000276662 0.999996 -0.00261072 0.00101928 0.00261128 0.999996 0.0493446 0.124479 0.0231121
FixedParameters: 0 0 0

#Transform 73
Transform: AffineTransform_float_3_3
Parameters: 0.999999 0.000274417 -0.000927767 -0.000277583 0.999996 -0.00278474 0.00092723 0.00278526 0.999995 0.0422315 0.129232 0.0444338
FixedParameters: 0 0 0

#Transform 74
Transform: AffineTransform_float_3_3
Parameters: 0.999999 0.000218857 -0.000769612 -0.000220143 0.999996 -0.00278483 0.000769389 0.00278517 0.999996 0.0272687 0.133915 0.0449661
FixedParameters: 0 0 0

#Transform 75
Transform: AffineTransform_float_3_3
Parameters: 0.999999 0.000553845 -0.000774545 -0.000556156 0.999996 -0.00278457 0.000773454 0.00278443 0.999996 0.0363536 0.134829 0.0449917
FixedParameters: 0 0 0

#Transform 76
Transform: AffineTransform_float_3_3
Parameters: 0.999999 0.00040777 -0.000801138 -0.000410232 0.999996 -0.00278467 0.00080086 0.00278533 0.999996 0.0340927 0.134482 0.0251122
FixedParameters: 0 0 0

#Transform 77
Transform: AffineTransform_float_3_3
Parameters: 0.999999 0.000274537 -0.000884767 -0.000277463 0.999996 -0.00278476 0.00088423 0.00278524 0.999995 0.0352133 0.137937 0.026692
FixedParameters: 0 0 0

#Transform 78
Transform: AffineTransform_float_3_3
Parameters: 0.999999 0.000275164 -0.000659769 -0.000276837 0.999996 -0.00278482 0.000659231 0.00278518 0.999996 0.0227096 0.166248 0.028082
FixedParameters: 0 0 0

#Transform 79
Transform: AffineTransform_float_3_3
Parameters: 0.999999 0.000476568 -0.000771507 -0.00047943 0.999995 -0.00315463 0.000769491 0.00315537 0.999994 0.0342273 0.187505 0.00794454
FixedParameters: 0 0 0

#Transform 80
Transform: AffineTransform_float_3_3
Parameters: 0.999999 0.000522995 -0.000720459 -0.000525003 0.999996 -0.00278462 0.00071854 0.00278538 0.999996 0.0345637 0.166976 0.00532477
FixedParameters: 0 0 0

#Transform 81
Transform: AffineTransform_float_3_3
Parameters: 1 0.000273394 -0.00116185 -0.000277607 0.999995 -0.00310468 0.00116114 0.00310532 0.999994 0.0507669 0.166717 0.0116126
FixedParameters: 0 0 0

#Transform 82
Transform: AffineTransform_float_3_3
Parameters: 1 0.00049618 -0.000897565 -0.000498819 0.999995 -0.00314455 0.000895436 0.00314544 0.999994 0.0417746 0.155346 0.0095255
FixedParameters: 0 0 0

#Transform 83
Transform: AffineTransform_float_3_3
Parameters: 1 0.000273636 -0.00110884 -0.000277365 0.999996 -0.00303469 0.00110816 0.00303531 0.999995 0.0477511 0.16084 0.0286198
FixedParameters: 0 0 0

#Transform 84
Transform: AffineTransform_float_3_3
Parameters: 1 0.00027366 -0.00116179 -0.000277341 0.999996 -0.00287568 0.00116121 0.00287632 0.999995 0.0507336 0.125102 0.0269487
FixedParameters: 0 0 0

#Transform 85
Transform: AffineTransform_float_3_3
Parameters: 1 0.0002739 -0.00116174 -0.000277102 0.999997 -0.00266968 0.00116126 0.00266932 0.999996 0.0470013 0.158235 0.0394095
FixedParameters: 0 0 0

#Transform 86
Transform: AffineTransform_float_3_3
Parameters: 1 0.000273786 -0.00100388 -0.000277214 0.999995 -0.00320272 0.00100312 0.00320328 0.999995 0.0366112 0.162277 0.00722475
FixedParameters: 0 0 0

#Transform 87
Transform: AffineTransform_float_3_3
Parameters: 0.999999 0.000822714 -0.00101268 -0.000826287 0.999995 -0.00324817 0.00101032 0.00324984 0.999994 0.0546483 0.174387 0.0285053
FixedParameters: 0 0 0

#Transform 88
Transform: AffineTransform_float_3_3
Parameters: 0.999999 0.000547224 -0.00116278 -0.000550775 0.999994 -0.00324836 0.00116122 0.00324964 0.999994 0.0597927 0.189325 0.0453766
FixedParameters: 0 0 0

#Transform 89
Transform: AffineTransform_float_3_3
Parameters: 0.999999 0.000542019 -0.000827959 -0.000544981 0.999994 -0.00360455 0.000826041 0.00360445 0.999993 0.0425969 0.190103 0.0123855
FixedParameters: 0 0 0

#Transform 90
Transform: AffineTransform_float_3_3
Parameters: 0.999999 0.000466678 -0.000715519 -0.000469324 0.999995 -0.00324867 0.000714478 0.00324933 0.999994 0.0383573 0.166724 0.0488555
FixedParameters: 0 0 0

#Transform 91
Transform: AffineTransform_float_3_3
Parameters: 0.999999 0.000682014 -0.00116276 -0.000684988 0.999997 -0.00257021 0.00116124 0.0025708 0.999996 0.0532907 0.156179 0.0550126
FixedParameters: 0 0 0

#Transform 92
Transform: AffineTransform_float_3_3
Parameters: 0.999999 0.000388759 -0.000690267 -0.000390239 0.999994 -0.00324873 0.000688736 0.00324927 0.999995 0.027698 0.155903 0.0232158
FixedParameters: 0 0 0

#Transform 93
Transform: AffineTransform_float_3_3
Parameters: 1 0.000538829 -0.000976756 -0.000542171 0.999994 -0.00324847 0.000975244 0.00324953 0.999994 0.043236 0.166229 0.0516641
FixedParameters: 0 0 0

#Transform 94
Transform: AffineTransform_float_3_3
Parameters: 0.999999 0.000681342 -0.00116315 -0.000685657 0.999995 -0.00314721 0.00116085 0.00314779 0.999995 0.0553728 0.150867 0.0483816
FixedParameters: 0 0 0

#Transform 95
Transform: AffineTransform_float_3_3
Parameters: 1 0.000682234 -0.000852222 -0.000685767 0.999994 -0.00324842 0.000850777 0.00324958 0.999995 0.041163 0.142317 0.0269956
FixedParameters: 0 0 0

#Transform 96
Transform: AffineTransform_float_3_3
Parameters: 0.999999 0.000683024 -0.000609222 -0.000684975 0.999995 -0.00324858 0.000606777 0.00324942 0.999994 0.0158499 0.156663 0.0345124
FixedParameters: 0 0 0

#Transform 97
Transform: AffineTransform_float_3_3
Parameters: 0.999999 0.000681479 -0.00116307 -0.000685522 0.999995 -0.00303021 0.00116093 0.00303079 0.999994 0.0574069 0.144327 0.0452863
FixedParameters: 0 0 0

#Transform 98
Transform: AffineTransform_float_3_3
Parameters: 1 0.000531176 -0.000898675 -0.000533826 0.999995 -0.00314552 0.000897326 0.00314548 0.999994 0.0281094 0.150464 0.0199738
FixedParameters: 0 0 0

#Transform 99
Transform: AffineTransform_float_3_3
Parameters: 1 0.00068191 -0.000952221 -0.000685093 0.999995 -0.00324835 0.000950779 0.00324965 0.999995 0.0350518 0.131151 0.0273109
FixedParameters: 0 0 0

#Transform 100
Transform: AffineTransform_float_3_3
Parameters: 1 0.000683021 -0.000815661 -0.000684978 0.999997 -0.00242844 0.000813339 0.00242956 0.999996 0.0274302 0.130629 0.0283229
FixedParameters: 0 0 0

#Transform 101
Transform: AffineTransform_float_3_3
Parameters: 0.999999 0.000682328 -0.00104275 -0.000685671 0.999997 -0.00256429 0.00104024 0.00256571 0.999996 0.0400164 0.12106 0.0606605
FixedParameters: 0 0 0

#Transform 102
Transform: AffineTransform_float_3_3
Parameters: 0.999999 0.0010262 -0.00116348 -0.0010288 0.999996 -0.00241181 0.00116152 0.00241219 0.999997 0.05142 0.11081 0.0585397
FixedParameters: 0 0 0

#Transform 103
Transform: AffineTransform_float_3_3
Parameters: 0.999998 0.000751282 -0.00145992 -0.000754718 0.999997 -0.0025479 0.00145808 0.0025491 0.999995 0.0650556 0.126854 0.039394
FixedParameters: 0 0 0

#Transform 104
Transform: AffineTransform_float_3_3
Parameters: 0.999999 -0.00067671 -0.000533839 0.000674289 0.999994 -0.00319736 0.000536159 0.00319764 0.999994 0.0133627 0.133586 0.0165035
FixedParameters: 0 0 0

#Transform 105
Transform: AffineTransform_float_3_3
Parameters: 1 -0.000130317 -0.000633528 0.000127682 0.999994 -0.00365508 0.000634471 0.00365592 0.999993 0.0263827 0.160611 0.0376196
FixedParameters: 0 0 0

#Transform 106
Transform: AffineTransform_float_3_3
Parameters: 0.999999 0.000162561 -0.000910621 -0.00016644 0.999993 -0.00377785 0.000910378 0.00377815 0.999993 0.0461901 0.168336 0.0329376
FixedParameters: 0 0 0

#Transform 107
Transform: AffineTransform_float_3_3
Parameters: 0.999999 0.000163471 -0.000715582 -0.000166527 0.999993 -0.00353588 0.000714415 0.00353612 0.999993 0.0388183 0.171891 0.0263863
FixedParameters: 0 0 0

#Transform 108
Transform: AffineTransform_float_3_3
Parameters: 1 0.000161746 -0.0011616 -0.000166255 0.999994 -0.00366281 0.0011614 0.00366319 0.999992 0.0578506 0.183604 0.0452948
FixedParameters: 0 0 0

#Transform 109
Transform: AffineTransform_float_3_3
Parameters: 1 0.000225795 -0.00116183 -0.000229206 0.999994 -0.00362074 0.00116118 0.00362127 0.999993 0.0553732 0.181499 0.0372621
FixedParameters: 0 0 0

#Transform 110
Transform: AffineTransform_float_3_3
Parameters: 1 0.000162089 -0.00116155 -0.000166914 0.999995 -0.00336881 0.00116144 0.00336819 0.999993 0.04808 0.167109 0.0348337
FixedParameters: 0 0 0

#Transform 111
Transform: AffineTransform_float_3_3
Parameters: 1 0.000162227 -0.00116153 -0.000166774 0.999994 -0.00324881 0.00116146 0.00324919 0.999994 0.0538497 0.138724 0.0568884
FixedParameters: 0 0 0

#Transform 112
Transform: AffineTransform_float_3_3
Parameters: 1 0.000161439 -0.00116164 -0.000166563 0.999993 -0.00392781 0.00116135 0.00392719 0.999991 0.0400139 0.180293 0.0359238
FixedParameters: 0 0 0

#Transform 113
Transform: AffineTransform_float_3_3
Parameters: 0.999999 0.000162502 -0.0009576 -0.000166499 0.999994 -0.00365384 0.000957397 0.00365416 0.999993 0.0399307 0.165087 0.0264283
FixedParameters: 0 0 0

#Transform 114
Transform: AffineTransform_float_3_3
Parameters: 1 0.000161588 -0.00116162 -0.000166413 0.999993 -0.00379881 0.00116138 0.00379919 0.999992 0.0418414 0.183098 0.0497077
FixedParameters: 0 0 0

#Transform 115
Transform: AffineTransform_float_3_3
Parameters: 0.999999 0.000160891 -0.00145357 -0.000166106 0.999994 -0.00351476 0.00145242 0.00351524 0.999993 0.0493142 0.162085 0.0413366
FixedParameters: 0 0 0

#Transform 116
Transform: AffineTransform_float_3_3
Parameters: 0.999999 -0.000182228 -0.000785258 0.000178773 0.999991 -0.00410914 0.000785741 0.00410886 0.999991 0.0030897 0.191155 0.0320808
FixedParameters: 0 0 0

#Transform 117
Transform: AffineTransform_float_3_3
Parameters: 0.999999 0.000232038 -0.000839824 -0.000234962 0.999993 -0.0035278 0.000839176 0.0035282 0.999994 0.0256132 0.212222 0.0437419
FixedParameters: 0 0 0

#Transform 118
Transform: AffineTransform_float_3_3
Parameters: 0.999999 0.000258216 -0.000734984 -0.000260784 0.999993 -0.00379081 0.000734016 0.00379019 0.999992 0.0116475 0.222907 0.0508489
FixedParameters: 0 0 0

#Transform 119
Transform: AffineTransform_float_3_3
Parameters: 0.999999 0.00035129 -0.000753269 -0.000354708 0.999994 -0.00359974 0.000751728 0.00360027 0.999993 0.0222897 0.213356 0.0404522
FixedParameters: 0 0 0

#Transform 120
Transform: AffineTransform_float_3_3
Parameters: 1 0.000349928 -0.00116223 -0.000354072 0.999994 -0.00350559 0.00116077 0.00350541 0.999993 0.0477247 0.219713 0.0413205
FixedParameters: 0 0 0

#Transform 121
Transform: AffineTransform_float_3_3
Parameters: 1 0.000349045 -0.0011625 -0.000353957 0.999991 -0.00426459 0.0011615 0.00426541 0.99999 0.0380663 0.217053 0.0193517
FixedParameters: 0 0 0

#Transform 122
Transform: AffineTransform_float_3_3
Parameters: 0.999999 0.000351546 -0.000678277 -0.000354453 0.999994 -0.00362076 0.000676721 0.00362124 0.999993 0.0308077 0.209351 0.0509093
FixedParameters: 0 0 0

#Transform 123
Transform: AffineTransform_float_3_3
Parameters: 1 0.000349324 -0.00116242 -0.000354678 0.999992 -0.00402459 0.00116158 0.00402541 0.999991 0.0380835 0.223913 0.0143503
FixedParameters: 0 0 0

#Transform 124
Transform: AffineTransform_float_3_3
Parameters: 0.999999 0.000647779 -0.000562568 -0.000650223 0.999992 -0.00395764 0.000560431 0.00395736 0.999992 0.0213151 0.220957 0.0503689
FixedParameters: 0 0 0

#Transform 125
Transform: AffineTransform_float_3_3
Parameters: 0.999999 0.000411409 -0.00093958 -0.000415588 0.999992 -0.00382461 0.000937417 0.00382539 0.999992 0.0367208 0.190383 0.0290585
FixedParameters: 0 0 0

#Transform 126
Transform: AffineTransform_float_3_3
Parameters: 1 0.000155607 -0.0011616 -0.000159395 0.999993 -0.00378282 0.00116141 0.00378318 0.999992 0.0537951 0.166208 0.0521548
FixedParameters: 0 0 0

#Transform 127
Transform: AffineTransform_float_3_3
Parameters: 0.999999 0.000412308 -0.000631108 -0.000413691 0.999997 -0.00268274 0.000629892 0.00268326 0.999996 0.0211294 0.151554 0.0683489
FixedParameters: 0 0 0

#Transform 128
Transform: AffineTransform_float_3_3
Parameters: 1 0.000350557 -0.00111009 -0.000354443 0.999995 -0.00310261 0.00110891 0.00310339 0.999994 0.035109 0.143996 0.0613182
FixedParameters: 0 0 0

#Transform 129
Transform: AffineTransform_float_3_3
Parameters: 1 0.000350442 -0.000912375 -0.000354561 0.999993 -0.00390268 0.000911623 0.00390332 0.999992 0.0241363 0.184098 0.0528507
FixedParameters: 0 0 0

#Transform 130
Transform: AffineTransform_float_3_3
Parameters: 1 0.00034964 -0.00116232 -0.000354363 0.999993 -0.00375359 0.00116168 0.00375341 0.999993 0.0380516 0.175409 0.0269846
FixedParameters: 0 0 0

#Transform 131
Transform: AffineTransform_float_3_3
Parameters: 1 0.000349739 -0.00116229 -0.000354263 0.999993 -0.00366759 0.00116171 0.00366841 0.999992 0.0380443 0.132611 0.0254686
FixedParameters: 0 0 0

#Transform 132
Transform: AffineTransform_float_3_3
Parameters: 1 0.000127371 -0.0011614 -0.000130631 0.999995 -0.00312485 0.0011616 0.00312515 0.999995 0.0320771 0.136543 0.0905761
FixedParameters: 0 0 0

#Transform 133
Transform: AffineTransform_float_3_3
Parameters: 0.999999 0.000407206 -0.00149032 -0.000412795 0.999994 -0.00321739 0.00148968 0.00321861 0.999993 0.0562264 0.179221 0.0886999
FixedParameters: 0 0 0

#Transform 134
Transform: AffineTransform_float_3_3
Parameters: 0.999999 0.000333456 -0.00133414 -0.000337543 0.999994 -0.00340655 0.00133286 0.00340745 0.999994 0.0525055 0.191137 0.0711224
FixedParameters: 0 0 0

#Transform 135
Transform: AffineTransform_float_3_3
Parameters: 0.999998 0.000433844 -0.00157443 -0.000439158 0.999994 -0.00327631 0.00157357 0.00327669 0.999994 0.0618853 0.170968 0.0835334
FixedParameters: 0 0 0

#Transform 136
Transform: AffineTransform_float_3_3
Parameters: 0.999998 0.000333082 -0.00157405 -0.000337917 0.999995 -0.00312447 0.00157295 0.00312553 0.999994 0.0657374 0.162376 0.0629097
FixedParameters: 0 0 0

#Transform 137
Transform: AffineTransform_float_3_3
Parameters: 0.999999 0.000332951 -0.00143518 -0.000338051 0.999994 -0.00351852 0.00143482 0.00351948 0.999993 0.0587756 0.191779 0.0365522
FixedParameters: 0 0 0

#Transform 138
Transform: AffineTransform_float_3_3
Parameters: 0.999998 0.000332525 -0.00157417 -0.000337475 0.999994 -0.00347947 0.00157283 0.00347953 0.999992 0.0677333 0.189509 0.0338362
FixedParameters: 0 0 0

#Transform 139
Transform: AffineTransform_float_3_3
Parameters: 1 5.00218e-05 -0.00108319 -5.39775e-05 0.999994 -0.00367294 0.00108281 0.00367306 0.999992 0.0376713 0.199463 0.0225209
FixedParameters: 0 0 0

#Transform 140
Transform: AffineTransform_float_3_3
Parameters: 0.999999 0.000333428 -0.00134614 -0.000337572 0.999994 -0.00339755 0.00134486 0.00339845 0.999994 0.0602399 0.185915 0.0576406
FixedParameters: 0 0 0

#Transform 141
Transform: AffineTransform_float_3_3
Parameters: 0.999998 0.000332094 -0.00157426 -0.00033791 0.999993 -0.00375347 0.00157374 0.00375353 0.999991 0.0669193 0.208102 0.0378383
FixedParameters: 0 0 0

#Transform 142
Transform: AffineTransform_float_3_3
Parameters: 0.999998 0.000332443 -0.00157418 -0.000337557 0.999993 -0.00353147 0.00157282 0.00353153 0.999993 0.0635511 0.195772 0.0398103
FixedParameters: 0 0 0

#Transform 143
Transform: AffineTransform_float_3_3
Parameters: 1 0.00033448 -0.00105113 -0.00033752 0.999995 -0.00335065 0.00104988 0.00335135 0.999994 0.0325929 0.199761 0.0763945
FixedParameters: 0 0 0

#Transform 144
Transform: AffineTransform_float_3_3
Parameters: 0.999999 0.000128953 -0.00157342 -0.000134049 0.999995 -0.00320779 0.00157358 0.00320821 0.999993 0.0673577 0.186214 0.0722175
FixedParameters: 0 0 0

#Transform 145
Transform: AffineTransform_float_3_3
Parameters: 0.999999 3.41072e-05 -0.00157314 -3.98922e-05 0.999993 -0.00374594 0.00157286 0.00374606 0.999991 0.0742443 0.184987 0.0669961
FixedParameters: 0 0 0

#Transform 146
Transform: AffineTransform_float_3_3
Parameters: 0.999998 0.000332534 -0.00157416 -0.000337464 0.999994 -0.00347247 0.00157284 0.00347353 0.999992 0.0684405 0.189806 0.0611518
FixedParameters: 0 0 0

#Transform 147
Transform: AffineTransform_float_3_3
Parameters: 0.999999 0.000331697 -0.00182416 -0.000338303 0.999994 -0.00345639 0.00182284 0.00345661 0.999993 0.0838443 0.209926 0.0563576
FixedParameters: 0 0 0

#Transform 148
Transform: AffineTransform_float_3_3
Parameters: 0.999998 0.000332727 -0.00157412 -0.000338272 0.999995 -0.00335047 0.00157287 0.00335153 0.999993 0.0501593 0.162056 0.0540485
FixedParameters: 0 0 0

#Transform 149
Transform: AffineTransform_float_3_3
Parameters: 0.999998 0.000383726 -0.00157429 -0.000389275 0.999995 -0.00335039 0.0015737 0.00335161 0.999993 0.0602491 0.191521 0.0910683
FixedParameters: 0 0 0

#Transform 150
Transform: AffineTransform_float_3_3
Parameters: 0.999998 0.000332727 -0.00157412 -0.000338272 0.999995 -0.00335047 0.00157287 0.00335153 0.999993 0.0602109 0.206767 0.0562492
FixedParameters: 0 0 0

#Transform 151
Transform: AffineTransform_float_3_3
Parameters: 0.999999 0.000333234 -0.00129524 -0.000337766 0.999993 -0.00368157 0.00129377 0.00368144 0.999993 0.0440813 0.199054 0.0515581
FixedParameters: 0 0 0

#Transform 152
Transform: AffineTransform_float_3_3
Parameters: 0.999998 0.000331799 -0.00157432 -0.000338204 0.999992 -0.00394047 0.00157368 0.00394053 0.999991 0.0759902 0.216914 0.0557401
FixedParameters: 0 0 0

#Transform 153
Transform: AffineTransform_float_3_3
Parameters: 0.999998 0.000274891 -0.00157408 -0.000281109 0.999993 -0.00388256 0.00157292 0.00388244 0.999991 0.0657604 0.210428 0.0765231
FixedParameters: 0 0 0

#Transform 154
Transform: AffineTransform_float_3_3
Parameters: 0.999998 0.00033209 -0.00157426 -0.000337911 0.999993 -0.00375447 0.00157374 0.00375553 0.999991 0.0692294 0.179873 0.0482464
FixedParameters: 0 0 0

#Transform 155
Transform: AffineTransform_float_3_3
Parameters: 0.999998 0.000407502 -0.00157443 -0.000412498 0.999994 -0.00349235 0.00157357 0.00349364 0.999992 0.0640722 0.189216 0.0662494
FixedParameters: 0 0 0

#Transform 156
Transform: AffineTransform_float_3_3
Parameters: 0.999998 0.00033178 -0.00157432 -0.000338223 0.999992 -0.00395247 0.00157368 0.00395253 0.999991 0.0498278 0.178305 0.0553012
FixedParameters: 0 0 0

#Transform 157
Transform: AffineTransform_float_3_3
Parameters: 0.999998 0.00033209 -0.00157426 -0.000337913 0.999993 -0.00375547 0.00157374 0.00375553 0.999991 0.0603081 0.177722 0.0975416
FixedParameters: 0 0 0

#Transform 158
Transform: AffineTransform_float_3_3
Parameters: 0.999998 0.000698723 -0.0015758 -0.000704277 0.999992 -0.00398589 0.0015732 0.0039871 0.999991 0.0680843 0.176138 0.0564432
FixedParameters: 0 0 0

#Transform 159
Transform: AffineTransform_float_3_3
Parameters: 0.999999 0.000570113 -0.00120532 -0.000574889 0.999991 -0.00405731 0.00120368 0.00405869 0.999991 0.0467259 0.20058 0.103155
FixedParameters: 0 0 0
