# transform file /out/sourcedata/freesurfer/sub-v2s1x29904_ses-1/mri/transforms/cc_up.lta
# created by oesteban on Thu Mar 12 21:29:45 2026

type      = 0 # LINEAR_VOX_TO_VOX
nxforms   = 1
mean      = 124.0000 132.0000 118.0000
sigma     = 10000.0000
1 4 4
9.876487851142883e-01 1.105415225028992e-01 -1.110418587923050e-01 3.508843183517456e+00 
-1.098494157195091e-01 9.938714504241943e-01 1.235042605549097e-02 2.714334106445312e+01 
1.117265745997429e-01 0.000000000000000e+00 9.937388896942139e-01 5.655893325805664e+00 
0.000000000000000e+00 0.000000000000000e+00 0.000000000000000e+00 1.000000000000000e+00 
src volume info
valid = 1  # volume info valid
filename = /out/sourcedata/freesurfer/sub-v2s1x29904_ses-1/mri/norm.mgz
volume = 256 256 256
voxelsize = 8.999999761581421e-01 8.999999761581421e-01 8.999999761581421e-01
xras   = -9.999998807907104e-01 0.000000000000000e+00 0.000000000000000e+00
yras   = 0.000000000000000e+00 0.000000000000000e+00 -9.999999403953552e-01
zras   = 0.000000000000000e+00 1.000000000000000e+00 0.000000000000000e+00
cras   = -4.895515441894531e+00 3.538999176025391e+01 3.719986724853516e+01
dst volume info
valid = 1  # volume info valid
filename = /out/sourcedata/freesurfer/sub-v2s1x29904_ses-1/mri/norm.mgz
volume = 256 256 256
voxelsize = 8.999999761581421e-01 8.999999761581421e-01 8.999999761581421e-01
xras   = -9.999998807907104e-01 0.000000000000000e+00 0.000000000000000e+00
yras   = 0.000000000000000e+00 0.000000000000000e+00 -9.999999403953552e-01
zras   = 0.000000000000000e+00 1.000000000000000e+00 0.000000000000000e+00
cras   = -4.895515441894531e+00 3.538999176025391e+01 3.719986724853516e+01
