#Insight Transform File V1.0
#Transform 0
Transform: AffineTransform_float_3_3
Parameters: 1 -0.000203 -2.3751e-08 0.000203 1 0.000117 -2.3751e-08 -0.000117 1 -0.00204005 -0.0198477 -0.278586
FixedParameters: 0 0 0

#Transform 1
Transform: AffineTransform_float_3_3
Parameters: 1 0.000680102 0.000164578 -0.000679897 0.999999 -0.000621112 -0.000165422 0.000620887 1 -0.0264631 0.106848 0.00148602
FixedParameters: 0 0 0

#Transform 2
Transform: AffineTransform_float_3_3
Parameters: 1 0.000948007 0.00033398 -0.000947993 0.999999 -2.13166e-05 -0.000334021 2.16833e-05 1 -0.0194896 0.0405659 0.0246182
FixedParameters: 0 0 0

#Transform 3
Transform: AffineTransform_float_3_3
Parameters: 0.999999 0.00173833 0.000409585 -0.00173767 0.999998 -0.000814713 -0.000410414 0.000813288 0.999999 -0.0328461 0.0833863 0.0920161
FixedParameters: 0 0 0

#Transform 4
Transform: AffineTransform_float_3_3
Parameters: 0.999999 0.00139553 0.000501768 -0.00139347 0.999995 -0.0030347 -0.000506231 0.0030343 0.999996 -0.0183636 0.140871 -0.00791302
FixedParameters: 0 0 0

#Transform 5
Transform: AffineTransform_float_3_3
Parameters: 0.999993 0.00160299 0.0033465 -0.00158302 0.999981 -0.00596634 -0.0033555 0.00596166 0.999976 -0.0761829 0.262326 0.102163
FixedParameters: 0 0 0

#Transform 6
Transform: AffineTransform_float_3_3
Parameters: 0.999989 0.000887164 0.00446992 -0.000855836 0.999976 -0.0069689 -0.00447607 0.0069651 0.999965 -0.111832 0.292668 0.0830244
FixedParameters: 0 0 0

#Transform 7
Transform: AffineTransform_float_3_3
Parameters: 0.999989 0.000581158 0.00477289 -0.000555843 0.999985 -0.00547972 -0.00477612 0.00547729 0.999974 -0.12849 0.25383 0.0142752
FixedParameters: 0 0 0

#Transform 8
Transform: AffineTransform_float_3_3
Parameters: 0.999995 0.000431898 0.00298236 -0.000406095 0.999963 -0.00867925 -0.00298663 0.00867775 0.999958 -0.0827365 0.428727 -0.0405924
FixedParameters: 0 0 0

#Transform 9
Transform: AffineTransform_float_3_3
Parameters: 0.999991 -0.000373344 0.00408997 0.000372657 1 8.45248e-05 -0.00409003 -8.34737e-05 0.999991 -0.153985 0.0292592 -0.181013
FixedParameters: 0 0 0

#Transform 10
Transform: AffineTransform_float_3_3
Parameters: 0.999988 0.000421843 0.00491434 -0.000402158 0.999992 -0.00403802 -0.00491566 0.00403597 0.99998 -0.140306 0.195633 -0.109056
FixedParameters: 0 0 0

#Transform 11
Transform: AffineTransform_float_3_3
Parameters: 0.999986 0.00037699 0.00531209 -0.000349011 0.999986 -0.00526893 -0.00531391 0.00526707 0.999972 -0.166333 0.287474 -0.170652
FixedParameters: 0 0 0

#Transform 12
Transform: AffineTransform_float_3_3
Parameters: 0.999984 0.000351328 0.00564152 -0.000309669 0.999972 -0.00750187 -0.00564448 0.00750013 0.999956 -0.169509 0.349816 -0.18575
FixedParameters: 0 0 0

#Transform 13
Transform: AffineTransform_float_3_3
Parameters: 0.999987 0.000479394 0.00517058 -0.0004296 0.999953 -0.00974336 -0.00517543 0.00974066 0.999939 -0.150305 0.457105 -0.153723
FixedParameters: 0 0 0

#Transform 14
Transform: AffineTransform_float_3_3
Parameters: 0.999988 0.000421916 0.0050244 -0.000363078 0.999931 -0.011721 -0.0050296 0.011719 0.999918 -0.125643 0.532121 -0.202786
FixedParameters: 0 0 0

#Transform 15
Transform: AffineTransform_float_3_3
Parameters: 0.999988 0.000897793 0.00483537 -0.00085021 0.999951 -0.00987722 -0.00484363 0.00987276 0.999939 -0.0984935 0.426153 -0.196612
FixedParameters: 0 0 0

#Transform 16
Transform: AffineTransform_float_3_3
Parameters: 0.999989 -4.25274e-07 0.00484427 5.15713e-05 0.999945 -0.0104399 -0.00484373 0.0104401 0.999934 -0.120425 0.44968 -0.159522
FixedParameters: 0 0 0

#Transform 17
Transform: AffineTransform_float_3_3
Parameters: 0.999993 0.000334404 0.00358629 -0.000303598 0.999964 -0.00847514 -0.0035887 0.00847385 0.999957 -0.042434 0.380227 -0.0923301
FixedParameters: 0 0 0

#Transform 18
Transform: AffineTransform_float_3_3
Parameters: 0.999997 0.000879271 0.00229082 -0.000862735 0.999975 -0.007094 -0.00229618 0.00709201 0.999972 -0.00620928 0.297723 -0.00700823
FixedParameters: 0 0 0

#Transform 19
Transform: AffineTransform_float_3_3
Parameters: 0.999996 0.00143693 0.00237484 -0.00142007 0.999973 -0.0071144 -0.00238516 0.0071116 0.999972 -0.0277821 0.277847 0.067782
FixedParameters: 0 0 0

#Transform 20
Transform: AffineTransform_float_3_3
Parameters: 0.999996 0.00110051 0.00279486 -0.00107649 0.999964 -0.00840005 -0.00280414 0.00839695 0.999961 -0.0291629 0.350452 0.113662
FixedParameters: 0 0 0

#Transform 21
Transform: AffineTransform_float_3_3
Parameters: 0.999992 -0.00294505 0.00269029 0.00292595 0.999971 0.00705893 -0.00271071 -0.00705107 0.999972 -0.0475418 -0.38406 0.0717508
FixedParameters: 0 0 0

#Transform 22
Transform: AffineTransform_float_3_3
Parameters: 0.999954 -0.00948431 0.00134761 0.00945368 0.999735 0.0209557 -0.00154639 -0.0209423 0.999779 -0.0135431 -1.17744 0.127911
FixedParameters: 0 0 0

#Transform 23
Transform: AffineTransform_float_3_3
Parameters: 0.999846 -0.0175664 -0.000524328 0.0175736 0.999238 0.0348351 -8.83104e-05 -0.0348388 0.999393 0.0580183 -1.71314 0.0131196
FixedParameters: 0 0 0

#Transform 24
Transform: AffineTransform_float_3_3
Parameters: 0.999855 -0.017024 -0.000318331 0.017024 0.999153 0.03748 -0.000320329 -0.03748 0.999298 -0.00383084 -1.80111 -0.0167482
FixedParameters: 0 0 0

#Transform 25
Transform: AffineTransform_float_3_3
Parameters: 0.999871 -0.0160663 7.39385e-05 0.0160537 0.999263 0.0348627 -0.000634055 -0.0348573 0.999392 -0.0154221 -1.6456 -0.0430139
FixedParameters: 0 0 0

#Transform 26
Transform: AffineTransform_float_3_3
Parameters: 0.999873 -0.0159393 5.79978e-05 0.0159277 0.999291 0.0341323 -0.000602005 -0.0341278 0.999418 -0.0875558 -1.56097 -0.133552
FixedParameters: 0 0 0

#Transform 27
Transform: AffineTransform_float_3_3
Parameters: 0.999883 -0.0153008 -0.000217435 0.0152991 0.999261 0.0352448 -0.000322444 -0.0352442 0.999378 -0.0423015 -1.50247 -0.0431949
FixedParameters: 0 0 0

#Transform 28
Transform: AffineTransform_float_3_3
Parameters: 0.999926 -0.0121456 -0.0012255 0.0121744 0.999568 0.0267561 0.000899493 -0.0267689 0.999641 -0.0645686 -1.17381 0.0597697
FixedParameters: 0 0 0

#Transform 29
Transform: AffineTransform_float_3_3
Parameters: 0.999939 -0.0109865 -0.000131278 0.0109854 0.999561 0.0275082 -0.000171271 -0.0275088 0.999621 -0.12214 -1.20902 0.149665
FixedParameters: 0 0 0

#Transform 30
Transform: AffineTransform_float_3_3
Parameters: 0.999949 -0.0100327 0.000979284 0.0100123 0.999765 0.0192318 -0.00117171 -0.0192202 0.999814 -0.127286 -0.82863 0.164278
FixedParameters: 0 0 0

#Transform 31
Transform: AffineTransform_float_3_3
Parameters: 0.999966 -0.0081791 0.00148808 0.0081509 0.999805 0.0179987 -0.00163492 -0.0179852 0.999837 -0.139278 -0.794673 0.185832
FixedParameters: 0 0 0

#Transform 32
Transform: AffineTransform_float_3_3
Parameters: 0.999987 -0.0049441 0.000313934 0.00493891 0.999882 0.0145837 -0.000385061 -0.0145813 0.999893 -0.0801224 -0.579746 0.21182
FixedParameters: 0 0 0

#Transform 33
Transform: AffineTransform_float_3_3
Parameters: 0.999987 -0.00505066 -0.00079938 0.00505934 0.999913 0.0121391 0.000738629 -0.0121429 0.999926 -0.0345559 -0.501678 0.0991923
FixedParameters: 0 0 0

#Transform 34
Transform: AffineTransform_float_3_3
Parameters: 0.999989 -0.00425156 -0.00167375 0.00426744 0.999948 0.00932896 0.00163424 -0.00933605 0.999955 -0.00398138 -0.375882 0.0681545
FixedParameters: 0 0 0

#Transform 35
Transform: AffineTransform_float_3_3
Parameters: 0.999994 -0.00345561 -0.00122885 0.00346338 0.999971 0.00689079 0.00120415 -0.00689521 0.999975 -0.0515608 -0.323777 -0.0442363
FixedParameters: 0 0 0

#Transform 36
Transform: AffineTransform_float_3_3
Parameters: 0.999991 -0.00393422 0.00106715 0.00392577 0.999964 0.00759825 -0.00109785 -0.00759374 0.99997 -0.11377 -0.257184 0.0457126
FixedParameters: 0 0 0

#Transform 37
Transform: AffineTransform_float_3_3
Parameters: 0.999986 -0.00529271 0.00118876 0.00527929 0.999932 0.0104524 -0.00124423 -0.0104456 0.999944 -0.1288 -0.391665 0.129077
FixedParameters: 0 0 0

#Transform 38
Transform: AffineTransform_float_3_3
Parameters: 0.999983 -0.00520643 -0.00269097 0.00524357 0.999886 0.0141481 0.00261704 -0.0141619 0.999897 -0.0429052 -0.622419 0.0208419
FixedParameters: 0 0 0

#Transform 39
Transform: AffineTransform_float_3_3
Parameters: 0.999985 -0.00479482 -0.00260826 0.00482518 0.99992 0.0116906 0.00255174 -0.0117024 0.999929 -0.0541908 -0.480592 0.00751798
FixedParameters: 0 0 0

#Transform 40
Transform: AffineTransform_float_3_3
Parameters: 0.999989 -0.00442468 -0.00162187 0.00443232 0.999977 0.00516087 0.00159913 -0.00516813 0.999986 -0.0630557 -0.162384 -0.0225312
FixedParameters: 0 0 0

#Transform 41
Transform: AffineTransform_float_3_3
Parameters: 0.999988 -0.00490747 0.000189132 0.00490753 0.999985 0.00241896 -0.00020087 -0.00241804 0.999997 -0.114605 -0.102739 0.061285
FixedParameters: 0 0 0

#Transform 42
Transform: AffineTransform_float_3_3
Parameters: 0.999988 -0.00490599 -0.000435584 0.00490702 0.999985 0.00235989 0.000424415 -0.00236211 0.999997 -0.0884856 -0.10008 0.078952
FixedParameters: 0 0 0

#Transform 43
Transform: AffineTransform_float_3_3
Parameters: 0.999988 -0.0049054 -0.00102468 0.0049076 0.999986 0.00156199 0.00101732 -0.00156701 0.999999 -0.060796 -0.0963488 0.0936156
FixedParameters: 0 0 0

#Transform 44
Transform: AffineTransform_float_3_3
Parameters: 0.999988 -0.00490437 -0.00106418 0.00490763 0.999985 0.00247981 0.00105182 -0.00248519 0.999997 -0.066299 -0.161065 -0.0407162
FixedParameters: 0 0 0

#Transform 45
Transform: AffineTransform_float_3_3
Parameters: 0.999985 -0.0054879 -0.00114173 0.00549411 0.999971 0.00541081 0.00111227 -0.00541719 0.999984 -0.0434439 -0.275979 -0.00734627
FixedParameters: 0 0 0

#Transform 46
Transform: AffineTransform_float_3_3
Parameters: 0.999982 -0.00576638 -0.00196543 0.00578062 0.999959 0.00699776 0.00192456 -0.00700922 0.999973 -0.00956259 -0.329174 0.0963694
FixedParameters: 0 0 0

#Transform 47
Transform: AffineTransform_float_3_3
Parameters: 0.999982 -0.00586129 -0.00129215 0.00586971 0.99996 0.00684154 0.00125185 -0.00684946 0.999976 -0.0345067 -0.286479 0.0375236
FixedParameters: 0 0 0

#Transform 48
Transform: AffineTransform_float_3_3
Parameters: 0.999982 -0.00594852 -0.000465865 0.00595148 0.999967 0.00552232 0.000432134 -0.00552467 0.999984 -0.0697255 -0.267021 -0.0764765
FixedParameters: 0 0 0

#Transform 49
Transform: AffineTransform_float_3_3
Parameters: 0.999985 -0.00558333 -0.000478005 0.00558767 0.999952 0.00805646 0.000432993 -0.00805855 0.999968 -0.0562352 -0.351357 0.0888432
FixedParameters: 0 0 0

#Transform 50
Transform: AffineTransform_float_3_3
Parameters: 0.999986 -0.00512977 0.000749617 0.00512223 0.999936 0.010026 -0.000800386 -0.010022 0.99995 -0.0907837 -0.380298 -0.0105446
FixedParameters: 0 0 0

#Transform 51
Transform: AffineTransform_float_3_3
Parameters: 0.999989 -0.00430923 0.00151936 0.00428677 0.999888 0.0143447 -0.00158064 -0.0143383 0.999896 -0.11607 -0.618079 -0.00146684
FixedParameters: 0 0 0

#Transform 52
Transform: AffineTransform_float_3_3
Parameters: 0.999983 -0.00563875 0.00100012 0.00562425 0.999884 0.0141869 -0.00107988 -0.0141811 0.999899 -0.0746995 -0.590201 0.0362712
FixedParameters: 0 0 0

#Transform 53
Transform: AffineTransform_float_3_3
Parameters: 0.999992 -0.00355232 0.00187411 0.00352567 0.999891 0.0143837 -0.0019259 -0.0143763 0.999895 -0.116712 -0.676332 0.006096
FixedParameters: 0 0 0

#Transform 54
Transform: AffineTransform_float_3_3
Parameters: 0.999989 -0.00418598 0.00217363 0.00415301 0.99988 0.0149632 -0.00223637 -0.0149538 0.999885 -0.105164 -0.647698 -0.0384109
FixedParameters: 0 0 0

#Transform 55
Transform: AffineTransform_float_3_3
Parameters: 0.999991 -0.0041111 0.00151056 0.0040889 0.99988 0.0149893 -0.00157245 -0.0149827 0.999886 -0.0681291 -0.622697 -0.0936738
FixedParameters: 0 0 0

#Transform 56
Transform: AffineTransform_float_3_3
Parameters: 0.999987 -0.00428055 0.0025418 0.00424345 0.999885 0.014599 -0.0026042 -0.014588 0.99989 -0.0987904 -0.599109 -0.11172
FixedParameters: 0 0 0

#Transform 57
Transform: AffineTransform_float_3_3
Parameters: 0.999988 -0.00433446 0.0022295 0.00429854 0.999861 0.0161048 -0.0022995 -0.0160942 0.999868 -0.0848782 -0.704378 0.00358615
FixedParameters: 0 0 0

#Transform 58
Transform: AffineTransform_float_3_3
Parameters: 0.99999 -0.00432105 0.00134822 0.00429895 0.999852 0.016657 -0.00141979 -0.016651 0.999861 -0.0676559 -0.729978 0.0674817
FixedParameters: 0 0 0

#Transform 59
Transform: AffineTransform_float_3_3
Parameters: 0.999982 -0.00571324 0.00178195 0.00568776 0.99988 0.0143994 -0.00186407 -0.0143896 0.999894 -0.0906712 -0.629323 0.0903262
FixedParameters: 0 0 0

#Transform 60
Transform: AffineTransform_float_3_3
Parameters: 0.999985 -0.00534548 0.000137067 0.00534351 0.999885 0.0142079 -0.000212935 -0.0142061 0.999899 -0.0240745 -0.680899 0.015661
FixedParameters: 0 0 0

#Transform 61
Transform: AffineTransform_float_3_3
Parameters: 0.999985 -0.00558601 0.000201031 0.00558299 0.999903 0.0127083 -0.000271968 -0.0127067 0.999919 0.0578943 -0.452519 0.0265848
FixedParameters: 0 0 0

#Transform 62
Transform: AffineTransform_float_3_3
Parameters: 0.999986 -0.0052532 0.000480972 0.0052458 0.99989 0.0139117 -0.000554027 -0.0139093 0.999903 0.0564964 -0.595901 0.019843
FixedParameters: 0 0 0

#Transform 63
Transform: AffineTransform_float_3_3
Parameters: 0.999997 -0.00239359 -8.12256e-05 0.00239442 0.999982 0.00552482 6.87717e-05 -0.00552518 0.999984 -0.0350815 -0.195378 0.0292971
FixedParameters: 0 0 0

#Transform 64
Transform: AffineTransform_float_3_3
Parameters: 0.999995 -0.00296142 -0.000507284 0.00296258 0.99999 0.00313351 0.000498715 -0.00313549 0.999995 -0.00377687 -0.159753 0.00609324
FixedParameters: 0 0 0

#Transform 65
Transform: AffineTransform_float_3_3
Parameters: 0.999995 -0.00289974 -0.00136967 0.00290126 0.999996 0.000920031 0.00136632 -0.000923967 0.999998 0.0394877 0.000122575 0.0502212
FixedParameters: 0 0 0

#Transform 66
Transform: AffineTransform_float_3_3
Parameters: 0.999995 -0.0024982 -0.0018804 0.00250081 0.999997 0.000958302 0.0018786 -0.000962698 0.999998 0.0416476 -0.0262667 -0.0800598
FixedParameters: 0 0 0

#Transform 67
Transform: AffineTransform_float_3_3
Parameters: 0.999996 -0.00146179 -0.00209815 0.00146221 0.999999 9.89324e-05 0.00209785 -0.000102067 0.999998 0.0516265 0.0298956 -0.0942357
FixedParameters: 0 0 0

#Transform 68
Transform: AffineTransform_float_3_3
Parameters: 1 -0.000617867 -0.000816859 0.000619133 0.999999 0.00138849 0.000815141 -0.0013885 0.999998 0.000862397 -0.0218891 -0.0518504
FixedParameters: 0 0 0

#Transform 69
Transform: AffineTransform_float_3_3
Parameters: 0.999999 -0.000815463 -0.00110614 0.000816537 0.999998 0.0013901 0.00110487 -0.0013909 0.999999 0.0215386 -0.034957 -0.0800921
FixedParameters: 0 0 0

#Transform 70
Transform: AffineTransform_float_3_3
Parameters: 0.999999 -0.000816092 -0.00110567 0.000816908 1 0.000821098 0.00110433 -0.000821902 0.999999 0.0114054 0.00684684 -0.109899
FixedParameters: 0 0 0

#Transform 71
Transform: AffineTransform_float_3_3
Parameters: 0.999999 -0.000875489 -0.000542824 0.000875511 0.999999 0.000941525 0.000542176 -0.000941475 0.999999 0.00680438 -0.00205432 -0.19001
FixedParameters: 0 0 0

#Transform 72
Transform: AffineTransform_float_3_3
Parameters: 0.999999 -0.00121334 -0.00140776 0.00121966 0.999988 0.00473629 0.00140224 -0.00473871 0.999988 0.0429968 -0.170053 -0.187471
FixedParameters: 0 0 0

#Transform 73
Transform: AffineTransform_float_3_3
Parameters: 0.999991 -0.0025405 -0.00340414 0.0025385 0.999996 -0.000737648 0.00340686 0.000729351 0.999994 0.157195 0.0811057 -0.226928
FixedParameters: 0 0 0

#Transform 74
Transform: AffineTransform_float_3_3
Parameters: 0.999999 -9.40477e-05 -0.0015567 0.000104954 0.999975 0.00703685 0.0015563 -0.00703716 0.999974 0.048399 -0.271411 -0.100536
FixedParameters: 0 0 0

#Transform 75
Transform: AffineTransform_float_3_3
Parameters: 0.999998 -0.000225236 -0.00170402 0.000239765 0.999963 0.00866961 0.00170198 -0.0086694 0.999961 0.0364096 -0.326977 -0.00893219
FixedParameters: 0 0 0

#Transform 76
Transform: AffineTransform_float_3_3
Parameters: 0.999999 0.000163794 -0.00180631 -0.000155207 0.99999 0.00431429 0.00180669 -0.00431371 0.999989 0.0543132 -0.17148 -0.168907
FixedParameters: 0 0 0

#Transform 77
Transform: AffineTransform_float_3_3
Parameters: 0.999999 -0.000226397 -0.00155804 0.000240602 0.999962 0.00873563 0.00155596 -0.00873636 0.99996 0.0198162 -0.329995 -0.172307
FixedParameters: 0 0 0

#Transform 78
Transform: AffineTransform_float_3_3
Parameters: 0.999998 0.000290037 -0.00155434 -0.00028096 0.999983 0.00581044 0.00155666 -0.00581056 0.999982 0.0566424 -0.181436 -0.181394
FixedParameters: 0 0 0

#Transform 79
Transform: AffineTransform_float_3_3
Parameters: 0.999999 0.00103163 -0.00155029 -0.00102237 0.999984 0.0055576 0.00155671 -0.00555641 0.999984 0.0360832 -0.180703 -0.140312
FixedParameters: 0 0 0

#Transform 80
Transform: AffineTransform_float_3_3
Parameters: 0.999999 0.00090085 -0.00155262 -0.000895149 0.999993 0.0037644 0.00155638 -0.0037626 0.999991 0.0504274 -0.101636 -0.14121
FixedParameters: 0 0 0

#Transform 81
Transform: AffineTransform_float_3_3
Parameters: 0.999997 -0.000219795 -0.00248202 0.000231203 0.99999 0.00451444 0.00248098 -0.00451556 0.999986 0.10015 -0.113062 -0.17865
FixedParameters: 0 0 0

#Transform 82
Transform: AffineTransform_float_3_3
Parameters: 0.999997 -0.000854476 -0.00254957 0.000867528 0.999985 0.0053088 0.00254543 -0.00531019 0.999982 0.0983151 -0.157087 -0.163125
FixedParameters: 0 0 0

#Transform 83
Transform: AffineTransform_float_3_3
Parameters: 0.999995 -0.000855065 -0.00298773 0.000867939 0.99999 0.00433143 0.00298427 -0.00433357 0.999986 0.109521 -0.143473 -0.173809
FixedParameters: 0 0 0

#Transform 84
Transform: AffineTransform_float_3_3
Parameters: 0.999983 -0.00236253 -0.00535738 0.00240547 0.999964 0.00812225 0.00533762 -0.00813575 0.999952 0.215793 -0.327381 -0.103164
FixedParameters: 0 0 0

#Transform 85
Transform: AffineTransform_float_3_3
Parameters: 0.99999 -0.000819432 -0.00440954 0.000832563 0.999995 0.00307536 0.00440646 -0.00307964 0.999985 0.154577 -0.0965019 -0.111528
FixedParameters: 0 0 0

#Transform 86
Transform: AffineTransform_float_3_3
Parameters: 0.999994 -0.00284081 -0.00225746 0.00283819 0.999995 -0.00124842 0.00226153 0.00124158 0.999996 0.116246 0.092793 -0.0830034
FixedParameters: 0 0 0

#Transform 87
Transform: AffineTransform_float_3_3
Parameters: 0.999998 -0.00166094 -0.00109908 0.00166105 0.999998 4.91745e-05 0.00109892 -5.08253e-05 1 0.0533305 0.032464 -0.0390146
FixedParameters: 0 0 0

#Transform 88
Transform: AffineTransform_float_3_3
Parameters: 1 -0.00110027 -0.000431302 0.00109973 0.999999 -0.000634475 0.000431698 0.000634525 0.999999 0.0362728 0.0641429 -0.00162619
FixedParameters: 0 0 0

#Transform 89
Transform: AffineTransform_float_3_3
Parameters: 0.999996 -0.00248334 -0.00130817 0.00248467 0.999996 0.00127276 0.00130484 -0.00127525 0.999999 0.0112266 -0.0138826 -0.156896
FixedParameters: 0 0 0

#Transform 90
Transform: AffineTransform_float_3_3
Parameters: 0.999997 -0.00222466 -0.0010289 0.00222534 0.999996 0.00130071 0.0010261 -0.00130329 0.999998 0.00141184 -0.0337643 -0.148182
FixedParameters: 0 0 0

#Transform 91
Transform: AffineTransform_float_3_3
Parameters: 0.999999 -0.00098585 0.00143273 0.000984151 0.999998 0.00129141 -0.00143327 -0.00128959 0.999998 -0.0353095 -0.0705631 -0.0534516
FixedParameters: 0 0 0

#Transform 92
Transform: AffineTransform_float_3_3
Parameters: 0.999999 -0.00123467 0.00026692 0.00123433 0.999996 0.00249533 -0.00027008 -0.00249467 0.999997 0.0122343 -0.147703 0.00486005
FixedParameters: 0 0 0

#Transform 93
Transform: AffineTransform_float_3_3
Parameters: 0.999782 -0.0202336 -0.00526636 0.0203804 0.99936 0.0294061 0.00466763 -0.0295069 0.999553 0.127691 -1.35906 0.257582
FixedParameters: 0 0 0

#Transform 94
Transform: AffineTransform_float_3_3
Parameters: 0.99995 -0.00897029 -0.00438235 0.0090447 0.999809 0.0173362 0.00422566 -0.0173748 0.99984 0.0768387 -0.783773 0.132612
FixedParameters: 0 0 0

#Transform 95
Transform: AffineTransform_float_3_3
Parameters: 0.999971 -0.00652985 -0.00404738 0.00659415 0.999849 0.0160448 0.00394162 -0.0160712 0.999863 0.0606559 -0.742076 -0.0203492
FixedParameters: 0 0 0

#Transform 96
Transform: AffineTransform_float_3_3
Parameters: 0.999986 -0.00462021 -0.00249969 0.00466479 0.99983 0.0178046 0.0024173 -0.0178164 0.999839 0.00824154 -0.668304 -0.000313716
FixedParameters: 0 0 0

#Transform 97
Transform: AffineTransform_float_3_3
Parameters: 0.999996 -0.00271515 -0.000996261 0.00272484 0.999946 0.0100203 0.000968742 -0.0100227 0.99995 -0.032161 -0.371538 -0.0361129
FixedParameters: 0 0 0

#Transform 98
Transform: AffineTransform_float_3_3
Parameters: 0.999991 -0.00392057 -0.00160718 0.00393842 0.999932 0.0109858 0.00156382 -0.0109922 0.999939 0.0196566 -0.497993 0.003556
FixedParameters: 0 0 0

#Transform 99
Transform: AffineTransform_float_3_3
Parameters: 0.999988 -0.00398855 -0.00303642 0.00401845 0.999941 0.0100889 0.00299559 -0.0101011 0.999944 0.0773271 -0.435653 0.0273219
FixedParameters: 0 0 0

#Transform 100
Transform: AffineTransform_float_3_3
Parameters: 0.999987 -0.00333973 -0.00378987 0.00338027 0.999938 0.0106693 0.00375413 -0.0106817 0.999936 0.127665 -0.496337 -0.0646965
FixedParameters: 0 0 0

#Transform 101
Transform: AffineTransform_float_3_3
Parameters: 0.999992 -0.00295086 -0.00278141 0.00298115 0.999932 0.0112598 0.00274859 -0.0112682 0.999932 0.0718964 -0.451377 0.0680022
FixedParameters: 0 0 0

#Transform 102
Transform: AffineTransform_float_3_3
Parameters: 0.999988 -0.00440286 -0.00238873 0.00443015 0.999925 0.0114796 0.00233827 -0.0114904 0.999932 0.110906 -0.368794 0.0281579
FixedParameters: 0 0 0

#Transform 103
Transform: AffineTransform_float_3_3
Parameters: 0.999999 0.00149778 0.000407818 -0.00150122 0.999944 0.0105454 -0.00039219 -0.0105466 0.999945 -0.106974 -0.399547 -0.104706
FixedParameters: 0 0 0

#Transform 104
Transform: AffineTransform_float_3_3
Parameters: 0.999997 0.000490586 -0.00267892 -0.000462412 0.999943 0.0106613 0.00268408 -0.0106597 0.999939 0.109155 -0.428772 -0.15779
FixedParameters: 0 0 0

#Transform 105
Transform: AffineTransform_float_3_3
Parameters: 0.999996 -0.00123486 -0.0026095 0.00126315 0.999941 0.0108097 0.0025965 -0.0108133 0.999938 0.0819337 -0.339134 -0.180141
FixedParameters: 0 0 0

#Transform 106
Transform: AffineTransform_float_3_3
Parameters: 0.999996 -0.0020801 -0.00202622 0.00209091 0.999986 0.00489778 0.00201678 -0.00490221 0.999986 0.0869693 -0.116882 -0.165393
FixedParameters: 0 0 0

#Transform 107
Transform: AffineTransform_float_3_3
Parameters: 0.999998 -0.00159168 -0.00172222 0.00159232 0.999999 0.00076426 0.00172078 -0.000766742 0.999998 0.0846091 0.073387 -0.107429
FixedParameters: 0 0 0

#Transform 108
Transform: AffineTransform_float_3_3
Parameters: 0.999996 -0.00232757 -0.00164544 0.00233043 0.999996 0.00147717 0.00164255 -0.00148183 0.999997 0.0738069 0.00700567 -0.0863945
FixedParameters: 0 0 0

#Transform 109
Transform: AffineTransform_float_3_3
Parameters: 0.999993 -0.00304743 -0.00248646 0.00306358 0.999973 0.00669043 0.00246655 -0.00669756 0.999974 0.0811559 -0.26335 -0.120948
FixedParameters: 0 0 0

#Transform 110
Transform: AffineTransform_float_3_3
Parameters: 0.999969 -0.00727855 -0.0029718 0.00734144 0.999741 0.0215739 0.00281319 -0.0215951 0.999763 0.0974007 -1.00427 0.0147066
FixedParameters: 0 0 0

#Transform 111
Transform: AffineTransform_float_3_3
Parameters: 0.999987 -0.00513902 -0.00101204 0.00515698 0.999812 0.018652 0.000915958 -0.0186569 0.999825 0.0757511 -0.918168 -0.0190585
FixedParameters: 0 0 0

#Transform 112
Transform: AffineTransform_float_3_3
Parameters: 0.99999 -0.00427045 -0.00179595 0.00430255 0.999829 0.0179475 0.00171904 -0.0179555 0.999838 0.139016 -0.828391 -0.0497227
FixedParameters: 0 0 0

#Transform 113
Transform: AffineTransform_float_3_3
Parameters: 0.999995 -0.00313841 -0.00104272 0.0031576 0.999827 0.0183338 0.00098527 -0.0183372 0.999832 0.0632821 -0.816487 -0.0418735
FixedParameters: 0 0 0

#Transform 114
Transform: AffineTransform_float_3_3
Parameters: 0.999989 -0.00462818 -0.000852779 0.00464281 0.999822 0.0182853 0.000767226 -0.0182888 0.999833 0.0119756 -0.790625 -0.188598
FixedParameters: 0 0 0

#Transform 115
Transform: AffineTransform_float_3_3
Parameters: 0.999982 -0.00599314 -0.000565581 0.00600285 0.999793 0.019433 0.000448421 -0.019436 0.999811 -0.00475928 -0.726454 -0.233889
FixedParameters: 0 0 0

#Transform 116
Transform: AffineTransform_float_3_3
Parameters: 0.999992 -0.00402955 7.00367e-05 0.00402744 0.999873 0.0153794 -0.000131957 -0.0153796 0.999881 -0.0312261 -0.543403 -0.384446
FixedParameters: 0 0 0

#Transform 117
Transform: AffineTransform_float_3_3
Parameters: 0.999997 -0.00204316 0.000687891 0.00203084 0.99985 0.0172344 -0.000723105 -0.0172326 0.999851 -0.0339797 -0.609069 -0.140879
FixedParameters: 0 0 0

#Transform 118
Transform: AffineTransform_float_3_3
Parameters: 0.999998 -0.00113285 0.00154871 0.00110616 0.999851 0.0172307 -0.00156729 -0.0172293 0.999851 -0.0634019 -0.604431 -0.235814
FixedParameters: 0 0 0

#Transform 119
Transform: AffineTransform_float_3_3
Parameters: 0.999997 -0.000966843 0.00195653 0.00093715 0.999884 0.0151969 -0.00197147 -0.0151951 0.999882 -0.080467 -0.494083 -0.501147
FixedParameters: 0 0 0

#Transform 120
Transform: AffineTransform_float_3_3
Parameters: 0.999999 -0.00095111 0.00105699 0.000940891 0.999954 0.00952401 -0.00106601 -0.009523 0.999954 -0.0399001 -0.311016 -0.481615
FixedParameters: 0 0 0

#Transform 121
Transform: AffineTransform_float_3_3
Parameters: 0.999997 -0.00166858 0.00176527 0.00165443 0.99997 0.00766395 -0.00177773 -0.00766106 0.999969 -0.0454181 -0.277463 -0.559578
FixedParameters: 0 0 0

#Transform 122
Transform: AffineTransform_float_3_3
Parameters: 0.999991 -0.00249677 0.00343701 0.00247623 0.999978 0.00603256 -0.00345199 -0.00602443 0.999976 -0.066959 -0.238361 -0.596591
FixedParameters: 0 0 0

#Transform 123
Transform: AffineTransform_float_3_3
Parameters: 0.999996 -0.000927205 0.00273657 0.0009078 0.999975 0.00701051 -0.00274243 -0.00700848 0.999971 -0.0597124 -0.325672 -0.364173
FixedParameters: 0 0 0

#Transform 124
Transform: AffineTransform_float_3_3
Parameters: 0.999997 -0.00131367 0.00216076 0.00129534 0.999962 0.00861983 -0.00217125 -0.00861718 0.999961 -0.0382509 -0.371287 -0.179223
FixedParameters: 0 0 0

#Transform 125
Transform: AffineTransform_float_3_3
Parameters: 0.999996 -0.00100252 0.00262714 0.000979476 0.999959 0.0089406 -0.00263586 -0.00893739 0.999956 -0.0421576 -0.379323 -0.10849
FixedParameters: 0 0 0

#Transform 126
Transform: AffineTransform_float_3_3
Parameters: 0.999996 -0.00149598 0.00237754 0.00147602 0.999964 0.00838354 -0.00239046 -0.00837946 0.999962 -0.0250455 -0.328316 -0.0665382
FixedParameters: 0 0 0

#Transform 127
Transform: AffineTransform_float_3_3
Parameters: 0.999987 -0.000126806 0.00499659 4.51854e-05 0.999866 0.0163694 -0.00499841 -0.0163686 0.999854 -0.208286 -0.789849 -0.0887597
FixedParameters: 0 0 0

#Transform 128
Transform: AffineTransform_float_3_3
Parameters: 0.999906 -0.00187413 0.0135333 0.00139488 0.999375 0.0353272 -0.0135907 -0.0353048 0.999284 -0.399103 -1.39522 -0.351047
FixedParameters: 0 0 0

#Transform 129
Transform: AffineTransform_float_3_3
Parameters: 0.99991 0.000644994 0.0134057 -0.00082301 0.999911 0.0132772 -0.0133962 -0.0132868 0.999822 -0.397602 -0.513647 -0.357374
FixedParameters: 0 0 0

#Transform 130
Transform: AffineTransform_float_3_3
Parameters: 0.999922 0.000462856 0.0124283 -0.000588147 0.999949 0.0101485 -0.0124227 -0.0101545 0.999872 -0.350838 -0.372236 -0.384056
FixedParameters: 0 0 0

#Transform 131
Transform: AffineTransform_float_3_3
Parameters: 0.999947 0.000512022 0.0102601 -0.00058898 0.999971 0.00750135 -0.0102559 -0.00750665 0.999919 -0.270498 -0.208445 -0.480174
FixedParameters: 0 0 0

#Transform 132
Transform: AffineTransform_float_3_3
Parameters: 0.999966 0.000102195 0.00833364 -0.000144802 0.999987 0.00513597 -0.00833237 -0.00513703 0.999952 -0.159115 -0.0799786 -0.404679
FixedParameters: 0 0 0

#Transform 133
Transform: AffineTransform_float_3_3
Parameters: 0.999978 -0.00032007 0.00670786 0.00029493 0.999993 0.00373806 -0.00670916 -0.00373594 0.999971 -0.0929827 -0.0808688 -0.302864
FixedParameters: 0 0 0

#Transform 134
Transform: AffineTransform_float_3_3
Parameters: 0.99998 -0.000557936 0.00619397 0.000535067 0.999993 0.00370339 -0.00619602 -0.00370061 0.999974 -0.105359 -0.120666 -0.251975
FixedParameters: 0 0 0

#Transform 135
Transform: AffineTransform_float_3_3
Parameters: 0.99998 -0.00127446 0.00618072 0.00119754 0.999923 0.0123576 -0.00619627 -0.0123503 0.999904 -0.135151 -0.567192 -0.308248
FixedParameters: 0 0 0

#Transform 136
Transform: AffineTransform_float_3_3
Parameters: 0.999993 -0.000600952 0.00388838 0.000535055 0.999857 0.0169402 -0.00389762 -0.0169378 0.999849 -0.0180751 -0.654392 -0.0254545
FixedParameters: 0 0 0

#Transform 137
Transform: AffineTransform_float_3_3
Parameters: 0.999998 0.00166657 -0.00096608 -0.00164444 0.999737 0.0229066 0.00100393 -0.0229044 0.999737 0.10552 -0.986876 0.268655
FixedParameters: 0 0 0

#Transform 138
Transform: AffineTransform_float_3_3
Parameters: 0.999996 0.000589745 -0.00299485 -0.00052925 0.999801 0.0199117 0.00300614 -0.0199093 0.999798 0.124122 -0.742358 0.243653
FixedParameters: 0 0 0

#Transform 139
Transform: AffineTransform_float_3_3
Parameters: 0.999994 -0.000151462 -0.00353224 0.000177538 0.999972 0.00751442 0.00353077 -0.00751458 0.999966 0.133898 -0.169145 -0.0365296
FixedParameters: 0 0 0

#Transform 140
Transform: AffineTransform_float_3_3
Parameters: 0.999994 -0.000388549 -0.0032715 0.000401448 0.999992 0.00380571 0.0032695 -0.00380729 0.999988 0.141022 -0.03961 -0.0569958
FixedParameters: 0 0 0

#Transform 141
Transform: AffineTransform_float_3_3
Parameters: 0.999998 -0.000325248 -0.0018482 0.000331754 0.999994 0.00365339 0.0018478 -0.00365461 0.999991 0.0935745 -0.120296 -0.177452
FixedParameters: 0 0 0

#Transform 142
Transform: AffineTransform_float_3_3
Parameters: 0.999999 0.000317748 -0.0012936 -0.000312254 0.99999 0.00444141 0.0012944 -0.00444059 0.99999 0.0657009 -0.142928 -0.244287
FixedParameters: 0 0 0

#Transform 143
Transform: AffineTransform_float_3_3
Parameters: 0.999999 -9.68905e-05 -0.00171524 0.000100111 0.999997 0.00239583 0.00171577 -0.00239617 0.999995 0.0959723 -0.0416125 -0.231587
FixedParameters: 0 0 0

#Transform 144
Transform: AffineTransform_float_3_3
Parameters: 0.999999 -9.93525e-05 -0.00135712 0.000100647 1 0.00121387 0.00135688 -0.00121414 0.999999 0.0725141 0.00396107 -0.230242
FixedParameters: 0 0 0

#Transform 145
Transform: AffineTransform_float_3_3
Parameters: 0.999999 -0.000914022 0.00014986 0.000913976 0.999999 0.000153137 -0.00015014 -0.000152863 1 -0.012547 0.0471879 -0.544383
FixedParameters: 0 0 0

#Transform 146
Transform: AffineTransform_float_3_3
Parameters: 0.999997 0.000859036 0.00196705 -0.000865962 0.999994 0.00354131 -0.00196394 -0.0035437 0.999992 -0.0964717 -0.0550839 -0.652786
FixedParameters: 0 0 0

#Transform 147
Transform: AffineTransform_float_3_3
Parameters: 1 -0.000123394 -0.000270278 0.000124608 0.999998 0.00224297 0.000270721 -0.00224304 0.999998 0.0304654 0.0244923 -0.45611
FixedParameters: 0 0 0

#Transform 148
Transform: AffineTransform_float_3_3
Parameters: 0.999985 -0.00148226 -0.00523466 0.00154975 0.999915 0.0129611 0.00521535 -0.0129689 0.999903 0.197515 -0.417072 -0.367167
FixedParameters: 0 0 0

#Transform 149
Transform: AffineTransform_float_3_3
Parameters: 0.999984 -0.0025329 -0.0052025 0.00263809 0.99979 0.0202946 0.00514951 -0.0203084 0.999781 0.207222 -0.938726 -0.40213
FixedParameters: 0 0 0

#Transform 150
Transform: AffineTransform_float_3_3
Parameters: 0.99998 -0.0054081 -0.00305486 0.0054729 0.99975 0.0216517 0.00293714 -0.0216683 0.999761 0.162281 -0.820829 -0.120714
FixedParameters: 0 0 0

#Transform 151
Transform: AffineTransform_float_3_3
Parameters: 0.999999 -2.78606e-05 -0.00148765 5.2145e-05 0.999869 0.0162289 0.00148735 -0.0162291 0.999867 0.146497 -0.547638 -0.452135
FixedParameters: 0 0 0

#Transform 152
Transform: AffineTransform_float_3_3
Parameters: 0.999997 -0.000326339 -0.00266472 0.000324661 0.999999 -0.000877868 0.00266529 0.000877133 0.999996 0.148754 0.101719 -0.0912068
FixedParameters: 0 0 0

#Transform 153
Transform: AffineTransform_float_3_3
Parameters: 0.999994 -0.000102126 -0.00325978 9.48728e-05 0.999997 -0.00218632 0.00326022 0.00218568 0.999993 0.19081 0.155082 0.00362458
FixedParameters: 0 0 0

#Transform 154
Transform: AffineTransform_float_3_3
Parameters: 0.999996 -0.000902212 -0.00276501 0.000892787 0.999994 -0.00333148 0.00276799 0.00332852 0.99999 0.17638 0.17892 0.0393315
FixedParameters: 0 0 0

#Transform 155
Transform: AffineTransform_float_3_3
Parameters: 0.999995 -0.000846318 -0.00325888 0.000841683 0.999999 -0.00132575 0.00326012 0.00132325 0.999994 0.183421 0.0650013 0.0249679
FixedParameters: 0 0 0

#Transform 156
Transform: AffineTransform_float_3_3
Parameters: 0.999994 -0.00131381 -0.00297276 0.00131119 0.999998 -0.000947903 0.00297424 0.000944097 0.999995 0.165726 0.100018 0.0646843
FixedParameters: 0 0 0

#Transform 157
Transform: AffineTransform_float_3_3
Parameters: 0.999997 -0.00113634 -0.00246827 0.00115266 0.999979 0.00635118 0.00246073 -0.00635382 0.999977 0.144485 -0.240246 0.122462
FixedParameters: 0 0 0

#Transform 158
Transform: AffineTransform_float_3_3
Parameters: 0.999998 -0.00130119 -0.00108388 0.00131081 0.999957 0.00909859 0.00107212 -0.00910041 0.999958 0.0808967 -0.412439 0.083424
FixedParameters: 0 0 0

#Transform 159
Transform: AffineTransform_float_3_3
Parameters: 1 -0.000185995 -0.000442276 0.000189003 0.999977 0.00680391 0.000440724 -0.00680408 0.999977 0.0845283 -0.253627 0.0309358
FixedParameters: 0 0 0
