# transform file /out/sourcedata/freesurfer/sub-v2s1x29893_ses-1/mri/transforms/cc_up.lta
# created by oesteban on Thu Mar 12 21:03:57 2026

type      = 0 # LINEAR_VOX_TO_VOX
nxforms   = 1
mean      = 130.0000 130.0000 134.0000
sigma     = 10000.0000
1 4 4
9.894877672195435e-01 4.201433807611465e-02 1.383790075778961e-01 -2.341934013366699e+01 
-4.160941764712334e-02 9.991170167922974e-01 -5.819040816277266e-03 1.321842098236084e+01 
-1.385013014078140e-01 -4.656612873077393e-10 9.903622865676880e-01 1.202925872802734e+01 
0.000000000000000e+00 0.000000000000000e+00 0.000000000000000e+00 1.000000000000000e+00 
src volume info
valid = 1  # volume info valid
filename = /out/sourcedata/freesurfer/sub-v2s1x29893_ses-1/mri/norm.mgz
volume = 256 256 256
voxelsize = 8.999999165534973e-01 8.999999165534973e-01 8.999999165534973e-01
xras   = -1.000000119209290e+00 0.000000000000000e+00 0.000000000000000e+00
yras   = 0.000000000000000e+00 0.000000000000000e+00 -1.000000000000000e+00
zras   = 0.000000000000000e+00 1.000000119209290e+00 0.000000000000000e+00
cras   = -2.239891052246094e+00 1.612637329101562e+01 1.325139617919922e+01
dst volume info
valid = 1  # volume info valid
filename = /out/sourcedata/freesurfer/sub-v2s1x29893_ses-1/mri/norm.mgz
volume = 256 256 256
voxelsize = 8.999999165534973e-01 8.999999165534973e-01 8.999999165534973e-01
xras   = -1.000000119209290e+00 0.000000000000000e+00 0.000000000000000e+00
yras   = 0.000000000000000e+00 0.000000000000000e+00 -1.000000000000000e+00
zras   = 0.000000000000000e+00 1.000000119209290e+00 0.000000000000000e+00
cras   = -2.239891052246094e+00 1.612637329101562e+01 1.325139617919922e+01
