#Insight Transform File V1.0
#Transform 0
Transform: AffineTransform_float_3_3
Parameters: 0.999999 -0.000661264 -0.00129673 0.000679739 0.999894 0.0145011 0.00128728 -0.0145029 0.999894 -0.00109153 -0.285497 -0.335979
FixedParameters: 0 0 0

#Transform 1
Transform: AffineTransform_float_3_3
Parameters: 0.999998 0.00046515 -0.00185849 -0.000454853 0.999985 0.00545786 0.00186051 -0.00545715 0.999984 -0.00503665 -0.0826006 -0.222926
FixedParameters: 0 0 0

#Transform 2
Transform: AffineTransform_float_3_3
Parameters: 0.999997 0.000635043 -0.00210199 -0.000624959 0.999989 0.00477433 0.00210501 -0.00477368 0.999987 0.00277874 -0.0411833 -0.111602
FixedParameters: 0 0 0

#Transform 3
Transform: AffineTransform_float_3_3
Parameters: 0.999997 -0.000453458 -0.00210707 0.000463541 0.999989 0.00453003 0.00210492 -0.00453096 0.999987 0.0236831 0.00829027 0.00301352
FixedParameters: 0 0 0

#Transform 4
Transform: AffineTransform_float_3_3
Parameters: 0.999999 -0.000952174 -0.000952833 0.000954827 0.999995 0.00297009 0.000950168 -0.00297091 0.999995 0.0396124 0.0146849 0.188025
FixedParameters: 0 0 0

#Transform 5
Transform: AffineTransform_float_3_3
Parameters: 0.999999 -0.000791965 -0.000951698 0.000794034 0.999998 0.00214025 0.000949303 -0.00214075 0.999998 0.00367282 0.0191112 0.183654
FixedParameters: 0 0 0

#Transform 6
Transform: AffineTransform_float_3_3
Parameters: 0.999999 -0.000953342 -0.000951664 0.000954657 0.999998 0.00174309 0.000949337 -0.00174391 0.999998 0.0107591 0.0462192 0.185045
FixedParameters: 0 0 0

#Transform 7
Transform: AffineTransform_float_3_3
Parameters: 0.999999 -7.69578e-05 -0.000950085 7.80421e-05 1 0.00109693 0.000949914 -0.00109707 0.999999 0.00200069 0.0147013 0.0657008
FixedParameters: 0 0 0

#Transform 8
Transform: AffineTransform_float_3_3
Parameters: 1 -0.00025864 -0.000950371 0.000260359 0.999999 0.00143075 0.000949628 -0.00143125 0.999998 -0.00655487 0.00828566 0.0845518
FixedParameters: 0 0 0

#Transform 9
Transform: AffineTransform_float_3_3
Parameters: 0.999999 -0.000107521 -0.000950169 0.00010848 0.999999 0.0015579 0.000949832 -0.0015571 0.999999 -0.0224415 0.0191685 0.0818346
FixedParameters: 0 0 0

#Transform 10
Transform: AffineTransform_float_3_3
Parameters: 1 0.000546321 -0.000170976 -0.000546679 0.999998 0.00187409 0.000172025 -0.00187391 0.999998 -0.0497198 -0.0420334 0.0894323
FixedParameters: 0 0 0

#Transform 11
Transform: AffineTransform_float_3_3
Parameters: 1 6.78721e-05 -0.000427862 -6.71276e-05 0.999998 0.00203803 0.000428138 -0.00203797 0.999998 -0.0413517 -0.00674001 0.104385
FixedParameters: 0 0 0

#Transform 12
Transform: AffineTransform_float_3_3
Parameters: 0.999999 -0.00043895 -0.00063273 0.000440049 0.999998 0.00166072 0.00063127 -0.00166028 0.999999 0.012579 0.00962542 0.190014
FixedParameters: 0 0 0

#Transform 13
Transform: AffineTransform_float_3_3
Parameters: 0.999999 -0.000270745 -0.000898378 0.000272254 0.999999 0.00139676 0.00089762 -0.00139724 0.999998 -0.0110486 -0.026379 0.116161
FixedParameters: 0 0 0

#Transform 14
Transform: AffineTransform_float_3_3
Parameters: 1 -0.000271734 -0.000350206 0.000272265 0.999999 0.000758904 0.000349793 -0.000759095 0.999999 0.00744924 0.018775 0.123991
FixedParameters: 0 0 0

#Transform 15
Transform: AffineTransform_float_3_3
Parameters: 1 -0.000467723 -0.000263493 0.000468278 1 0.00105388 0.000263507 -0.00105312 1 0.0182459 0.0115811 0.118998
FixedParameters: 0 0 0

#Transform 16
Transform: AffineTransform_float_3_3
Parameters: 1 -0.000514903 0.000466003 0.000514096 0.999998 0.00193724 -0.000466997 -0.00193676 0.999998 0.00328469 0.0166656 0.351935
FixedParameters: 0 0 0

#Transform 17
Transform: AffineTransform_float_3_3
Parameters: 0.999999 -0.000424235 0.00080535 0.000422765 0.999998 0.00153334 -0.000805648 -0.00153266 0.999998 -0.0273605 0.0536167 0.300956
FixedParameters: 0 0 0

#Transform 18
Transform: AffineTransform_float_3_3
Parameters: 0.999999 -0.000201024 0.000805993 0.000200976 1 3.0162e-05 -0.000806005 -2.9838e-05 0.999999 -0.0238889 0.0367546 0.150178
FixedParameters: 0 0 0

#Transform 19
Transform: AffineTransform_float_3_3
Parameters: 1 -0.000214426 0.000361748 0.000214574 1 0.00117708 -0.000362253 -0.00117792 0.999999 -0.0346524 0.0417136 0.227088
FixedParameters: 0 0 0

#Transform 20
Transform: AffineTransform_float_3_3
Parameters: 1 0.000275959 -0.000394028 -0.000276041 1 -0.000102891 0.000393971 0.000103109 1 0.00808664 0.0121754 -0.00207926
FixedParameters: 0 0 0

#Transform 21
Transform: AffineTransform_float_3_3
Parameters: 1 8.09547e-06 -0.000143995 -7.90452e-06 1 0.000663001 0.000144005 -0.000662999 1 0.00545442 0.0478615 0.136835
FixedParameters: 0 0 0

#Transform 22
Transform: AffineTransform_float_3_3
Parameters: 1 -0.000121112 -0.000143906 0.000120888 0.999999 -0.000777017 0.000144094 0.000776982 0.999999 0.0157553 0.00652169 -0.009473
FixedParameters: 0 0 0

#Transform 23
Transform: AffineTransform_float_3_3
Parameters: 1 0.000409135 -0.000436873 -0.000408864 1 0.000310179 0.000437127 -0.000309821 1 -0.0183322 0.0366338 0.133133
FixedParameters: 0 0 0

#Transform 24
Transform: AffineTransform_float_3_3
Parameters: 1 -9.98243e-05 -0.000554031 0.000100176 1 0.000316944 0.000553968 -0.000317055 1 -0.0145324 0.0329613 0.164332
FixedParameters: 0 0 0

#Transform 25
Transform: AffineTransform_float_3_3
Parameters: 0.999999 0.000426583 -0.00143824 -0.000423418 0.999999 0.00179561 0.00143876 -0.00179539 0.999998 0.00862223 0.00688499 0.328345
FixedParameters: 0 0 0

#Transform 26
Transform: AffineTransform_float_3_3
Parameters: 1 0.000635654 -0.00103037 -0.000633345 0.999997 0.00257366 0.00103263 -0.00257335 0.999996 -0.0201056 0.0348534 0.392651
FixedParameters: 0 0 0

#Transform 27
Transform: AffineTransform_float_3_3
Parameters: 1 0.000371206 -0.000946919 -0.000371794 1 0.000218352 0.000947081 -0.000217648 0.999999 -0.00486732 -0.0100622 0.150348
FixedParameters: 0 0 0

#Transform 28
Transform: AffineTransform_float_3_3
Parameters: 1 0.000285203 -0.000961644 -0.000283799 0.999999 0.00125027 0.000961356 -0.00125073 0.999999 -0.0274645 0.0494422 0.217336
FixedParameters: 0 0 0

#Transform 29
Transform: AffineTransform_float_3_3
Parameters: 0.999999 0.000284254 -0.000925921 -0.000283745 1 0.000275263 0.000926077 -0.000274737 0.999999 -0.00634723 0.0252531 0.146613
FixedParameters: 0 0 0

#Transform 30
Transform: AffineTransform_float_3_3
Parameters: 1 0.000284824 -0.00097476 -0.000284176 0.999999 0.000845277 0.000975241 -0.000844722 0.999999 -0.0369817 0.0429865 0.174748
FixedParameters: 0 0 0

#Transform 31
Transform: AffineTransform_float_3_3
Parameters: 1 -0.000116878 0.000501028 0.000117122 1 -0.000242941 -0.000500971 0.000243059 1 -0.0126653 0.0454603 0.108953
FixedParameters: 0 0 0

#Transform 32
Transform: AffineTransform_float_3_3
Parameters: 1 0.000283968 8.31076e-05 -0.000284031 1 0.000378976 -8.28923e-05 -0.000379023 1 -0.01488 0.0257453 0.119213
FixedParameters: 0 0 0

#Transform 33
Transform: AffineTransform_float_3_3
Parameters: 0.999999 0.000414186 -0.000613874 -0.000413813 1 0.000304254 0.000614125 -0.000303746 1 -0.0184947 0.0600469 0.0821853
FixedParameters: 0 0 0

#Transform 34
Transform: AffineTransform_float_3_3
Parameters: 1 0.000838126 -0.000613827 -0.000837873 0.999999 0.000206514 0.000614173 -0.000205485 1 -0.00562603 0.0431434 0.0764157
FixedParameters: 0 0 0

#Transform 35
Transform: AffineTransform_float_3_3
Parameters: 0.999999 0.000805222 -0.000613707 -0.000804776 0.999999 0.000363494 0.000614292 -0.000362505 0.999999 -0.0242024 0.0673754 0.127579
FixedParameters: 0 0 0

#Transform 36
Transform: AffineTransform_float_3_3
Parameters: 0.999999 0.000893222 -0.000914782 -0.000893777 0.999999 0.000243818 0.000915217 -0.000242182 0.999999 -0.00355104 0.013376 0.060779
FixedParameters: 0 0 0

#Transform 37
Transform: AffineTransform_float_3_3
Parameters: 0.999999 0.000835313 -0.00110976 -0.000834685 0.999999 0.000283927 0.00111024 -0.000282073 1 -0.011317 0.0245832 0.0704631
FixedParameters: 0 0 0

#Transform 38
Transform: AffineTransform_float_3_3
Parameters: 0.999999 0.000890698 -0.00110944 -0.000890303 1 0.000628989 0.00111056 -0.000628012 0.999999 -0.0272954 0.0403438 0.165516
FixedParameters: 0 0 0

#Transform 39
Transform: AffineTransform_float_3_3
Parameters: 0.999999 0.000760104 -0.00110993 -0.000759896 0.999999 9.38435e-05 0.00111007 -9.31563e-05 1 -0.00955261 0.0197696 0.105009
FixedParameters: 0 0 0

#Transform 40
Transform: AffineTransform_float_3_3
Parameters: 0.999999 0.000794352 -0.00104473 -0.000793648 0.999999 0.000336829 0.00104527 -0.00033617 1 -0.022495 0.0466809 0.166364
FixedParameters: 0 0 0

#Transform 41
Transform: AffineTransform_float_3_3
Parameters: 0.999999 0.000973374 -0.00110967 -0.000972627 1 0.00033708 0.00111033 -0.00033592 1 -0.0282638 0.0599044 0.126831
FixedParameters: 0 0 0

#Transform 42
Transform: AffineTransform_float_3_3
Parameters: 0.999997 0.000976531 -0.00192722 -0.00097547 0.999999 0.000794882 0.00192777 -0.000793119 0.999998 -0.00995228 0.0340796 0.242141
FixedParameters: 0 0 0

#Transform 43
Transform: AffineTransform_float_3_3
Parameters: 0.999999 0.00112499 -0.000997879 -0.001124 0.999999 0.000997123 0.00099912 -0.000995877 0.999999 -0.0482374 0.0436824 0.246663
FixedParameters: 0 0 0

#Transform 44
Transform: AffineTransform_float_3_3
Parameters: 0.999999 0.0011641 -0.000998883 -0.0011639 1 0.000101163 0.000999117 -9.98371e-05 1 -0.0478491 0.0216363 0.193341
FixedParameters: 0 0 0

#Transform 45
Transform: AffineTransform_float_3_3
Parameters: 0.999999 0.00113332 -0.000998638 -0.00113268 1 0.000319131 0.00099836 -0.000317869 0.999999 -0.0652332 0.0277488 0.221756
FixedParameters: 0 0 0

#Transform 46
Transform: AffineTransform_float_3_3
Parameters: 0.999997 0.000714365 -0.00210221 -0.000715633 0.999999 -0.000300496 0.00210178 0.000302502 0.999997 -0.0391701 0.0449807 0.0921244
FixedParameters: 0 0 0

#Transform 47
Transform: AffineTransform_float_3_3
Parameters: 0.999997 0.000871328 -0.00229112 -0.000868672 0.999999 0.00101699 0.00229188 -0.00101501 0.999997 -0.0494961 0.00180716 -0.0205702
FixedParameters: 0 0 0

#Transform 48
Transform: AffineTransform_float_3_3
Parameters: 0.999988 0.00138864 -0.00474193 -0.00138435 0.999998 0.000772574 0.00474307 -0.000765423 0.999989 -0.013749 0.0264525 0.360049
FixedParameters: 0 0 0

#Transform 49
Transform: AffineTransform_float_3_3
Parameters: 0.999991 0.00189343 -0.00374526 -0.00188757 0.999997 0.00145208 0.00374874 -0.00144491 0.999992 -0.0415664 0.0531053 0.397543
FixedParameters: 0 0 0

#Transform 50
Transform: AffineTransform_float_3_3
Parameters: 0.999993 0.00154376 -0.00339057 -0.00154524 0.999998 -0.000363763 0.00338943 0.000369235 0.999994 -0.0206028 0.0346538 0.146908
FixedParameters: 0 0 0

#Transform 51
Transform: AffineTransform_float_3_3
Parameters: 0.999991 0.00135522 -0.00385222 -0.00135377 0.999999 0.00058022 0.00385278 -0.000574784 0.999993 -0.0227758 0.0538379 0.187614
FixedParameters: 0 0 0

#Transform 52
Transform: AffineTransform_float_3_3
Parameters: 0.999997 0.000943232 -0.00256555 -0.000942769 1 0.000481421 0.00256545 -0.000478582 0.999996 -0.0323857 0.0369356 0.213817
FixedParameters: 0 0 0

#Transform 53
Transform: AffineTransform_float_3_3
Parameters: 0.999995 0.00135342 -0.0028268 -0.00135358 0.999999 0.000150827 0.0028272 -0.000147174 0.999996 -0.047917 0.0432299 0.225171
FixedParameters: 0 0 0

#Transform 54
Transform: AffineTransform_float_3_3
Parameters: 0.999996 0.00135355 -0.00276073 -0.00135345 0.999999 0.000200738 0.00276027 -0.000197265 0.999996 -0.0655442 0.0544619 0.211525
FixedParameters: 0 0 0

#Transform 55
Transform: AffineTransform_float_3_3
Parameters: 0.999996 0.00132963 -0.00275973 -0.00132637 0.999998 0.000954664 0.00276026 -0.000950334 0.999995 -0.0743909 -0.0107777 0.010143
FixedParameters: 0 0 0

#Transform 56
Transform: AffineTransform_float_3_3
Parameters: 0.999993 0.00163825 -0.0034048 -0.00164175 0.999998 -0.00109742 0.00340319 0.00110358 0.999993 -0.0658035 0.0322479 0.0168323
FixedParameters: 0 0 0

#Transform 57
Transform: AffineTransform_float_3_3
Parameters: 0.999989 0.00216555 -0.00416627 -0.00216845 0.999997 -0.000582972 0.00416473 0.000592025 0.999991 -0.0717343 0.0657123 0.321623
FixedParameters: 0 0 0

#Transform 58
Transform: AffineTransform_float_3_3
Parameters: 0.99999 0.00173938 -0.0041686 -0.00174862 0.999997 -0.00206373 0.00416539 0.00207127 0.999989 -0.03837 0.0696617 0.166114
FixedParameters: 0 0 0

#Transform 59
Transform: AffineTransform_float_3_3
Parameters: 0.999987 0.00215865 -0.00457243 -0.00216835 0.999995 -0.00204011 0.00456758 0.00204989 0.999988 -0.0263738 0.0719476 0.269808
FixedParameters: 0 0 0

#Transform 60
Transform: AffineTransform_float_3_3
Parameters: 0.999989 0.00155309 -0.00442078 -0.00156091 0.999997 -0.00178612 0.00441821 0.00179388 0.999988 -0.0310388 0.115034 0.298421
FixedParameters: 0 0 0

#Transform 61
Transform: AffineTransform_float_3_3
Parameters: 0.99999 0.00133959 -0.00423331 -0.00135042 0.999996 -0.00245831 0.00423069 0.00246369 0.999988 -0.0199722 0.0992079 0.174885
FixedParameters: 0 0 0

#Transform 62
Transform: AffineTransform_float_3_3
Parameters: 0.999987 0.00120605 -0.00491445 -0.00121596 0.999997 -0.00202305 0.00491255 0.00202895 0.999986 -0.0300056 0.0816577 0.240094
FixedParameters: 0 0 0

#Transform 63
Transform: AffineTransform_float_3_3
Parameters: 0.999989 0.00120669 -0.00455847 -0.00121631 0.999997 -0.00203948 0.00455652 0.00204552 0.999987 -0.0394903 0.115807 0.232641
FixedParameters: 0 0 0

#Transform 64
Transform: AffineTransform_float_3_3
Parameters: 0.999991 0.00120748 -0.00389465 -0.00121652 0.999997 -0.00218528 0.00389235 0.00218972 0.99999 -0.0527104 0.10305 0.216533
FixedParameters: 0 0 0

#Transform 65
Transform: AffineTransform_float_3_3
Parameters: 0.999989 0.0016168 -0.00435942 -0.0016262 0.999997 -0.00210694 0.00435658 0.00211407 0.999989 -0.036543 0.115466 0.219733
FixedParameters: 0 0 0

#Transform 66
Transform: AffineTransform_float_3_3
Parameters: 0.999987 0.00192713 -0.00466868 -0.00193588 0.999997 -0.00189699 0.00466533 0.00190602 0.999988 -0.0359241 0.138662 0.275487
FixedParameters: 0 0 0

#Transform 67
Transform: AffineTransform_float_3_3
Parameters: 0.999995 0.000927651 -0.00276813 -0.000934349 0.999997 -0.00229342 0.00276586 0.00229557 0.999993 -0.0224921 0.13882 0.384695
FixedParameters: 0 0 0

#Transform 68
Transform: AffineTransform_float_3_3
Parameters: 0.999994 0.00121039 -0.00301126 -0.00121561 0.999997 -0.00186235 0.00300874 0.00186665 0.999993 -0.067648 0.13882 0.428864
FixedParameters: 0 0 0

#Transform 69
Transform: AffineTransform_float_3_3
Parameters: 0.999994 0.000800221 -0.00317871 -0.000806778 0.999998 -0.00213145 0.00317728 0.00213455 0.999992 -0.0343988 0.108928 0.37436
FixedParameters: 0 0 0

#Transform 70
Transform: AffineTransform_float_3_3
Parameters: 0.999994 0.000803367 -0.00317792 -0.000806634 0.999999 -0.00114244 0.00317708 0.00114456 0.999995 -0.0473352 0.16246 0.562779
FixedParameters: 0 0 0

#Transform 71
Transform: AffineTransform_float_3_3
Parameters: 0.999997 0.00103558 -0.00190241 -0.00103942 0.999997 -0.00232303 0.00189959 0.00232497 0.999995 -0.0701586 0.160124 0.416222
FixedParameters: 0 0 0

#Transform 72
Transform: AffineTransform_float_3_3
Parameters: 0.999995 0.00105003 -0.00292515 -0.00105598 0.999998 -0.00204192 0.00292285 0.00204508 0.999993 -0.0405594 0.149046 0.455047
FixedParameters: 0 0 0

#Transform 73
Transform: AffineTransform_float_3_3
Parameters: 0.999996 0.0010216 -0.00264509 -0.0010264 0.999998 -0.00204229 0.00264291 0.00204471 0.999995 -0.0677526 0.159774 0.437258
FixedParameters: 0 0 0

#Transform 74
Transform: AffineTransform_float_3_3
Parameters: 0.999996 0.00108822 -0.00287757 -0.00109578 0.999996 -0.00235486 0.00287543 0.00235814 0.999993 -0.0682322 0.144889 0.392765
FixedParameters: 0 0 0

#Transform 75
Transform: AffineTransform_float_3_3
Parameters: 0.999992 0.00143645 -0.00378773 -0.00144055 0.999998 -0.00119855 0.00378627 0.00120445 0.999992 -0.0621571 0.162234 0.526682
FixedParameters: 0 0 0

#Transform 76
Transform: AffineTransform_float_3_3
Parameters: 0.999994 0.000800573 -0.00314464 -0.000807425 0.999997 -0.00204247 0.00314336 0.00204553 0.999993 -0.057733 0.153428 0.490099
FixedParameters: 0 0 0

#Transform 77
Transform: AffineTransform_float_3_3
Parameters: 0.999996 0.000803913 -0.00244802 -0.000807086 0.999999 -0.00126003 0.00244698 0.00126197 0.999996 -0.0676592 0.0997653 0.449109
FixedParameters: 0 0 0

#Transform 78
Transform: AffineTransform_float_3_3
Parameters: 0.999997 0.000921701 -0.00235829 -0.000925299 0.999998 -0.00139782 0.00235771 0.00140018 0.999996 -0.0873901 0.140183 0.435044
FixedParameters: 0 0 0

#Transform 79
Transform: AffineTransform_float_3_3
Parameters: 0.999996 0.00131186 -0.00227581 -0.00131514 0.999998 -0.00137701 0.00227419 0.00137999 0.999997 -0.0858015 0.121666 0.443991
FixedParameters: 0 0 0

#Transform 80
Transform: AffineTransform_float_3_3
Parameters: 0.999995 0.00108092 -0.00291452 -0.00108508 0.999999 -0.00139984 0.00291348 0.00140316 0.999995 -0.061628 0.129575 0.508618
FixedParameters: 0 0 0

#Transform 81
Transform: AffineTransform_float_3_3
Parameters: 0.999996 0.00128282 -0.00275788 -0.00128918 0.999996 -0.00224145 0.00275512 0.00224454 0.999993 -0.0827604 0.133976 0.389544
FixedParameters: 0 0 0

#Transform 82
Transform: AffineTransform_float_3_3
Parameters: 0.999995 0.0017187 -0.00270338 -0.0017233 0.999996 -0.00195935 0.00269963 0.00196365 0.999995 -0.110675 0.119066 0.386317
FixedParameters: 0 0 0

#Transform 83
Transform: AffineTransform_float_3_3
Parameters: 0.99999 0.001927 -0.00389248 -0.001932 0.999998 -0.00128249 0.00388952 0.00128951 0.999991 -0.0821152 0.135027 0.496145
FixedParameters: 0 0 0

#Transform 84
Transform: AffineTransform_float_3_3
Parameters: 0.99999 0.00222299 -0.0038622 -0.00223201 0.999995 -0.0023304 0.0038568 0.0023386 0.99999 -0.0533496 0.11313 0.437618
FixedParameters: 0 0 0

#Transform 85
Transform: AffineTransform_float_3_3
Parameters: 0.99999 0.00222393 -0.00393058 -0.00223208 0.999996 -0.00205125 0.00392642 0.00205975 0.99999 -0.0518179 0.128179 0.530384
FixedParameters: 0 0 0

#Transform 86
Transform: AffineTransform_float_3_3
Parameters: 0.99999 0.00222393 -0.00393058 -0.00223208 0.999996 -0.00205125 0.00392642 0.00205975 0.99999 -0.0785946 0.152747 0.415578
FixedParameters: 0 0 0

#Transform 87
Transform: AffineTransform_float_3_3
Parameters: 0.999989 0.00307352 -0.00349395 -0.00307848 0.999995 -0.00127826 0.00349005 0.00128974 0.999993 -0.0785124 0.109999 0.414915
FixedParameters: 0 0 0

#Transform 88
Transform: AffineTransform_float_3_3
Parameters: 0.999991 0.0028821 -0.00329554 -0.00288491 0.999996 -0.000876502 0.00329346 0.000885501 0.999994 -0.0735456 0.132212 0.431847
FixedParameters: 0 0 0

#Transform 89
Transform: AffineTransform_float_3_3
Parameters: 0.99999 0.00308751 -0.00321032 -0.00309249 0.999994 -0.00139409 0.00320568 0.00140391 0.999994 -0.0683559 0.107633 0.366465
FixedParameters: 0 0 0

#Transform 90
Transform: AffineTransform_float_3_3
Parameters: 0.99999 0.00341225 -0.0028483 -0.00341475 0.999993 -0.000960283 0.00284471 0.000969717 0.999996 -0.125109 0.144249 0.445884
FixedParameters: 0 0 0

#Transform 91
Transform: AffineTransform_float_3_3
Parameters: 0.99999 0.00349276 -0.00285143 -0.00349824 0.999992 -0.00183504 0.00284456 0.00184595 0.999995 -0.129689 0.132788 0.373329
FixedParameters: 0 0 0

#Transform 92
Transform: AffineTransform_float_3_3
Parameters: 0.999989 0.00368223 -0.00284988 -0.00368577 0.999993 -0.00131851 0.00284513 0.00132849 0.999995 -0.137749 0.135811 0.424662
FixedParameters: 0 0 0

#Transform 93
Transform: AffineTransform_float_3_3
Parameters: 0.999988 0.00368219 -0.00306558 -0.00368581 0.999993 -0.00123872 0.00306041 0.00125028 0.999994 -0.147751 0.155598 0.377442
FixedParameters: 0 0 0

#Transform 94
Transform: AffineTransform_float_3_3
Parameters: 0.999989 0.0036817 -0.00285057 -0.00368531 0.999992 -0.00150651 0.00284443 0.00151649 0.999995 -0.150032 0.124534 0.346381
FixedParameters: 0 0 0

#Transform 95
Transform: AffineTransform_float_3_3
Parameters: 0.999989 0.00351092 -0.00307167 -0.00351508 0.999993 -0.00132422 0.00306733 0.00133478 0.999995 -0.15871 0.157041 0.406356
FixedParameters: 0 0 0

#Transform 96
Transform: AffineTransform_float_3_3
Parameters: 0.999989 0.00357376 -0.00285158 -0.00357924 0.999992 -0.00183481 0.00284442 0.00184518 0.999995 -0.149236 0.13763 0.361304
FixedParameters: 0 0 0

#Transform 97
Transform: AffineTransform_float_3_3
Parameters: 0.999987 0.003567 -0.00370182 -0.003572 0.999992 -0.00134479 0.00369718 0.00135721 0.999992 -0.121022 0.126728 0.417223
FixedParameters: 0 0 0

#Transform 98
Transform: AffineTransform_float_3_3
Parameters: 0.999987 0.00362815 -0.00361587 -0.00363185 0.999993 -0.00105888 0.00361213 0.00107212 0.999993 -0.117946 0.170775 0.475336
FixedParameters: 0 0 0

#Transform 99
Transform: AffineTransform_float_3_3
Parameters: 0.999985 0.00367845 -0.00410876 -0.00368554 0.999991 -0.00182988 0.00410123 0.00184511 0.99999 -0.106775 0.140912 0.396683
FixedParameters: 0 0 0

#Transform 100
Transform: AffineTransform_float_3_3
Parameters: 0.999964 0.00367116 -0.00755773 -0.00368583 0.999991 -0.00181721 0.00755126 0.00184579 0.99997 -0.0673566 0.103657 0.390986
FixedParameters: 0 0 0

#Transform 101
Transform: AffineTransform_float_3_3
Parameters: 0.999978 0.00307235 -0.00577394 -0.00307665 0.999995 -0.000624249 0.00577205 0.000641748 0.999983 -0.0617044 0.0952395 0.329488
FixedParameters: 0 0 0

#Transform 102
Transform: AffineTransform_float_3_3
Parameters: 0.999976 0.00260317 -0.00631365 -0.00261183 0.999995 -0.00139154 0.00630935 0.00140746 0.999979 -0.0691184 0.077885 0.26786
FixedParameters: 0 0 0

#Transform 103
Transform: AffineTransform_float_3_3
Parameters: 0.99998 0.00362747 -0.00522363 -0.00363653 0.999991 -0.00181604 0.00521737 0.00183496 0.999984 -0.0732082 0.145628 0.405544
FixedParameters: 0 0 0

#Transform 104
Transform: AffineTransform_float_3_3
Parameters: 0.999988 0.00250262 -0.00418443 -0.00249938 0.999996 0.000631466 0.00418657 -0.00062053 0.999991 -0.0775384 0.122594 0.34618
FixedParameters: 0 0 0

#Transform 105
Transform: AffineTransform_float_3_3
Parameters: 0.999983 0.00250207 -0.00516799 -0.00249993 0.999997 0.000406926 0.005169 -0.000394073 0.999986 -0.0706899 0.128141 0.572635
FixedParameters: 0 0 0

#Transform 106
Transform: AffineTransform_float_3_3
Parameters: 0.999986 0.00249835 -0.00481386 -0.00249965 0.999997 -0.000335972 0.00481315 0.00034803 0.999989 -0.0573096 0.0932411 0.403945
FixedParameters: 0 0 0

#Transform 107
Transform: AffineTransform_float_3_3
Parameters: 0.999978 0.00249505 -0.00612102 -0.00249995 0.999996 -0.000800715 0.00611898 0.000816285 0.999981 -0.0440797 0.111121 0.37504
FixedParameters: 0 0 0

#Transform 108
Transform: AffineTransform_float_3_3
Parameters: 0.99998 0.00248754 -0.00578737 -0.00249947 0.999994 -0.00214758 0.00578263 0.00216143 0.999981 -0.0809093 0.152979 0.432179
FixedParameters: 0 0 0

#Transform 109
Transform: AffineTransform_float_3_3
Parameters: 0.999987 0.00248717 -0.00440427 -0.00249983 0.999992 -0.00291003 0.00439673 0.00292097 0.999986 -0.0562754 0.152218 0.337098
FixedParameters: 0 0 0

#Transform 110
Transform: AffineTransform_float_3_3
Parameters: 0.999982 0.00306048 -0.00503119 -0.00306952 0.999994 -0.00168659 0.0050268 0.00170241 0.999986 -0.0872053 0.184647 0.459769
FixedParameters: 0 0 0

#Transform 111
Transform: AffineTransform_float_3_3
Parameters: 0.999979 0.00300382 -0.00586332 -0.00302018 0.999991 -0.00275335 0.00585468 0.00277065 0.999979 -0.0758097 0.164174 0.37428
FixedParameters: 0 0 0

#Transform 112
Transform: AffineTransform_float_3_3
Parameters: 0.999977 0.00308872 -0.00594687 -0.00310028 0.999994 -0.00188861 0.00594112 0.00190739 0.99998 -0.0566788 0.164613 0.480537
FixedParameters: 0 0 0

#Transform 113
Transform: AffineTransform_float_3_3
Parameters: 0.999978 0.00303162 -0.00579697 -0.00304238 0.999994 -0.00195541 0.00579104 0.0019726 0.999982 -0.0567485 0.178673 0.505944
FixedParameters: 0 0 0

#Transform 114
Transform: AffineTransform_float_3_3
Parameters: 0.999976 0.00338379 -0.00601945 -0.00339721 0.999992 -0.0021866 0.00601155 0.00220639 0.999979 -0.0516734 0.154427 0.483754
FixedParameters: 0 0 0

#Transform 115
Transform: AffineTransform_float_3_3
Parameters: 0.999973 0.00354189 -0.0065462 -0.00355711 0.999991 -0.00229778 0.0065378 0.00232122 0.999976 -0.0546933 0.187017 0.49992
FixedParameters: 0 0 0

#Transform 116
Transform: AffineTransform_float_3_3
Parameters: 0.999969 0.00346899 -0.00698696 -0.003491 0.999989 -0.0031397 0.00697602 0.00316429 0.99997 -0.0443633 0.181802 0.439137
FixedParameters: 0 0 0

#Transform 117
Transform: AffineTransform_float_3_3
Parameters: 0.999969 0.00370133 -0.00695404 -0.00372167 0.999988 -0.00296221 0.00694295 0.00298779 0.999971 -0.0432242 0.161956 0.46422
FixedParameters: 0 0 0

#Transform 118
Transform: AffineTransform_float_3_3
Parameters: 0.999969 0.00330102 -0.00713296 -0.00331598 0.999993 -0.00208941 0.00712605 0.00211259 0.999973 -0.0576504 0.159936 0.412228
FixedParameters: 0 0 0

#Transform 119
Transform: AffineTransform_float_3_3
Parameters: 0.999966 0.00323131 -0.00760597 -0.00326469 0.999986 -0.00428932 0.00759203 0.00431368 0.999962 -0.0311899 0.198342 0.244658
FixedParameters: 0 0 0

#Transform 120
Transform: AffineTransform_float_3_3
Parameters: 0.999968 0.00324894 -0.00732969 -0.00326406 0.999992 -0.00204414 0.0073233 0.00206786 0.999971 -0.0374694 0.126997 0.52087
FixedParameters: 0 0 0

#Transform 121
Transform: AffineTransform_float_3_3
Parameters: 0.999961 0.00324354 -0.00818614 -0.00326446 0.999991 -0.00248737 0.00817787 0.00251362 0.999964 -0.0217221 0.157263 0.595092
FixedParameters: 0 0 0

#Transform 122
Transform: AffineTransform_float_3_3
Parameters: 0.999974 0.00265242 -0.00662166 -0.00266858 0.999994 -0.00249639 0.00661533 0.00251361 0.999975 -0.00737784 0.188912 0.625713
FixedParameters: 0 0 0

#Transform 123
Transform: AffineTransform_float_3_3
Parameters: 0.999976 0.00255019 -0.00645307 -0.00256781 0.999993 -0.0027535 0.00644594 0.00276951 0.999976 -0.00692776 0.155926 0.570626
FixedParameters: 0 0 0

#Transform 124
Transform: AffineTransform_float_3_3
Parameters: 0.99998 0.00234255 -0.00579404 -0.00235445 0.999995 -0.0021424 0.00578895 0.0021556 0.999981 -0.0212878 0.213426 0.531356
FixedParameters: 0 0 0

#Transform 125
Transform: AffineTransform_float_3_3
Parameters: 0.99998 0.00302961 -0.00564413 -0.00304139 0.999994 -0.00201088 0.00563787 0.00202812 0.999982 -0.0409021 0.194957 0.447535
FixedParameters: 0 0 0

#Transform 126
Transform: AffineTransform_float_3_3
Parameters: 0.999971 0.00373631 -0.00654768 -0.00374769 0.999992 -0.00177351 0.00654131 0.00179849 0.999977 -0.0579783 0.17596 0.479606
FixedParameters: 0 0 0

#Transform 127
Transform: AffineTransform_float_3_3
Parameters: 0.999978 0.00303413 -0.0057926 -0.00304087 0.999994 -0.00117741 0.00578939 0.00119559 0.999982 -0.0161158 0.155954 0.509534
FixedParameters: 0 0 0

#Transform 128
Transform: AffineTransform_float_3_3
Parameters: 0.999976 0.00302957 -0.0061976 -0.00304143 0.999993 -0.00183519 0.0061914 0.0018538 0.999979 -0.0019672 0.149606 0.474928
FixedParameters: 0 0 0

#Transform 129
Transform: AffineTransform_float_3_3
Parameters: 0.999972 0.0030275 -0.00683899 -0.0030415 0.999994 -0.00196425 0.006833 0.00198574 0.999974 -0.00608549 0.183019 0.617925
FixedParameters: 0 0 0

#Transform 130
Transform: AffineTransform_float_3_3
Parameters: 0.999983 0.00340881 -0.00475201 -0.00341219 0.999994 -0.0008738 0.00474899 0.000890204 0.999989 -0.116667 0.128686 0.489738
FixedParameters: 0 0 0

#Transform 131
Transform: AffineTransform_float_3_3
Parameters: 0.999983 0.00320746 -0.0049076 -0.00321554 0.999994 -0.00173425 0.00490141 0.00174975 0.999987 -0.0973989 0.152011 0.520596
FixedParameters: 0 0 0

#Transform 132
Transform: AffineTransform_float_3_3
Parameters: 0.999982 0.00303298 -0.00529503 -0.00304003 0.999995 -0.00131893 0.00529097 0.00133507 0.999985 -0.0467151 0.164682 0.657459
FixedParameters: 0 0 0

#Transform 133
Transform: AffineTransform_float_3_3
Parameters: 0.999968 0.00281539 -0.00742741 -0.00282661 0.999995 -0.00155305 0.00742259 0.00157395 0.999971 -0.0316492 0.152439 0.621166
FixedParameters: 0 0 0

#Transform 134
Transform: AffineTransform_float_3_3
Parameters: 0.999978 0.00137606 -0.00659557 -0.00137394 0.999999 0.000317069 0.00659643 -0.00030793 0.999978 -0.00628678 0.0952377 0.603074
FixedParameters: 0 0 0

#Transform 135
Transform: AffineTransform_float_3_3
Parameters: 0.999977 0.00246097 -0.00632235 -0.00246703 0.999997 -0.000946424 0.00631965 0.000961575 0.999979 -0.0530985 0.167922 0.631732
FixedParameters: 0 0 0

#Transform 136
Transform: AffineTransform_float_3_3
Parameters: 0.99998 0.00288929 -0.00549895 -0.00289371 0.999995 -0.0006671 0.00549704 0.000682895 0.999984 -0.0724617 0.127035 0.466333
FixedParameters: 0 0 0

#Transform 137
Transform: AffineTransform_float_3_3
Parameters: 0.999978 0.00328969 -0.00574704 -0.00329531 0.999994 -0.000914082 0.00574396 0.000932917 0.999983 -0.061815 0.127108 0.542663
FixedParameters: 0 0 0

#Transform 138
Transform: AffineTransform_float_3_3
Parameters: 0.999977 0.00319272 -0.00587787 -0.00319828 0.999995 -0.000889222 0.00587513 0.000907779 0.999983 -0.074644 0.152897 0.604685
FixedParameters: 0 0 0

#Transform 139
Transform: AffineTransform_float_3_3
Parameters: 0.999977 0.00327926 -0.00601542 -0.00329074 0.999992 -0.00194325 0.00600859 0.00196275 0.99998 -0.0774942 0.144529 0.547395
FixedParameters: 0 0 0

#Transform 140
Transform: AffineTransform_float_3_3
Parameters: 0.999976 0.00348249 -0.00609687 -0.00349151 0.999993 -0.00138575 0.00609213 0.00140725 0.999981 -0.0591217 0.138295 0.615786
FixedParameters: 0 0 0

#Transform 141
Transform: AffineTransform_float_3_3
Parameters: 0.999975 0.00335943 -0.00614424 -0.00336957 0.999993 -0.00154733 0.00613875 0.00156866 0.99998 -0.0653203 0.15407 0.618011
FixedParameters: 0 0 0

#Transform 142
Transform: AffineTransform_float_3_3
Parameters: 0.999975 0.00332049 -0.00614469 -0.00333151 0.999993 -0.00170157 0.0061393 0.00172143 0.999979 -0.0643552 0.12817 0.520376
FixedParameters: 0 0 0

#Transform 143
Transform: AffineTransform_float_3_3
Parameters: 0.999963 0.00286317 -0.0080346 -0.00283083 0.999988 0.00401289 0.00804539 -0.00399011 0.999959 -0.00277876 0.0732605 0.932146
FixedParameters: 0 0 0

#Transform 144
Transform: AffineTransform_float_3_3
Parameters: 0.999886 0.00729708 -0.0132535 -0.00714692 0.99991 0.011336 0.0133355 -0.01124 0.999848 -0.121116 0.115006 2.23006
FixedParameters: 0 0 0

#Transform 145
Transform: AffineTransform_float_3_3
Parameters: 0.999894 0.00590783 -0.0133088 -0.00584417 0.999972 0.00483029 0.0133361 -0.00475172 0.9999 -0.0442668 0.219283 1.86245
FixedParameters: 0 0 0

#Transform 146
Transform: AffineTransform_float_3_3
Parameters: 0.999954 0.00367426 -0.00893984 -0.00366874 0.999993 0.000604826 0.00894216 -0.000571171 0.99996 -0.0259056 0.0754867 1.1331
FixedParameters: 0 0 0

#Transform 147
Transform: AffineTransform_float_3_3
Parameters: 0.999953 0.00391732 -0.00892302 -0.00393168 0.999991 -0.00151599 0.00891699 0.001551 0.999959 -0.0277053 0.143485 1.04213
FixedParameters: 0 0 0

#Transform 148
Transform: AffineTransform_float_3_3
Parameters: 0.999962 0.00362162 -0.00792235 -0.00364139 0.99999 -0.00256025 0.00791265 0.00258876 0.999966 -0.0404413 0.172464 0.813057
FixedParameters: 0 0 0

#Transform 149
Transform: AffineTransform_float_3_3
Parameters: 0.999967 0.00354553 -0.00733307 -0.00355647 0.999992 -0.00141497 0.00732793 0.00144103 0.999972 -0.0656228 0.18552 0.89275
FixedParameters: 0 0 0

#Transform 150
Transform: AffineTransform_float_3_3
Parameters: 0.99997 0.00319476 -0.00695748 -0.00321024 0.999992 -0.00232373 0.00695052 0.00234627 0.999973 -0.057469 0.140671 0.831941
FixedParameters: 0 0 0

#Transform 151
Transform: AffineTransform_float_3_3
Parameters: 0.999963 0.00320317 -0.00805812 -0.00321083 0.999994 -0.000959162 0.00805489 0.000984838 0.999967 -0.0559412 0.191999 1.05669
FixedParameters: 0 0 0

#Transform 152
Transform: AffineTransform_float_3_3
Parameters: 0.99997 0.00319685 -0.00695651 -0.00321114 0.999993 -0.00202272 0.00695048 0.00204528 0.999974 -0.0571016 0.184429 0.924182
FixedParameters: 0 0 0

#Transform 153
Transform: AffineTransform_float_3_3
Parameters: 0.999969 0.00320269 -0.00717371 -0.00321031 0.999994 -0.00114701 0.00717028 0.00117 0.999973 -0.0532733 0.205494 0.989007
FixedParameters: 0 0 0

#Transform 154
Transform: AffineTransform_float_3_3
Parameters: 0.999966 0.00273277 -0.00776045 -0.00275123 0.999994 -0.00233973 0.00775356 0.00236127 0.999967 -0.0313177 0.20845 0.909629
FixedParameters: 0 0 0

#Transform 155
Transform: AffineTransform_float_3_3
Parameters: 0.999967 0.0031898 -0.00750205 -0.0032102 0.999991 -0.00281601 0.00749295 0.00283999 0.999968 -0.0333967 0.180766 0.905899
FixedParameters: 0 0 0

#Transform 156
Transform: AffineTransform_float_3_3
Parameters: 0.999967 0.00319914 -0.00749807 -0.00321086 0.999993 -0.00156998 0.00749293 0.00159402 0.99997 -0.0446124 0.184521 1.03487
FixedParameters: 0 0 0

#Transform 157
Transform: AffineTransform_float_3_3
Parameters: 0.999964 0.00236995 -0.00822306 -0.00238405 0.999995 -0.00169946 0.00821894 0.00171854 0.999964 -0.0242108 0.166085 0.95322
FixedParameters: 0 0 0

#Transform 158
Transform: AffineTransform_float_3_3
Parameters: 0.999967 0.00318161 -0.00750211 -0.00320339 0.999991 -0.00284106 0.00749289 0.00286493 0.999968 -0.0161326 0.211368 0.692153
FixedParameters: 0 0 0

#Transform 159
Transform: AffineTransform_float_3_3
Parameters: 0.999972 0.00289739 -0.00691666 -0.00291761 0.999992 -0.0029709 0.00690833 0.0029911 0.999971 -0.0182082 0.256981 0.594859
FixedParameters: 0 0 0
