#Insight Transform File V1.0
#Transform 0
Transform: AffineTransform_float_3_3
Parameters: 0.999898 -0.00689906 0.0125131 0.00677992 0.999931 0.00953381 -0.0125779 -0.00944719 0.999877 -0.177052 -0.368349 0.305729
FixedParameters: 0 0 0

#Transform 1
Transform: AffineTransform_float_3_3
Parameters: 0.999926 -0.0067454 0.0101821 0.0066976 0.999966 0.00478055 -0.0102139 -0.00471145 0.999936 -0.119696 -0.200149 0.0261273
FixedParameters: 0 0 0

#Transform 2
Transform: AffineTransform_float_3_3
Parameters: 0.999925 -0.00698913 0.0100366 0.00693787 0.999963 0.00512001 -0.0100714 -0.00504998 0.999936 -0.0971546 -0.160158 -0.0345848
FixedParameters: 0 0 0

#Transform 3
Transform: AffineTransform_float_3_3
Parameters: 0.999927 -0.00727691 0.009634 0.0072331 0.999964 0.00458402 -0.00966701 -0.00451399 0.999943 -0.109406 -0.128764 -0.00426645
FixedParameters: 0 0 0

#Transform 4
Transform: AffineTransform_float_3_3
Parameters: 0.999931 -0.00682324 0.00954921 0.00678676 0.999969 0.00382207 -0.00957479 -0.00375693 0.999947 -0.0949415 -0.0896732 -0.0143774
FixedParameters: 0 0 0

#Transform 5
Transform: AffineTransform_float_3_3
Parameters: 0.999932 -0.00654868 0.00963882 0.00650732 0.99997 0.00434902 -0.00966719 -0.00428599 0.999944 -0.103001 -0.126639 -0.051802
FixedParameters: 0 0 0

#Transform 6
Transform: AffineTransform_float_3_3
Parameters: 0.999927 -0.00696173 0.00987401 0.00691927 0.999966 0.00435464 -0.00990399 -0.00428636 0.999942 -0.100264 -0.111206 -0.0584986
FixedParameters: 0 0 0

#Transform 7
Transform: AffineTransform_float_3_3
Parameters: 0.999932 -0.00654906 0.00972482 0.00650695 0.99997 0.00434958 -0.0097532 -0.00428642 0.999944 -0.103979 -0.123843 -0.0497086
FixedParameters: 0 0 0

#Transform 8
Transform: AffineTransform_float_3_3
Parameters: 0.999938 -0.00651332 0.00902863 0.00647769 0.999972 0.00393473 -0.00905437 -0.00387627 0.999951 -0.10279 -0.11947 -0.0356537
FixedParameters: 0 0 0

#Transform 9
Transform: AffineTransform_float_3_3
Parameters: 0.999954 -0.00472758 0.00833286 0.00469843 0.999983 0.00344531 -0.00834915 -0.00340669 0.99996 -0.115027 -0.0682846 -0.016553
FixedParameters: 0 0 0

#Transform 10
Transform: AffineTransform_float_3_3
Parameters: 0.999961 -0.00516514 0.0072378 0.00514786 0.999984 0.00238535 -0.00724921 -0.00234765 0.999971 -0.111551 -0.0183106 0.0273059
FixedParameters: 0 0 0

#Transform 11
Transform: AffineTransform_float_3_3
Parameters: 0.999942 -0.00669369 0.00842887 0.00669032 0.999977 0.000346412 -0.00843014 -0.000290588 0.999965 -0.105122 -0.0171668 -0.0965468
FixedParameters: 0 0 0

#Transform 12
Transform: AffineTransform_float_3_3
Parameters: 0.999952 -0.00645174 0.00734355 0.00646626 0.999978 -0.00191961 -0.00733145 0.0019674 0.999971 -0.0719584 -0.0102665 -0.0531724
FixedParameters: 0 0 0

#Transform 13
Transform: AffineTransform_float_3_3
Parameters: 0.999972 -0.00469295 0.00584528 0.00470205 0.999988 -0.00153556 -0.00583872 0.00156344 0.999981 -0.0791799 0.0343412 -0.0252648
FixedParameters: 0 0 0

#Transform 14
Transform: AffineTransform_float_3_3
Parameters: 0.999985 -0.00469501 0.00273404 0.00470199 0.999985 -0.00255518 -0.00272197 0.00256782 0.999993 0.0170167 0.0393167 -0.32475
FixedParameters: 0 0 0

#Transform 15
Transform: AffineTransform_float_3_3
Parameters: 0.999989 -0.00446039 0.00181052 0.00446062 0.99999 -0.000335928 -0.00180948 0.000344075 0.999999 0.0242713 -0.0312188 -0.104405
FixedParameters: 0 0 0

#Transform 16
Transform: AffineTransform_float_3_3
Parameters: 0.999985 -0.00391676 0.00362826 0.00391724 0.999993 -5.97881e-05 -0.00362874 7.4214e-05 0.999994 -0.0470026 -0.0130617 0.00142421
FixedParameters: 0 0 0

#Transform 17
Transform: AffineTransform_float_3_3
Parameters: 0.999992 -0.00350368 0.00186824 0.00350732 0.999993 -0.00177746 -0.00186176 0.00178454 0.999996 0.00503511 0.0244259 -0.0157107
FixedParameters: 0 0 0

#Transform 18
Transform: AffineTransform_float_3_3
Parameters: 0.999996 -0.00204871 0.00185932 0.00204829 0.999998 -0.000154192 -0.00185868 0.000157809 0.999999 -0.0333945 -0.00162455 -0.00675544
FixedParameters: 0 0 0

#Transform 19
Transform: AffineTransform_float_3_3
Parameters: 0.999999 -0.000760979 1.59984e-05 0.00076102 0.999999 -0.00131199 -1.50015e-05 0.00131201 0.999999 -0.00696086 0.0221607 -0.00765902
FixedParameters: 0 0 0

#Transform 20
Transform: AffineTransform_float_3_3
Parameters: 1 -0.000629835 0.000226458 0.000630165 0.999999 -0.000727857 -0.000226541 0.000728142 0.999999 -0.0116581 0.0154397 0.00978225
FixedParameters: 0 0 0

#Transform 21
Transform: AffineTransform_float_3_3
Parameters: 0.999999 -0.000165105 0.000739976 0.000164895 1 0.000142122 -0.000739023 -0.000141878 0.999999 -0.0399938 -0.0474053 -0.0556603
FixedParameters: 0 0 0

#Transform 22
Transform: AffineTransform_float_3_3
Parameters: 0.999987 0.00295625 -0.00414419 -0.00291376 0.999944 0.0101632 0.00417381 -0.0101508 0.99994 0.031142 -0.362659 -0.436001
FixedParameters: 0 0 0

#Transform 23
Transform: AffineTransform_float_3_3
Parameters: 0.999984 0.00253906 -0.00517418 -0.00252094 0.99999 0.0034941 0.00518282 -0.0034809 0.99998 0.090902 -0.0660622 -1.14254
FixedParameters: 0 0 0

#Transform 24
Transform: AffineTransform_float_3_3
Parameters: 0.999991 0.002681 -0.00312207 -0.00269499 0.999987 -0.00448663 0.00310993 0.00449538 0.999985 -0.0220734 0.193714 0.0663404
FixedParameters: 0 0 0

#Transform 25
Transform: AffineTransform_float_3_3
Parameters: 0.999985 0.00321669 -0.00458155 -0.00322531 0.999992 -0.00202626 0.00457545 0.00204075 0.999988 -0.0109832 0.134501 0.00725616
FixedParameters: 0 0 0

#Transform 26
Transform: AffineTransform_float_3_3
Parameters: 0.999986 0.0032105 -0.00425574 -0.0032255 0.999988 -0.00364033 0.00424427 0.00365368 0.999985 -0.026963 0.106428 0.104243
FixedParameters: 0 0 0

#Transform 27
Transform: AffineTransform_float_3_3
Parameters: 0.999984 0.00367361 -0.00435164 -0.00368539 0.99999 -0.002612 0.00434236 0.00262799 0.999987 -0.0201629 0.127325 -0.0184143
FixedParameters: 0 0 0

#Transform 28
Transform: AffineTransform_float_3_3
Parameters: 0.999984 0.00367364 -0.00435161 -0.00368536 0.99999 -0.002605 0.00434238 0.00262099 0.999987 -0.0370328 0.147666 -0.0551374
FixedParameters: 0 0 0

#Transform 29
Transform: AffineTransform_float_3_3
Parameters: 0.999983 0.00415749 -0.0039357 -0.0041615 0.999991 -0.000882636 0.00393229 0.000899363 0.999992 -0.0394735 0.0917573 -0.1112
FixedParameters: 0 0 0

#Transform 30
Transform: AffineTransform_float_3_3
Parameters: 0.999982 0.00449216 -0.00392839 -0.00448884 0.999989 0.000812648 0.00393161 -0.000794352 0.999992 -0.00440171 0.0616301 -0.153042
FixedParameters: 0 0 0

#Transform 31
Transform: AffineTransform_float_3_3
Parameters: 0.999985 0.00408732 -0.00359605 -0.00408969 0.999992 -0.000739305 0.00359395 0.000753701 0.999994 -0.0200005 0.0416447 -0.129115
FixedParameters: 0 0 0

#Transform 32
Transform: AffineTransform_float_3_3
Parameters: 0.999986 0.00367317 -0.00379674 -0.00367583 0.999993 -0.000739054 0.00379426 0.000752948 0.999993 -0.0191247 0.0351655 -0.0438265
FixedParameters: 0 0 0

#Transform 33
Transform: AffineTransform_float_3_3
Parameters: 0.999986 0.00371141 -0.00376352 -0.00371658 0.999992 -0.00147803 0.00375748 0.00149297 0.999992 -0.00992172 0.0788998 -0.0868802
FixedParameters: 0 0 0

#Transform 34
Transform: AffineTransform_float_3_3
Parameters: 0.999983 0.00408265 -0.00429401 -0.00408936 0.99999 -0.00170547 0.004287 0.00172353 0.99999 -0.0111609 0.0937492 -0.0607341
FixedParameters: 0 0 0

#Transform 35
Transform: AffineTransform_float_3_3
Parameters: 0.99999 0.00301198 -0.00309397 -0.00301402 0.999995 -0.000648681 0.00309203 0.000658319 0.999995 -0.0202309 0.0980297 -0.0380653
FixedParameters: 0 0 0

#Transform 36
Transform: AffineTransform_float_3_3
Parameters: 0.999994 0.00236868 -0.00259212 -0.00237132 0.999997 -0.000892859 0.00258988 0.00089914 0.999996 -0.0237861 0.0979551 -0.00932066
FixedParameters: 0 0 0

#Transform 37
Transform: AffineTransform_float_3_3
Parameters: 0.999994 0.00255354 -0.0023705 -0.00255446 0.999996 -0.000191946 0.0023705 0.000198054 0.999997 -0.0285531 0.0687382 0.00377698
FixedParameters: 0 0 0

#Transform 38
Transform: AffineTransform_float_3_3
Parameters: 0.999993 0.00279311 -0.00248488 -0.00279289 0.999996 4.69403e-05 0.00248512 -4.00591e-05 0.999997 -0.0220169 0.109059 0.000697737
FixedParameters: 0 0 0

#Transform 39
Transform: AffineTransform_float_3_3
Parameters: 0.99999 0.00308121 -0.0032416 -0.00308478 0.999994 -0.00116301 0.0032384 0.00117399 0.999994 -0.035038 0.127497 0.0134142
FixedParameters: 0 0 0

#Transform 40
Transform: AffineTransform_float_3_3
Parameters: 0.999988 0.00349094 -0.00324237 -0.00349505 0.999993 -0.00124568 0.00323863 0.00125732 0.999994 -0.0393734 0.131028 -0.0153999
FixedParameters: 0 0 0

#Transform 41
Transform: AffineTransform_float_3_3
Parameters: 0.999988 0.00348889 -0.0033903 -0.00349511 0.999993 -0.00179817 0.0033837 0.00180983 0.999992 -0.0341565 0.123262 -0.000661387
FixedParameters: 0 0 0

#Transform 42
Transform: AffineTransform_float_3_3
Parameters: 0.999988 0.00348896 -0.0035779 -0.00349504 0.999992 -0.00168252 0.0035721 0.00169548 0.999992 -0.021296 0.0427612 -0.0270014
FixedParameters: 0 0 0

#Transform 43
Transform: AffineTransform_float_3_3
Parameters: 0.999981 0.00351834 -0.0050973 -0.00352566 0.999992 -0.00149506 0.0050927 0.00151295 0.999986 0.0183279 0.0334267 -0.111602
FixedParameters: 0 0 0

#Transform 44
Transform: AffineTransform_float_3_3
Parameters: 0.999982 0.00463729 -0.0038258 -0.0046027 0.999949 0.00892577 0.00386719 -0.00890722 0.999953 -0.0276114 -0.116476 -0.0505701
FixedParameters: 0 0 0

#Transform 45
Transform: AffineTransform_float_3_3
Parameters: 0.999982 0.00507132 -0.00340319 -0.00505968 0.999981 0.00332728 0.00341981 -0.00330972 0.999988 -0.059105 0.0647608 0.0674615
FixedParameters: 0 0 0

#Transform 46
Transform: AffineTransform_float_3_3
Parameters: 0.999978 0.0058191 -0.00313154 -0.0058139 0.999982 0.00163624 0.00314146 -0.00161775 0.999994 0.00583952 0.0736631 -0.0114623
FixedParameters: 0 0 0

#Transform 47
Transform: AffineTransform_float_3_3
Parameters: 0.999986 0.000156109 -0.00515995 -0.000184886 0.999985 -0.00559812 0.00515904 0.00559988 0.999971 0.208475 0.123564 -0.0857394
FixedParameters: 0 0 0

#Transform 48
Transform: AffineTransform_float_3_3
Parameters: 0.99997 0.00126384 -0.00767041 -0.00133715 0.999953 -0.00954003 0.00765758 0.00954996 0.999925 0.227315 0.223311 -0.101835
FixedParameters: 0 0 0

#Transform 49
Transform: AffineTransform_float_3_3
Parameters: 0.999968 0.00423155 -0.00669217 -0.00428145 0.999963 -0.00754259 0.00665983 0.00757142 0.999949 0.110834 0.300498 -0.125578
FixedParameters: 0 0 0

#Transform 50
Transform: AffineTransform_float_3_3
Parameters: 0.999976 0.00301495 -0.00615543 -0.00302605 0.999994 -0.00178742 0.00614957 0.00180558 0.99998 0.0404797 0.127348 0.0403396
FixedParameters: 0 0 0

#Transform 51
Transform: AffineTransform_float_3_3
Parameters: 0.999981 0.003817 -0.00480796 -0.003827 0.99999 -0.00207364 0.00480004 0.00209136 0.999987 0.00797247 0.215283 0.0108954
FixedParameters: 0 0 0

#Transform 52
Transform: AffineTransform_float_3_3
Parameters: 0.99999 0.00300979 -0.00346914 -0.00301821 0.999992 -0.00236355 0.00346186 0.00237444 0.999991 -0.0203786 0.166109 0.0567475
FixedParameters: 0 0 0

#Transform 53
Transform: AffineTransform_float_3_3
Parameters: 0.999985 0.00299926 -0.00442875 -0.00301774 0.999986 -0.00423069 0.00441625 0.00424431 0.999981 0.00979643 0.203027 0.00826005
FixedParameters: 0 0 0

#Transform 54
Transform: AffineTransform_float_3_3
Parameters: 0.999985 0.00299842 -0.00442931 -0.00301757 0.999985 -0.0044187 0.00441669 0.00443231 0.999981 0.00490184 0.129723 0.00674143
FixedParameters: 0 0 0

#Transform 55
Transform: AffineTransform_float_3_3
Parameters: 0.999988 0.00237048 -0.00442112 -0.00238053 0.999995 -0.0021505 0.00441688 0.0021605 0.999988 0.0239961 0.0745068 0.046907
FixedParameters: 0 0 0

#Transform 56
Transform: AffineTransform_float_3_3
Parameters: 0.999986 0.00284772 -0.00442716 -0.00286529 0.999989 -0.00390237 0.00441683 0.00391463 0.999982 -0.00718781 0.0698177 0.0165025
FixedParameters: 0 0 0

#Transform 57
Transform: AffineTransform_float_3_3
Parameters: 0.999987 0.00232089 -0.00459124 -0.0023431 0.999985 -0.0048153 0.00457976 0.00482569 0.999978 -0.00840912 0.091172 0.0356446
FixedParameters: 0 0 0

#Transform 58
Transform: AffineTransform_float_3_3
Parameters: 0.999984 0.00242532 -0.00521399 -0.00243669 0.999995 -0.00204433 0.00520902 0.00205667 0.999985 0.024418 -0.0115196 -0.0357103
FixedParameters: 0 0 0

#Transform 59
Transform: AffineTransform_float_3_3
Parameters: 0.999951 0.00594988 -0.00783906 -0.00583912 0.999883 0.0140925 0.00792194 -0.0140465 0.99987 0.0791168 -0.260365 -0.281419
FixedParameters: 0 0 0

#Transform 60
Transform: AffineTransform_float_3_3
Parameters: 0.999995 0.00131819 -0.00269518 -0.00129981 0.999977 0.00673853 0.00270381 -0.00673447 0.999973 0.0430838 0.0118209 0.083833
FixedParameters: 0 0 0

#Transform 61
Transform: AffineTransform_float_3_3
Parameters: 0.999993 0.00158403 -0.00318198 -0.00158996 0.999997 -0.00187295 0.00317902 0.00187805 0.999993 -0.0105286 0.222689 0.0427273
FixedParameters: 0 0 0

#Transform 62
Transform: AffineTransform_float_3_3
Parameters: 0.999996 0.00195033 -0.00230641 -0.00195267 0.999998 -0.0007215 0.00230559 0.0007255 0.999997 -0.0545487 0.167443 0.103207
FixedParameters: 0 0 0

#Transform 63
Transform: AffineTransform_float_3_3
Parameters: 0.999994 0.00218898 -0.00292277 -0.00219302 0.999996 -0.0017156 0.00291924 0.0017214 0.999995 -0.0148427 0.165953 0.00903915
FixedParameters: 0 0 0

#Transform 64
Transform: AffineTransform_float_3_3
Parameters: 0.999993 0.00197204 -0.00322903 -0.00197696 0.999997 -0.00153363 0.00322596 0.00154037 0.999993 -0.00788375 0.143391 -0.0242928
FixedParameters: 0 0 0

#Transform 65
Transform: AffineTransform_float_3_3
Parameters: 0.999994 0.00197192 -0.00302732 -0.00197708 0.999996 -0.00167603 0.00302369 0.00168197 0.999994 -0.0142557 0.164187 0.0041465
FixedParameters: 0 0 0

#Transform 66
Transform: AffineTransform_float_3_3
Parameters: 0.999993 0.0019712 -0.00333843 -0.0019768 0.999996 -0.00173541 0.00333557 0.00174159 0.999993 -0.00453652 0.16665 0.0290089
FixedParameters: 0 0 0

#Transform 67
Transform: AffineTransform_float_3_3
Parameters: 0.999993 0.00242515 -0.0030295 -0.00243185 0.999995 -0.00225965 0.00302351 0.00226635 0.999993 -0.00885667 0.141395 0.0356195
FixedParameters: 0 0 0

#Transform 68
Transform: AffineTransform_float_3_3
Parameters: 0.99999 0.00249044 -0.00365348 -0.00249656 0.999996 -0.0017929 0.00364852 0.0018021 0.999991 -0.00623153 0.131023 0.0359591
FixedParameters: 0 0 0

#Transform 69
Transform: AffineTransform_float_3_3
Parameters: 0.99999 0.00242597 -0.00359307 -0.00243202 0.999995 -0.00167228 0.00358892 0.00168172 0.999992 -0.0141822 0.124837 0.0604809
FixedParameters: 0 0 0

#Transform 70
Transform: AffineTransform_float_3_3
Parameters: 0.999987 0.00314217 -0.00407627 -0.00314882 0.999993 -0.00166819 0.00407073 0.00168181 0.999991 -0.0178704 0.123353 0.0507456
FixedParameters: 0 0 0

#Transform 71
Transform: AffineTransform_float_3_3
Parameters: 0.999967 0.0040226 -0.00699076 -0.0040094 0.999991 0.00181509 0.00699823 -0.00178691 0.999974 0.0393466 -0.0687358 -0.0548121
FixedParameters: 0 0 0

#Transform 72
Transform: AffineTransform_float_3_3
Parameters: 0.999945 0.0074542 -0.0073925 -0.00730578 0.999776 0.0198761 0.0075395 -0.0198209 0.999775 0.0600213 -0.175636 -0.228385
FixedParameters: 0 0 0

#Transform 73
Transform: AffineTransform_float_3_3
Parameters: 0.999984 0.00457647 -0.00315912 -0.00453051 0.999888 0.0142545 0.00322488 -0.0142405 0.999894 -0.024596 -0.120603 -0.000815572
FixedParameters: 0 0 0

#Transform 74
Transform: AffineTransform_float_3_3
Parameters: 0.999973 0.00484627 -0.00562161 -0.00486174 0.999985 -0.00278875 0.0056084 0.00281626 0.999981 0.00325118 0.247062 0.0681063
FixedParameters: 0 0 0

#Transform 75
Transform: AffineTransform_float_3_3
Parameters: 0.999948 0.00664447 -0.00775889 -0.00668553 0.999964 -0.0052094 0.00772411 0.0052606 0.999957 0.0428045 0.266162 -0.0389069
FixedParameters: 0 0 0

#Transform 76
Transform: AffineTransform_float_3_3
Parameters: 0.999964 0.00538669 -0.00646249 -0.0054103 0.999979 -0.00359416 0.0064435 0.00362884 0.999972 0.0142926 0.212447 -0.0112646
FixedParameters: 0 0 0

#Transform 77
Transform: AffineTransform_float_3_3
Parameters: 0.99997 0.00520021 -0.00576419 -0.00521679 0.999982 -0.00290202 0.00574981 0.00293199 0.999979 -0.00413231 0.199887 0.0183801
FixedParameters: 0 0 0

#Transform 78
Transform: AffineTransform_float_3_3
Parameters: 0.999976 0.00438044 -0.00526199 -0.00439656 0.999986 -0.00294893 0.005249 0.00297206 0.999982 0.0211489 0.1719 -0.0163318
FixedParameters: 0 0 0

#Transform 79
Transform: AffineTransform_float_3_3
Parameters: 0.999968 0.00525958 -0.00592084 -0.00527342 0.999983 -0.00242285 0.00590815 0.00245415 0.999979 0.00394123 0.173917 0.00650896
FixedParameters: 0 0 0

#Transform 80
Transform: AffineTransform_float_3_3
Parameters: 0.99997 0.00527393 -0.00564407 -0.00529008 0.999982 -0.00283723 0.00562894 0.00286677 0.99998 -0.0160673 0.20242 0.0362448
FixedParameters: 0 0 0

#Transform 81
Transform: AffineTransform_float_3_3
Parameters: 0.99997 0.00520212 -0.00575331 -0.00521888 0.999982 -0.00292306 0.00573769 0.00295294 0.999979 -0.00191428 0.20746 0.0206958
FixedParameters: 0 0 0

#Transform 82
Transform: AffineTransform_float_3_3
Parameters: 0.999968 0.00532871 -0.00593021 -0.0053503 0.99998 -0.00358139 0.0059108 0.00361261 0.999976 0.0074508 0.178486 -4.76328e-05
FixedParameters: 0 0 0

#Transform 83
Transform: AffineTransform_float_3_3
Parameters: 0.999968 0.00517604 -0.0059776 -0.00519396 0.999982 -0.00299305 0.0059614 0.00302395 0.999977 -0.000732136 0.150956 -0.00317194
FixedParameters: 0 0 0

#Transform 84
Transform: AffineTransform_float_3_3
Parameters: 0.999966 0.00470786 -0.00673531 -0.00472314 0.999986 -0.00238227 0.0067237 0.00241374 0.999975 0.0313093 0.109626 -0.00262637
FixedParameters: 0 0 0

#Transform 85
Transform: AffineTransform_float_3_3
Parameters: 0.999967 0.00459519 -0.00680232 -0.00460582 0.999988 -0.00157472 0.00679568 0.00160628 0.999975 0.0320484 0.0367287 -0.0307131
FixedParameters: 0 0 0

#Transform 86
Transform: AffineTransform_float_3_3
Parameters: 0.999947 0.00757041 -0.00701152 -0.0075126 0.999939 0.00817811 0.00707248 -0.00812589 0.999942 0.0381558 -0.113509 -0.215637
FixedParameters: 0 0 0

#Transform 87
Transform: AffineTransform_float_3_3
Parameters: 0.999924 0.00947132 -0.0079721 -0.00922369 0.999492 0.0305079 0.00825689 -0.0304321 0.999502 0.122639 -0.524393 -0.412804
FixedParameters: 0 0 0

#Transform 88
Transform: AffineTransform_float_3_3
Parameters: 0.999993 0.00144202 -0.00338522 -0.00142598 0.999988 0.00472986 0.00339178 -0.00472514 0.999983 -0.0400773 0.141844 0.22789
FixedParameters: 0 0 0

#Transform 89
Transform: AffineTransform_float_3_3
Parameters: 0.999986 -0.00188349 0.00505031 0.00186051 0.999988 0.00465147 -0.00505971 -0.00464254 0.999977 -0.0847674 0.00175236 0.0487377
FixedParameters: 0 0 0

#Transform 90
Transform: AffineTransform_float_3_3
Parameters: 0.999998 0.00148159 -0.000574471 -0.00148041 0.999999 0.00103285 0.000575529 -0.00103215 1 -0.0327094 0.185947 0.0626495
FixedParameters: 0 0 0

#Transform 91
Transform: AffineTransform_float_3_3
Parameters: 0.999995 0.00257708 -0.00206492 -0.00257292 0.999994 0.00197432 0.00207008 -0.00196868 0.999996 -0.0245039 0.157247 0.020455
FixedParameters: 0 0 0

#Transform 92
Transform: AffineTransform_float_3_3
Parameters: 0.999989 0.00362522 -0.00313312 -0.00362178 0.999992 0.00135236 0.00313788 -0.00134064 0.999994 -0.0256067 0.122035 -0.0296441
FixedParameters: 0 0 0

#Transform 93
Transform: AffineTransform_float_3_3
Parameters: 0.999986 0.00358194 -0.00383606 -0.00358206 0.999993 -9.25912e-06 0.00383594 2.27404e-05 0.999992 -0.0309551 0.1842 0.0144362
FixedParameters: 0 0 0

#Transform 94
Transform: AffineTransform_float_3_3
Parameters: 0.999981 0.00419809 -0.00454709 -0.00420891 0.999989 -0.00239191 0.0045379 0.0024111 0.999987 -0.0016071 0.223838 0.0283657
FixedParameters: 0 0 0

#Transform 95
Transform: AffineTransform_float_3_3
Parameters: 0.999978 0.00438445 -0.00495418 -0.00437855 0.99999 0.00111072 0.00495882 -0.00108928 0.999987 0.00859796 0.131472 0.0424843
FixedParameters: 0 0 0

#Transform 96
Transform: AffineTransform_float_3_3
Parameters: 0.999974 0.00557001 -0.00453822 -0.00557099 0.999984 -0.000205723 0.00453779 0.000230281 0.999989 -0.0061856 0.136278 -0.00281208
FixedParameters: 0 0 0

#Transform 97
Transform: AffineTransform_float_3_3
Parameters: 0.999973 0.0047893 -0.00558374 -0.00478969 0.999988 6.77462e-05 0.00558426 -4.12564e-05 0.999985 -0.000959654 0.14723 -0.000765526
FixedParameters: 0 0 0

#Transform 98
Transform: AffineTransform_float_3_3
Parameters: 0.999973 0.00520955 -0.00520646 -0.00520846 0.999987 0.000118121 0.00520655 -9.08788e-05 0.999987 -0.0205268 0.146655 0.0329851
FixedParameters: 0 0 0

#Transform 99
Transform: AffineTransform_float_3_3
Parameters: 0.99997 0.00507728 -0.00575858 -0.00508671 0.999985 -0.00167376 0.00574942 0.00170324 0.999982 -0.0304456 0.153027 0.0288546
FixedParameters: 0 0 0

#Transform 100
Transform: AffineTransform_float_3_3
Parameters: 0.999968 0.00552579 -0.00575597 -0.00553121 0.999984 -0.0010632 0.00575003 0.00109581 0.999983 -0.019886 0.178967 0.0418921
FixedParameters: 0 0 0

#Transform 101
Transform: AffineTransform_float_3_3
Parameters: 0.999962 0.00569923 -0.00656076 -0.00570677 0.999983 -0.0011666 0.00655424 0.0012044 0.999978 0.00955229 0.107998 0.00898
FixedParameters: 0 0 0

#Transform 102
Transform: AffineTransform_float_3_3
Parameters: 0.999939 0.00764276 -0.00794963 -0.00757124 0.99993 0.00901773 0.00801837 -0.00895726 0.999927 0.0134525 -0.160847 -0.0995027
FixedParameters: 0 0 0

#Transform 103
Transform: AffineTransform_float_3_3
Parameters: 0.999889 0.0133315 -0.006625 -0.0130045 0.998805 0.0471004 0.00724498 -0.0470086 0.998868 0.0428505 -0.57135 -0.766846
FixedParameters: 0 0 0

#Transform 104
Transform: AffineTransform_float_3_3
Parameters: 0.999925 0.0113094 -0.00485148 -0.0111536 0.999453 0.0311405 0.00520154 -0.0310835 0.999503 0.0432031 -0.223355 -0.249658
FixedParameters: 0 0 0

#Transform 105
Transform: AffineTransform_float_3_3
Parameters: 0.999938 0.00888061 -0.00671687 -0.00884339 0.999946 0.00546074 0.00676513 -0.00540125 0.999962 -0.00382255 0.253741 -0.0774805
FixedParameters: 0 0 0

#Transform 106
Transform: AffineTransform_float_3_3
Parameters: 0.999934 0.00886344 -0.0072202 -0.00884356 0.999957 0.00272003 0.0072438 -0.00265597 0.99997 -0.0144698 0.288112 0.00722254
FixedParameters: 0 0 0

#Transform 107
Transform: AffineTransform_float_3_3
Parameters: 0.999933 0.00886134 -0.00752063 -0.00884368 0.999958 0.00233467 0.00754038 -0.00226834 0.999969 -0.00280665 0.262548 -0.0210896
FixedParameters: 0 0 0

#Transform 108
Transform: AffineTransform_float_3_3
Parameters: 0.999932 0.00898061 -0.00735618 -0.00896637 0.999958 0.00201809 0.00737381 -0.00195191 0.999971 -0.00553905 0.244758 -0.0518656
FixedParameters: 0 0 0

#Transform 109
Transform: AffineTransform_float_3_3
Parameters: 0.999933 0.00886067 -0.00738002 -0.00884332 0.999959 0.00228942 0.00739997 -0.00222358 0.99997 0.00665042 0.223903 -0.0590808
FixedParameters: 0 0 0

#Transform 110
Transform: AffineTransform_float_3_3
Parameters: 0.999938 0.00886407 -0.00670256 -0.00884394 0.999957 0.00301646 0.00672945 -0.00295753 0.999973 -0.0146878 0.231928 -0.00771556
FixedParameters: 0 0 0

#Transform 111
Transform: AffineTransform_float_3_3
Parameters: 0.999955 0.00736991 -0.00589636 -0.00736308 0.999972 0.00119347 0.00590462 -0.00114953 0.999982 -0.0169822 0.224685 -0.00493376
FixedParameters: 0 0 0

#Transform 112
Transform: AffineTransform_float_3_3
Parameters: 0.999956 0.00746292 -0.00569333 -0.00745408 0.999971 0.00158551 0.00570467 -0.00154349 0.999982 -0.02585 0.195175 0.0161429
FixedParameters: 0 0 0

#Transform 113
Transform: AffineTransform_float_3_3
Parameters: 0.999962 0.00675909 -0.00552546 -0.00674791 0.999975 0.00202336 0.00553854 -0.00198664 0.999982 -0.0305698 0.194371 0.0137404
FixedParameters: 0 0 0

#Transform 114
Transform: AffineTransform_float_3_3
Parameters: 0.999955 0.00659483 -0.00681954 -0.00658417 0.999977 0.00160997 0.00682946 -0.00156503 0.999976 0.0241188 0.149012 -0.00716895
FixedParameters: 0 0 0

#Transform 115
Transform: AffineTransform_float_3_3
Parameters: 0.999941 0.0057909 -0.00920693 -0.0057161 0.999952 0.00803311 0.00925307 -0.00797989 0.999926 0.125503 -0.0431352 -0.248716
FixedParameters: 0 0 0

#Transform 116
Transform: AffineTransform_float_3_3
Parameters: 0.99987 0.0130079 -0.00951192 -0.0125221 0.998697 0.0494686 0.0101431 -0.0493425 0.998731 0.135405 -0.528721 0.205616
FixedParameters: 0 0 0

#Transform 117
Transform: AffineTransform_float_3_3
Parameters: 0.999857 0.0168488 0.00103159 -0.0168802 0.998356 0.0547754 -0.000106401 -0.0547846 0.998498 -0.141502 -0.574138 -0.0660386
FixedParameters: 0 0 0

#Transform 118
Transform: AffineTransform_float_3_3
Parameters: 0.999939 0.0107325 0.00285757 -0.0108255 0.999328 0.0350012 -0.00247944 -0.0350308 0.999383 -0.174925 -0.188794 0.162417
FixedParameters: 0 0 0

#Transform 119
Transform: AffineTransform_float_3_3
Parameters: 0.999895 0.0140982 0.00312031 -0.0142368 0.998661 0.0497318 -0.00241465 -0.0497712 0.998757 -0.377409 -0.200041 1.2945
FixedParameters: 0 0 0

#Transform 120
Transform: AffineTransform_float_3_3
Parameters: 0.999944 0.0106006 -0.000277017 -0.0105814 0.999198 0.0386021 0.000685959 -0.0385969 0.999254 -0.386349 -0.209279 1.92508
FixedParameters: 0 0 0

#Transform 121
Transform: AffineTransform_float_3_3
Parameters: 0.999982 0.00591112 0.00109888 -0.00592987 0.999819 0.0180478 -0.000992125 -0.0180532 0.999836 -0.21621 0.123971 1.02636
FixedParameters: 0 0 0

#Transform 122
Transform: AffineTransform_float_3_3
Parameters: 0.999995 -0.000710094 -0.00310981 0.000696904 0.999989 -0.00453119 0.00311319 0.00452881 0.999985 -0.0699395 0.293862 1.09694
FixedParameters: 0 0 0

#Transform 123
Transform: AffineTransform_float_3_3
Parameters: 0.999864 -0.000763613 -0.0164767 0.000457399 0.999828 -0.0185441 0.0164873 0.0185339 0.999693 0.203887 0.484833 0.504898
FixedParameters: 0 0 0

#Transform 124
Transform: AffineTransform_float_3_3
Parameters: 0.999717 0.0219539 -0.00918807 -0.0218482 0.999696 0.011466 0.00943693 -0.011262 0.999892 -0.154655 0.216821 0.88868
FixedParameters: 0 0 0

#Transform 125
Transform: AffineTransform_float_3_3
Parameters: 0.996351 0.0697146 -0.0492528 -0.0676904 0.996837 0.0416258 0.0519992 -0.0381401 0.997918 0.42313 -0.0423143 0.545344
FixedParameters: 0 0 0

#Transform 126
Transform: AffineTransform_float_3_3
Parameters: 0.998577 0.0407323 -0.034417 -0.0399197 0.998916 0.023969 0.035356 -0.022561 0.99912 0.0867034 0.123419 0.634818
FixedParameters: 0 0 0

#Transform 127
Transform: AffineTransform_float_3_3
Parameters: 0.999558 0.021313 -0.0207541 -0.021167 0.99975 0.0072295 0.0209029 -0.0067875 0.999759 0.00635649 0.253445 0.659828
FixedParameters: 0 0 0

#Transform 128
Transform: AffineTransform_float_3_3
Parameters: 0.999695 0.0197447 -0.0147907 -0.0196193 0.99977 0.00859479 0.0149573 -0.00830219 0.999853 -0.0933937 0.307559 0.719118
FixedParameters: 0 0 0

#Transform 129
Transform: AffineTransform_float_3_3
Parameters: 0.999723 0.0186418 -0.0143625 -0.0185212 0.999793 0.00849937 0.0145185 -0.00823063 0.99986 -0.11482 0.280598 0.748245
FixedParameters: 0 0 0

#Transform 130
Transform: AffineTransform_float_3_3
Parameters: 0.999745 0.0194477 -0.0115255 -0.0192674 0.999693 0.015584 0.0118245 -0.015358 0.999812 -0.167175 0.105241 0.757289
FixedParameters: 0 0 0

#Transform 131
Transform: AffineTransform_float_3_3
Parameters: 0.999416 0.0293407 0.0175051 -0.0309944 0.994174 0.103239 -0.014374 -0.103721 0.994503 -0.391528 -1.14761 0.306261
FixedParameters: 0 0 0

#Transform 132
Transform: AffineTransform_float_3_3
Parameters: 0.999124 0.0332105 0.0254603 -0.0364534 0.989511 0.139781 -0.0205507 -0.140588 0.989855 -0.783308 -1.51758 1.79972
FixedParameters: 0 0 0

#Transform 133
Transform: AffineTransform_float_3_3
Parameters: 0.999827 0.0182642 -0.00366525 -0.0182478 0.999824 0.00440164 0.00374575 -0.00433434 0.999983 -0.284573 0.126907 1.63288
FixedParameters: 0 0 0

#Transform 134
Transform: AffineTransform_float_3_3
Parameters: 0.99972 0.0236439 -0.000743011 -0.0235991 0.999009 0.0377571 0.00163499 -0.0377289 0.999286 -0.169108 -0.101495 0.688225
FixedParameters: 0 0 0

#Transform 135
Transform: AffineTransform_float_3_3
Parameters: 0.999657 0.024436 -0.0093492 -0.024078 0.999037 0.0366587 0.0102358 -0.0364213 0.999284 -0.00934356 -0.241995 0.756513
FixedParameters: 0 0 0

#Transform 136
Transform: AffineTransform_float_3_3
Parameters: 0.999526 0.0263162 -0.0159766 -0.0254987 0.998456 0.0493648 0.0172514 -0.0489332 0.998653 0.219036 -0.354676 0.329661
FixedParameters: 0 0 0

#Transform 137
Transform: AffineTransform_float_3_3
Parameters: 0.999707 0.0219236 -0.0103247 -0.0215855 0.99926 0.0318342 0.0110143 -0.0316018 0.99944 0.00562199 0.0171421 0.853268
FixedParameters: 0 0 0

#Transform 138
Transform: AffineTransform_float_3_3
Parameters: 0.999833 0.0156858 -0.00931808 -0.0156002 0.999836 0.0092089 0.00946092 -0.00906211 0.999914 -0.0754163 0.347461 0.95281
FixedParameters: 0 0 0

#Transform 139
Transform: AffineTransform_float_3_3
Parameters: 0.999821 0.0160226 -0.0100813 -0.0159454 0.999843 0.00763312 0.0102027 -0.00747186 0.99992 -0.0773668 0.360275 0.919935
FixedParameters: 0 0 0

#Transform 140
Transform: AffineTransform_float_3_3
Parameters: 0.999827 0.0158298 -0.0098266 -0.0157502 0.999843 0.00814619 0.00995442 -0.00798981 0.999919 -0.0870422 0.327838 0.920349
FixedParameters: 0 0 0

#Transform 141
Transform: AffineTransform_float_3_3
Parameters: 0.999832 0.0160284 -0.00887878 -0.0159456 0.99983 0.00927913 0.00902621 -0.00913585 0.999917 -0.099163 0.263782 0.864912
FixedParameters: 0 0 0

#Transform 142
Transform: AffineTransform_float_3_3
Parameters: 0.999836 0.016068 -0.00827838 -0.01599 0.999828 0.0093999 0.00842761 -0.00926609 0.999921 -0.1072 0.232181 0.850476
FixedParameters: 0 0 0

#Transform 143
Transform: AffineTransform_float_3_3
Parameters: 0.999835 0.0159221 -0.0087264 -0.0158419 0.999833 0.00917376 0.00887161 -0.00903424 0.99992 -0.0993885 0.233134 0.846
FixedParameters: 0 0 0

#Transform 144
Transform: AffineTransform_float_3_3
Parameters: 0.999839 0.0156659 -0.00873274 -0.0155881 0.999839 0.00891556 0.00887126 -0.00877743 0.999922 -0.0957816 0.244083 0.858207
FixedParameters: 0 0 0

#Transform 145
Transform: AffineTransform_float_3_3
Parameters: 0.999837 0.0157927 -0.00874275 -0.0157213 0.999842 0.00820778 0.00887126 -0.00806921 0.999928 -0.107522 0.20895 0.878638
FixedParameters: 0 0 0

#Transform 146
Transform: AffineTransform_float_3_3
Parameters: 0.999837 0.015586 -0.00910006 -0.015507 0.999842 0.00868553 0.00923394 -0.00854347 0.999921 -0.0907194 0.193444 0.881794
FixedParameters: 0 0 0

#Transform 147
Transform: AffineTransform_float_3_3
Parameters: 0.999835 0.0157956 -0.00897393 -0.0157104 0.999831 0.00953356 0.00912307 -0.00939045 0.999915 -0.0959985 0.178291 0.901486
FixedParameters: 0 0 0

#Transform 148
Transform: AffineTransform_float_3_3
Parameters: 0.999829 0.015997 -0.00926312 -0.015914 0.999833 0.00896595 0.00940588 -0.00881704 0.999917 -0.0919247 0.214538 0.906285
FixedParameters: 0 0 0

#Transform 149
Transform: AffineTransform_float_3_3
Parameters: 0.999814 0.0166408 -0.00970038 -0.0165582 0.999827 0.00855121 0.00984161 -0.00838879 0.999917 -0.0893483 0.174025 0.882735
FixedParameters: 0 0 0

#Transform 150
Transform: AffineTransform_float_3_3
Parameters: 0.999697 0.0210187 -0.0128267 -0.0207713 0.999601 0.0191472 0.0132243 -0.0188748 0.999735 0.00573594 -0.112776 0.741491
FixedParameters: 0 0 0

#Transform 151
Transform: AffineTransform_float_3_3
Parameters: 0.99966 0.0222468 -0.0136137 -0.0214802 0.998305 0.0540918 0.0147933 -0.0537802 0.998443 0.183322 -0.6699 -0.111214
FixedParameters: 0 0 0

#Transform 152
Transform: AffineTransform_float_3_3
Parameters: 0.999847 0.0158657 -0.00739282 -0.0156753 0.99956 0.0251757 0.00778917 -0.0250553 0.999655 -0.101935 -0.0429574 0.478377
FixedParameters: 0 0 0

#Transform 153
Transform: AffineTransform_float_3_3
Parameters: 0.999926 0.0107483 -0.00558256 -0.0107137 0.999922 0.00631427 0.00565044 -0.00625373 0.999965 -0.0875057 0.241404 0.692116
FixedParameters: 0 0 0

#Transform 154
Transform: AffineTransform_float_3_3
Parameters: 0.999894 0.012791 -0.0069627 -0.012747 0.999898 0.00633242 0.0070433 -0.00624357 0.999955 -0.0762912 0.338811 0.705344
FixedParameters: 0 0 0

#Transform 155
Transform: AffineTransform_float_3_3
Parameters: 0.999877 0.0133088 -0.00836702 -0.0132622 0.999896 0.00562466 0.008441 -0.00551334 0.999949 -0.0557657 0.25846 0.670576
FixedParameters: 0 0 0

#Transform 156
Transform: AffineTransform_float_3_3
Parameters: 0.999884 0.013336 -0.00743302 -0.0132951 0.999897 0.00553047 0.00750599 -0.00543154 0.999957 -0.080015 0.25819 0.64289
FixedParameters: 0 0 0

#Transform 157
Transform: AffineTransform_float_3_3
Parameters: 0.999883 0.0137132 -0.00679655 -0.0136678 0.999885 0.00665267 0.00688744 -0.00655932 0.999955 -0.105178 0.234571 0.642197
FixedParameters: 0 0 0

#Transform 158
Transform: AffineTransform_float_3_3
Parameters: 0.999984 -0.00328657 0.00456602 0.00325343 0.999968 0.00734097 -0.00458998 -0.00732603 0.999962 -0.0646297 -0.00616889 0.759467
FixedParameters: 0 0 0

#Transform 159
Transform: AffineTransform_float_3_3
Parameters: 0.999928 0.00956411 -0.00725805 -0.00952589 0.999941 0.00526752 0.00730795 -0.00519848 0.99996 -0.0589857 0.192555 0.760667
FixedParameters: 0 0 0
