# transform file /out/sourcedata/freesurfer/sub-v2s1x29912_ses-1/mri/transforms/cc_up.lta
# created by oesteban on Thu Mar 12 21:57:20 2026

type      = 0 # LINEAR_VOX_TO_VOX
nxforms   = 1
mean      = 129.0000 134.0000 124.0000
sigma     = 10000.0000
1 4 4
9.832587838172913e-01 -8.753005415201187e-02 1.598150730133057e-01 -7.056493282318115e+00 
8.639628440141678e-02 9.961619377136230e-01 1.404251717031002e-02 1.693716287612915e+00 
-1.604308187961578e-01 9.313226856377810e-10 9.870471954345703e-01 3.008949470520020e+01 
0.000000000000000e+00 0.000000000000000e+00 0.000000000000000e+00 1.000000000000000e+00 
src volume info
valid = 1  # volume info valid
filename = /out/sourcedata/freesurfer/sub-v2s1x29912_ses-1/mri/norm.mgz
volume = 256 256 256
voxelsize = 8.999999761581421e-01 8.999999761581421e-01 8.999999761581421e-01
xras   = -9.999999403953552e-01 0.000000000000000e+00 0.000000000000000e+00
yras   = 0.000000000000000e+00 0.000000000000000e+00 -1.000000000000000e+00
zras   = 0.000000000000000e+00 1.000000000000000e+00 0.000000000000000e+00
cras   = 6.393112182617188e+00 2.742095184326172e+01 1.262886810302734e+01
dst volume info
valid = 1  # volume info valid
filename = /out/sourcedata/freesurfer/sub-v2s1x29912_ses-1/mri/norm.mgz
volume = 256 256 256
voxelsize = 8.999999761581421e-01 8.999999761581421e-01 8.999999761581421e-01
xras   = -9.999999403953552e-01 0.000000000000000e+00 0.000000000000000e+00
yras   = 0.000000000000000e+00 0.000000000000000e+00 -1.000000000000000e+00
zras   = 0.000000000000000e+00 1.000000000000000e+00 0.000000000000000e+00
cras   = 6.393112182617188e+00 2.742095184326172e+01 1.262886810302734e+01
