#Insight Transform File V1.0
#Transform 0
Transform: AffineTransform_float_3_3
Parameters: 0.999999 -0.000895715 -8.31175e-05 0.000896283 0.999993 0.00347993 7.98813e-05 -0.00348007 0.999994 -0.00755939 -0.4169 0.735178
FixedParameters: 0 0 0

#Transform 1
Transform: AffineTransform_float_3_3
Parameters: 1 0.000633354 -0.000192839 -0.000633645 0.999998 0.00183312 0.000194162 -0.00183288 0.999999 -0.00174193 -0.155527 0.0878069
FixedParameters: 0 0 0

#Transform 2
Transform: AffineTransform_float_3_3
Parameters: 0.999999 0.000634035 -0.000466597 -0.000632964 0.999998 0.0022143 0.000468402 -0.00221371 0.999998 0.000428474 -0.207345 -0.00274696
FixedParameters: 0 0 0

#Transform 3
Transform: AffineTransform_float_3_3
Parameters: 0.999999 0.000634403 -0.000632597 -0.000633597 0.999998 0.0022144 0.000634405 -0.0022146 0.999998 0.0269499 -0.189485 -0.00473054
FixedParameters: 0 0 0

#Transform 4
Transform: AffineTransform_float_3_3
Parameters: 0.999999 0.000633592 -0.000467198 -0.000633408 0.999999 0.0012663 0.000467803 -0.0012667 0.999999 0.0161335 -0.1146 -0.0183034
FixedParameters: 0 0 0

#Transform 5
Transform: AffineTransform_float_3_3
Parameters: 1 0.000233999 -1.13127e-06 -0.000234 1 -0.000561 8.68726e-07 0.000561 1 -0.005744 -0.0515889 -0.0116046
FixedParameters: 0 0 0

#Transform 6
Transform: AffineTransform_float_3_3
Parameters: 1 0.000246032 -0.000192959 -0.000245968 1 0.000166047 0.000193041 -0.000165953 1 0.00242615 -0.0759847 0.0522112
FixedParameters: 0 0 0

#Transform 7
Transform: AffineTransform_float_3_3
Parameters: 1 0.000256039 0.000101903 -0.000255961 1 -0.000379026 -0.000102097 0.000378974 1 -0.0139752 -0.0495521 0.0143725
FixedParameters: 0 0 0

#Transform 8
Transform: AffineTransform_float_3_3
Parameters: 1 0.000170993 -3.80332e-05 -0.000171007 1 -0.000193993 3.79668e-05 0.000194006 1 -0.000948681 -0.0680458 -0.0419933
FixedParameters: 0 0 0

#Transform 9
Transform: AffineTransform_float_3_3
Parameters: 1 0.00017102 9.39637e-05 -0.00017098 1 -0.000212016 -9.40362e-05 0.000211984 1 -0.0149249 -0.0473996 -0.0400016
FixedParameters: 0 0 0

#Transform 10
Transform: AffineTransform_float_3_3
Parameters: 1 0.000170997 -6.09268e-06 -0.000171003 1 -0.000541999 5.90732e-06 0.000542001 1 -0.00536245 -0.0390258 -0.00737803
FixedParameters: 0 0 0

#Transform 11
Transform: AffineTransform_float_3_3
Parameters: 1 0.000171074 0.0001269 -0.000170926 1 -0.000586021 -0.0001271 0.000585978 1 -0.0140606 -0.0551205 0.00390517
FixedParameters: 0 0 0

#Transform 12
Transform: AffineTransform_float_3_3
Parameters: 1 0.000170977 2.5159e-05 -0.000171023 0.999999 0.000929995 -2.48409e-05 -0.000930003 0.999999 -0.00240459 -0.172638 -0.0187197
FixedParameters: 0 0 0

#Transform 13
Transform: AffineTransform_float_3_3
Parameters: 1 0.000171022 -3.99039e-05 -0.000170977 1 0.000562007 4.00961e-05 -0.000561993 1 -0.00316488 -0.0882163 0.0244785
FixedParameters: 0 0 0

#Transform 14
Transform: AffineTransform_float_3_3
Parameters: 1 0.000171597 -0.000467782 -0.000170404 0.999999 0.00127408 0.000468218 -0.00127492 0.999999 0.0248577 -0.110764 0.0297425
FixedParameters: 0 0 0

#Transform 15
Transform: AffineTransform_float_3_3
Parameters: 1 -0.000106853 -0.000230068 0.000107147 1 0.000637975 0.000229932 -0.000638024 1 0.00287817 -0.0400532 0.0398934
FixedParameters: 0 0 0

#Transform 16
Transform: AffineTransform_float_3_3
Parameters: 1 -0.000139959 -0.000172033 0.000139041 1 0.000235976 0.000171967 -0.000236024 1 -0.00165001 -0.0378792 0.0372731
FixedParameters: 0 0 0

#Transform 17
Transform: AffineTransform_float_3_3
Parameters: 1 -0.000149948 -9.40823e-05 0.000150052 1 0.000548986 9.39176e-05 -0.000549014 1 -0.00708906 -0.0480306 0.0490246
FixedParameters: 0 0 0

#Transform 18
Transform: AffineTransform_float_3_3
Parameters: 1 -0.000173894 -0.000207089 0.000174106 1 0.000511964 0.000206911 -0.000512036 1 -0.000163 -0.0253735 0.0328933
FixedParameters: 0 0 0

#Transform 19
Transform: AffineTransform_float_3_3
Parameters: 1 -2.60085e-05 1.89884e-05 2.59915e-05 1 0.000447 -1.90116e-05 -0.000446999 1 -0.000931538 -0.0129912 0.030499
FixedParameters: 0 0 0

#Transform 20
Transform: AffineTransform_float_3_3
Parameters: 1 -7.89678e-05 -7.20353e-05 7.90322e-05 1 0.000446994 7.19647e-05 -0.000447006 1 0.00471376 -0.0246654 -0.0151119
FixedParameters: 0 0 0

#Transform 21
Transform: AffineTransform_float_3_3
Parameters: 1 -0.000259052 7.48194e-05 0.000258948 0.999999 0.000697019 -7.51805e-05 -0.00069698 1 -0.0206078 -0.0386594 -0.00997649
FixedParameters: 0 0 0

#Transform 22
Transform: AffineTransform_float_3_3
Parameters: 1 -0.000258991 -2.11158e-05 0.000259009 1 0.000446994 2.08842e-05 -0.000447005 1 -0.0143225 -0.034523 -0.00481355
FixedParameters: 0 0 0

#Transform 23
Transform: AffineTransform_float_3_3
Parameters: 1 -0.000136039 0.000122957 0.000135961 1 0.000316017 -0.000123043 -0.000315983 1 -0.0048994 -0.0121858 0.0417595
FixedParameters: 0 0 0

#Transform 24
Transform: AffineTransform_float_3_3
Parameters: 1 1.19926e-05 -1.40063e-05 -1.20074e-05 1 -0.000526 1.39937e-05 0.000526 1 0.00264164 -0.027959 0.0385221
FixedParameters: 0 0 0

#Transform 25
Transform: AffineTransform_float_3_3
Parameters: 1 1.08984e-05 -0.000468002 -1.11016e-05 1 -0.000216995 0.000467997 0.000217005 1 0.0266066 -0.00932827 0.0144398
FixedParameters: 0 0 0

#Transform 26
Transform: AffineTransform_float_3_3
Parameters: 1 -0.00012394 0.000162046 0.00012406 1 -0.00037198 -0.000161954 0.00037202 1 -0.00716247 0.0027941 0.0394093
FixedParameters: 0 0 0

#Transform 27
Transform: AffineTransform_float_3_3
Parameters: 1 -9.00032e-05 0.000114997 8.99968e-05 1 2.80103e-05 -0.000115003 -2.79896e-05 1 -0.0107297 -0.0172447 0.0152444
FixedParameters: 0 0 0

#Transform 28
Transform: AffineTransform_float_3_3
Parameters: 1 -0.000145079 -0.000467975 0.000144921 1 -0.000169068 0.000468024 0.000168932 1 0.0335485 -0.0107859 0.0358353
FixedParameters: 0 0 0

#Transform 29
Transform: AffineTransform_float_3_3
Parameters: 1 0.000243402 0.000319456 -0.000244597 0.999998 0.00187292 -0.000318542 -0.00187308 0.999998 -0.0358096 -0.158638 0.0257822
FixedParameters: 0 0 0

#Transform 30
Transform: AffineTransform_float_3_3
Parameters: 1 8.89709e-05 -4.20615e-05 -8.9029e-05 1 -0.000690996 4.19385e-05 0.000691003 1 -0.00595786 -0.0294972 0.0263032
FixedParameters: 0 0 0

#Transform 31
Transform: AffineTransform_float_3_3
Parameters: 1 1.10148e-05 0.000139999 -1.09852e-05 1 -0.000106002 -0.000140001 0.000105998 1 -0.0150952 -0.0276263 0.0362422
FixedParameters: 0 0 0

#Transform 32
Transform: AffineTransform_float_3_3
Parameters: 1 -6.29799e-05 0.000100013 6.30203e-05 1 -0.000200994 -0.000100987 0.000201006 1 -0.0141999 0.000307325 0.0521854
FixedParameters: 0 0 0

#Transform 33
Transform: AffineTransform_float_3_3
Parameters: 1 -0.00011894 0.000202035 0.00011906 1 -0.000295976 -0.000201965 0.000296024 1 -0.0221743 0.00531495 0.0396132
FixedParameters: 0 0 0

#Transform 34
Transform: AffineTransform_float_3_3
Parameters: 1 -0.000101015 -4.09631e-05 0.000100985 1 -0.000365004 4.10369e-05 0.000364996 1 -0.00580104 0.00836654 -0.00567495
FixedParameters: 0 0 0

#Transform 35
Transform: AffineTransform_float_3_3
Parameters: 1 -0.000158002 0.000138998 0.000157998 1 1.1022e-05 -0.000139002 -1.0978e-05 1 -0.00874151 -0.00542651 0.00571513
FixedParameters: 0 0 0

#Transform 36
Transform: AffineTransform_float_3_3
Parameters: 1 -0.000259016 8.99534e-05 0.000258984 1 0.000180023 -9.00466e-05 -0.000179977 1 -0.0120658 -0.016916 0.00151944
FixedParameters: 0 0 0

#Transform 37
Transform: AffineTransform_float_3_3
Parameters: 1 -0.000258998 0.000147004 0.000259002 1 -1.59619e-05 -0.000146996 1.60381e-05 1 -0.0219029 -0.00119567 0.0379921
FixedParameters: 0 0 0

#Transform 38
Transform: AffineTransform_float_3_3
Parameters: 1 -0.000188008 3.69594e-05 0.000187992 1 0.000216007 -3.70406e-05 -0.000215993 1 -0.00500313 0.000250982 0.02514
FixedParameters: 0 0 0

#Transform 39
Transform: AffineTransform_float_3_3
Parameters: 1 -0.000259 -3.09959e-05 0.000258999 1 -1.6008e-05 3.10041e-05 1.5992e-05 1 -0.00473744 -0.00374912 0.0314321
FixedParameters: 0 0 0

#Transform 40
Transform: AffineTransform_float_3_3
Parameters: 1 -0.000259 3.00414e-06 0.000259 1 -1.59992e-05 -2.99586e-06 1.60008e-05 1 -0.0124259 -0.0131853 0.0404502
FixedParameters: 0 0 0

#Transform 41
Transform: AffineTransform_float_3_3
Parameters: 1 -0.00025909 -6.96664e-05 0.00025891 0.999999 -0.00128802 7.03335e-05 0.00128798 0.999999 -0.00258526 0.0507206 0.0679208
FixedParameters: 0 0 0

#Transform 42
Transform: AffineTransform_float_3_3
Parameters: 1 -0.000258958 5.51981e-05 0.000259042 0.999999 -0.000764985 -5.48018e-05 0.000765014 0.999999 -0.006765 0.0148376 0.0311663
FixedParameters: 0 0 0

#Transform 43
Transform: AffineTransform_float_3_3
Parameters: 1 -0.000171698 0.000252206 0.000171302 1 -0.00119696 -0.000251795 0.00119704 1 -0.011278 -0.0266223 0.0397669
FixedParameters: 0 0 0

#Transform 44
Transform: AffineTransform_float_3_3
Parameters: 1 -0.000144213 0.00038592 0.000144786 1 0.000553056 -0.00038608 -0.000552944 1 -0.0129165 -0.101936 0.0176827
FixedParameters: 0 0 0

#Transform 45
Transform: AffineTransform_float_3_3
Parameters: 0.999999 -0.000257727 0.000664495 0.000259274 0.999998 -0.00191583 -0.000664504 0.00191617 0.999998 -0.0338669 0.0346333 0.00435686
FixedParameters: 0 0 0

#Transform 46
Transform: AffineTransform_float_3_3
Parameters: 1 -0.000258839 0.000196213 0.000259161 0.999999 -0.000821949 -0.000195787 0.00082205 0.999999 -0.00313172 -0.0422969 0.0167622
FixedParameters: 0 0 0

#Transform 47
Transform: AffineTransform_float_3_3
Parameters: 1 -0.000259048 0.000218944 0.000258952 1 0.000218057 -0.000219056 -0.000217943 1 -0.00461416 -0.0732717 0.0378915
FixedParameters: 0 0 0

#Transform 48
Transform: AffineTransform_float_3_3
Parameters: 1 -0.000208083 0.000218922 0.000207917 1 0.000377045 -0.000219078 -0.000376954 1 -0.00339012 -0.0761511 0.069816
FixedParameters: 0 0 0

#Transform 49
Transform: AffineTransform_float_3_3
Parameters: 1 -0.00025901 0.000218988 0.00025899 1 4.50567e-05 -0.000219012 -4.49433e-05 1 -0.00461013 -0.0613825 0.0703741
FixedParameters: 0 0 0

#Transform 50
Transform: AffineTransform_float_3_3
Parameters: 1 -0.000259097 0.000159842 0.000258903 1 0.000609041 -0.000159158 -0.000608959 1 -0.000724291 -0.0838425 0.0632865
FixedParameters: 0 0 0

#Transform 51
Transform: AffineTransform_float_3_3
Parameters: 1 -0.000259058 0.000218931 0.000258942 1 0.000265057 -0.000219069 -0.000264943 1 0.00977719 -0.0711522 0.0922253
FixedParameters: 0 0 0

#Transform 52
Transform: AffineTransform_float_3_3
Parameters: 1 -0.000259127 0.000279883 0.000258873 1 0.000453072 -0.000280117 -0.000452927 1 -0.0102695 -0.0661966 0.0677652
FixedParameters: 0 0 0

#Transform 53
Transform: AffineTransform_float_3_3
Parameters: 1 -0.000259002 0.000218997 0.000258998 1 1.10567e-05 -0.000219003 -1.09433e-05 1 0.00240296 -0.0372473 0.0536494
FixedParameters: 0 0 0

#Transform 54
Transform: AffineTransform_float_3_3
Parameters: 1 -0.000378916 0.000219146 0.000379084 1 -0.000384917 -0.000218854 0.000385083 1 0.00897666 -0.0127246 0.0629604
FixedParameters: 0 0 0

#Transform 55
Transform: AffineTransform_float_3_3
Parameters: 0.999999 -0.000660756 -0.000325538 0.000662243 0.999993 0.00383779 0.000322461 -0.00383721 0.999992 0.012557 -0.293202 -0.0131315
FixedParameters: 0 0 0

#Transform 56
Transform: AffineTransform_float_3_3
Parameters: 0.999997 0.000395365 -0.00216017 -0.000368637 0.99992 0.0126538 0.00216484 -0.0126532 0.999917 0.00203207 -0.792392 -0.122511
FixedParameters: 0 0 0

#Transform 57
Transform: AffineTransform_float_3_3
Parameters: 0.999999 -0.000901559 -0.000918374 0.000907445 0.999982 0.00594217 0.000913624 -0.00594283 0.999982 0.0577675 -0.475338 0.00470142
FixedParameters: 0 0 0

#Transform 58
Transform: AffineTransform_float_3_3
Parameters: 1 -0.000375519 -0.000231781 0.000375482 0.999998 0.00207991 0.000231219 -0.00208009 0.999998 0.000187315 -0.149967 0.0550236
FixedParameters: 0 0 0

#Transform 59
Transform: AffineTransform_float_3_3
Parameters: 1 -0.000162692 -0.000231217 0.000163308 0.999999 0.00133196 0.000230783 -0.00133204 0.999999 0.00509073 -0.095431 0.0207458
FixedParameters: 0 0 0

#Transform 60
Transform: AffineTransform_float_3_3
Parameters: 1 -0.000577767 -0.000287469 0.000578234 1 0.000811834 0.00028753 -0.000812166 0.999999 -0.000912359 -0.0769899 0.0589754
FixedParameters: 0 0 0

#Transform 61
Transform: AffineTransform_float_3_3
Parameters: 0.999998 -0.000550436 -0.00182554 0.000578556 0.999886 0.015133 0.00181645 -0.015134 0.999884 0.0876041 -0.979055 -0.0325613
FixedParameters: 0 0 0

#Transform 62
Transform: AffineTransform_float_3_3
Parameters: 0.999998 0.000477836 -0.00189567 -0.00045216 0.999908 0.0136059 0.00190233 -0.0136051 0.999905 0.101897 -0.905178 -0.0305461
FixedParameters: 0 0 0

#Transform 63
Transform: AffineTransform_float_3_3
Parameters: 0.999995 0.00143249 -0.00255596 -0.00138551 0.999828 0.0184866 0.00258205 -0.0184834 0.999826 0.150145 -1.18392 -0.0225766
FixedParameters: 0 0 0

#Transform 64
Transform: AffineTransform_float_3_3
Parameters: 0.999996 0.000855566 -0.00249247 -0.000811424 0.999848 0.0174281 0.00250752 -0.0174259 0.999845 0.150171 -1.0963 -0.0419972
FixedParameters: 0 0 0

#Transform 65
Transform: AffineTransform_float_3_3
Parameters: 0.999997 0.000395278 -0.00236954 -0.000361716 0.999895 0.0144489 0.00237547 -0.0144481 0.999893 0.131652 -0.864186 0.0112945
FixedParameters: 0 0 0

#Transform 66
Transform: AffineTransform_float_3_3
Parameters: 0.999996 0.00112168 -0.00281481 -0.00108733 0.999928 0.0119391 0.00282718 -0.0119359 0.999925 0.141499 -0.733642 0.0623637
FixedParameters: 0 0 0

#Transform 67
Transform: AffineTransform_float_3_3
Parameters: 0.999998 0.000260736 -0.00222735 -0.000237269 0.999944 0.0106496 0.00222965 -0.0106494 0.999941 0.11184 -0.644332 0.0793899
FixedParameters: 0 0 0

#Transform 68
Transform: AffineTransform_float_3_3
Parameters: 0.999998 -0.000118461 -0.00176011 0.000133538 0.999961 0.00883078 0.00175889 -0.00883123 0.99996 0.0884994 -0.529567 0.0904967
FixedParameters: 0 0 0

#Transform 69
Transform: AffineTransform_float_3_3
Parameters: 1 -0.000302922 -0.00116214 0.000311078 0.999975 0.00695764 0.00115986 -0.00695736 0.999975 0.04844 -0.393239 0.0957096
FixedParameters: 0 0 0

#Transform 70
Transform: AffineTransform_float_3_3
Parameters: 0.999999 -0.000318704 -0.00125362 0.000325297 0.999988 0.0050246 0.00125238 -0.0050254 0.999986 0.059324 -0.28595 0.0500478
FixedParameters: 0 0 0

#Transform 71
Transform: AffineTransform_float_3_3
Parameters: 0.999999 -3.42681e-05 -0.000774174 3.77311e-05 0.999989 0.00482097 0.000773827 -0.00482103 0.999988 0.0344176 -0.317833 0.0658534
FixedParameters: 0 0 0

#Transform 72
Transform: AffineTransform_float_3_3
Parameters: 0.999988 0.00259321 -0.00420398 -0.00248279 0.999659 0.0260128 0.00427001 -0.0260013 0.999653 0.222826 -1.5229 -0.10394
FixedParameters: 0 0 0

#Transform 73
Transform: AffineTransform_float_3_3
Parameters: 0.999927 0.00717681 -0.00965152 -0.00643916 0.997214 0.0743175 0.0101584 -0.0742504 0.997188 0.483001 -4.45401 -0.110298
FixedParameters: 0 0 0

#Transform 74
Transform: AffineTransform_float_3_3
Parameters: 0.999958 0.00516952 -0.00754679 -0.00469746 0.998113 0.061214 0.00784918 -0.061176 0.998096 0.430237 -3.5354 -0.135844
FixedParameters: 0 0 0

#Transform 75
Transform: AffineTransform_float_3_3
Parameters: 0.999981 0.00291458 -0.00529901 -0.00270842 0.999259 0.038397 0.00540696 -0.0383819 0.999248 0.306081 -2.12981 -0.180724
FixedParameters: 0 0 0

#Transform 76
Transform: AffineTransform_float_3_3
Parameters: 0.999989 0.00177309 -0.00429899 -0.00162891 0.999436 0.0335203 0.00435604 -0.0335136 0.999429 0.248395 -1.7838 -0.163266
FixedParameters: 0 0 0

#Transform 77
Transform: AffineTransform_float_3_3
Parameters: 0.999992 0.00138991 -0.00370835 -0.0012851 0.999603 0.028145 0.00374565 -0.02814 0.999597 0.220029 -1.5027 -0.0960871
FixedParameters: 0 0 0

#Transform 78
Transform: AffineTransform_float_3_3
Parameters: 0.999993 0.00102644 -0.0036231 -0.000938563 0.999703 0.0243276 0.00364691 -0.0243244 0.999698 0.202554 -1.32464 -0.0668125
FixedParameters: 0 0 0

#Transform 79
Transform: AffineTransform_float_3_3
Parameters: 0.999994 0.000946713 -0.0033958 -0.00087128 0.999752 0.0222291 0.00341621 -0.0222259 0.999747 0.1954 -1.21431 -0.0609033
FixedParameters: 0 0 0

#Transform 80
Transform: AffineTransform_float_3_3
Parameters: 0.999995 0.000800553 -0.0028957 -0.000742441 0.999803 0.0198223 0.00291129 -0.0198198 0.9998 0.167308 -1.10154 -0.0409487
FixedParameters: 0 0 0

#Transform 81
Transform: AffineTransform_float_3_3
Parameters: 0.999996 0.000657352 -0.0026045 -0.000609655 0.999836 0.0181407 0.00261549 -0.0181384 0.999832 0.124816 -1.01955 -0.0227597
FixedParameters: 0 0 0

#Transform 82
Transform: AffineTransform_float_3_3
Parameters: 0.999996 0.000667571 -0.00248847 -0.000626437 0.999867 0.0162686 0.00249852 -0.0162674 0.999864 0.133034 -0.909334 -0.0160628
FixedParameters: 0 0 0

#Transform 83
Transform: AffineTransform_float_3_3
Parameters: 0.999997 0.000536059 -0.00234447 -0.000501947 0.999894 0.0145042 0.00235153 -0.0145028 0.999892 0.120503 -0.82006 -0.0301051
FixedParameters: 0 0 0

#Transform 84
Transform: AffineTransform_float_3_3
Parameters: 0.999999 0.000254734 -0.00181408 -0.000233256 0.999929 0.0119704 0.00181792 -0.0119706 0.999926 0.0918024 -0.685215 0.0025867
FixedParameters: 0 0 0

#Transform 85
Transform: AffineTransform_float_3_3
Parameters: 0.999998 0.000503287 -0.00158461 -0.000485708 0.99994 0.0108908 0.00159038 -0.0108902 0.99994 0.0829168 -0.611145 0.0213943
FixedParameters: 0 0 0

#Transform 86
Transform: AffineTransform_float_3_3
Parameters: 0.999999 0.000126974 -0.00142482 -0.000113024 0.999952 0.00980317 0.00142618 -0.00980283 0.999951 0.0644321 -0.563768 0.0168792
FixedParameters: 0 0 0

#Transform 87
Transform: AffineTransform_float_3_3
Parameters: 0.999999 6.82939e-05 -0.00123547 -5.77017e-05 0.999966 0.00833008 0.00123652 -0.00832992 0.999964 0.063467 -0.485152 0.0428715
FixedParameters: 0 0 0

#Transform 88
Transform: AffineTransform_float_3_3
Parameters: 1 8.91579e-05 -0.00109837 -8.08375e-05 0.999973 0.0074251 0.00109963 -0.00742491 0.999972 0.0506919 -0.419342 0.0438922
FixedParameters: 0 0 0

#Transform 89
Transform: AffineTransform_float_3_3
Parameters: 0.999999 3.04643e-05 -0.000889802 -2.45342e-05 0.999973 0.00726402 0.000890202 -0.00726397 0.999973 0.0341953 -0.413724 0.0347321
FixedParameters: 0 0 0

#Transform 90
Transform: AffineTransform_float_3_3
Parameters: 0.999999 0.000230484 -0.000906376 -0.000223519 0.999975 0.00714721 0.00090762 -0.0071468 0.999974 0.0429174 -0.405947 0.0361485
FixedParameters: 0 0 0

#Transform 91
Transform: AffineTransform_float_3_3
Parameters: 0.999999 -0.000157105 -0.000730071 0.000161895 0.999978 0.00670989 0.00072893 -0.00671012 0.999977 0.0291087 -0.362065 0.0317474
FixedParameters: 0 0 0

#Transform 92
Transform: AffineTransform_float_3_3
Parameters: 1 -0.000108304 -0.000609668 0.000111698 0.999981 0.00606493 0.000609334 -0.00606507 0.999982 0.0216869 -0.333165 0.0465002
FixedParameters: 0 0 0

#Transform 93
Transform: AffineTransform_float_3_3
Parameters: 0.999986 0.0019631 -0.00488489 -0.00190189 0.999921 0.0124825 0.00490911 -0.0124725 0.99991 0.184088 -0.674564 0.23016
FixedParameters: 0 0 0

#Transform 94
Transform: AffineTransform_float_3_3
Parameters: 0.999999 -4.33514e-06 -0.00180904 1.26647e-05 0.999991 0.00423699 0.00180896 -0.00423702 0.99999 0.0162398 -0.268977 0.194814
FixedParameters: 0 0 0

#Transform 95
Transform: AffineTransform_float_3_3
Parameters: 0.999998 0.000122016 -0.00159948 -0.000114983 0.999991 0.00438519 0.00160052 -0.00438581 0.999989 0.0102819 -0.239288 0.170734
FixedParameters: 0 0 0

#Transform 96
Transform: AffineTransform_float_3_3
Parameters: 0.999999 4.93691e-05 -0.00149883 -4.36302e-05 0.999993 0.00358207 0.00149917 -0.00358193 0.999993 0.0106972 -0.187554 0.166836
FixedParameters: 0 0 0

#Transform 97
Transform: AffineTransform_float_3_3
Parameters: 0.999999 -3.18237e-05 -0.00135511 3.61759e-05 0.999996 0.00308196 0.0013549 -0.00308205 0.999995 -0.00137128 -0.17071 0.161355
FixedParameters: 0 0 0

#Transform 98
Transform: AffineTransform_float_3_3
Parameters: 0.999999 -3.35703e-05 -0.00171611 3.84292e-05 0.999995 0.00316394 0.00171589 -0.00316406 0.999993 0.00234169 -0.169186 0.136291
FixedParameters: 0 0 0

#Transform 99
Transform: AffineTransform_float_3_3
Parameters: 0.999999 0.000187702 -0.00124545 -0.000184299 0.999995 0.00297223 0.00124555 -0.00297177 0.999995 -0.00720738 -0.161277 0.165151
FixedParameters: 0 0 0

#Transform 100
Transform: AffineTransform_float_3_3
Parameters: 0.999999 -0.000129484 -0.000898366 0.000132515 0.999996 0.00280088 0.000897632 -0.00280112 0.999995 -0.0317992 -0.148134 0.159805
FixedParameters: 0 0 0

#Transform 101
Transform: AffineTransform_float_3_3
Parameters: 1 7.05538e-05 -0.000611937 -7.04461e-05 0.999999 0.000905043 0.000612064 -0.000904957 1 -0.0493396 -0.0286836 0.184859
FixedParameters: 0 0 0

#Transform 102
Transform: AffineTransform_float_3_3
Parameters: 0.999999 -0.000657506 -0.000466698 0.000658495 0.999999 0.00106069 0.000466302 -0.00106031 1 -0.0383238 -0.0608736 0.160241
FixedParameters: 0 0 0

#Transform 103
Transform: AffineTransform_float_3_3
Parameters: 0.999999 -0.000586119 -0.000680759 0.000586881 0.999999 0.0012946 0.000680241 -0.0012944 0.999999 -0.0225802 -0.0752769 0.180628
FixedParameters: 0 0 0

#Transform 104
Transform: AffineTransform_float_3_3
Parameters: 1 -0.00065719 -0.000590903 0.000658811 0.999999 0.00137261 0.000590097 -0.00137239 0.999999 -0.0300605 -0.0802159 0.151407
FixedParameters: 0 0 0

#Transform 105
Transform: AffineTransform_float_3_3
Parameters: 1 -0.000493286 -0.000884399 0.000493713 0.999999 0.000806564 0.000883602 -0.000807436 1 -0.0469428 -0.0305696 0.184754
FixedParameters: 0 0 0

#Transform 106
Transform: AffineTransform_float_3_3
Parameters: 0.999999 -0.000869024 -0.000188886 0.000868975 0.999999 -0.000131164 0.000189114 0.000130836 1 -0.0612444 0.00676741 0.116258
FixedParameters: 0 0 0

#Transform 107
Transform: AffineTransform_float_3_3
Parameters: 0.999999 -0.000657658 -0.000662339 0.000658341 0.999999 0.000515564 0.00066266 -0.000516436 0.999999 -0.0254724 -0.015076 0.144762
FixedParameters: 0 0 0

#Transform 108
Transform: AffineTransform_float_3_3
Parameters: 1 -0.00104388 -0.000134969 0.00104313 0.999999 0.000927859 0.000134032 -0.00092814 0.999999 -0.0613766 -0.0336263 0.147102
FixedParameters: 0 0 0

#Transform 109
Transform: AffineTransform_float_3_3
Parameters: 0.999999 -0.000657338 -0.000503865 0.000658662 0.999999 0.00131567 0.000503134 -0.00131533 0.999999 -0.0358579 -0.0623312 0.151118
FixedParameters: 0 0 0

#Transform 110
Transform: AffineTransform_float_3_3
Parameters: 0.999999 9.92247e-05 -0.00104391 -8.67742e-05 0.999932 0.0117041 0.00104509 -0.0117039 0.999931 0.00932003 -0.759312 0.0726294
FixedParameters: 0 0 0

#Transform 111
Transform: AffineTransform_float_3_3
Parameters: 0.999948 0.00647092 -0.00790585 -0.00593608 0.997808 0.0659054 0.00831514 -0.0658556 0.997794 0.393603 -4.13408 -0.0828677
FixedParameters: 0 0 0

#Transform 112
Transform: AffineTransform_float_3_3
Parameters: 0.999966 0.00506141 -0.00642856 -0.00465656 0.998091 0.061585 0.00672847 -0.061553 0.998081 0.334099 -3.7105 -0.258712
FixedParameters: 0 0 0

#Transform 113
Transform: AffineTransform_float_3_3
Parameters: 0.999961 0.00529749 -0.00707003 -0.00486651 0.998212 0.0595767 0.00737293 -0.0595402 0.998198 0.377168 -3.533 -0.289832
FixedParameters: 0 0 0

#Transform 114
Transform: AffineTransform_float_3_3
Parameters: 0.999968 0.00408871 -0.0069793 -0.00369332 0.998443 0.0556586 0.00719567 -0.0556314 0.998426 0.343996 -3.14828 -0.269125
FixedParameters: 0 0 0

#Transform 115
Transform: AffineTransform_float_3_3
Parameters: 0.999973 0.00282475 -0.00676382 -0.00249324 0.998817 0.0485642 0.00689319 -0.0485458 0.998797 0.319302 -2.61297 -0.256079
FixedParameters: 0 0 0

#Transform 116
Transform: AffineTransform_float_3_3
Parameters: 0.999976 0.00283546 -0.00633758 -0.00257252 0.999147 0.0412003 0.00644944 -0.0411827 0.999131 0.29076 -2.18644 -0.172389
FixedParameters: 0 0 0

#Transform 117
Transform: AffineTransform_float_3_3
Parameters: 0.99998 0.00226238 -0.0058194 -0.00204263 0.999297 0.0374326 0.00589958 -0.0374194 0.999282 0.27753 -2.01516 -0.155718
FixedParameters: 0 0 0

#Transform 118
Transform: AffineTransform_float_3_3
Parameters: 0.999984 0.00208555 -0.0052586 -0.00191844 0.999496 0.0316676 0.00532241 -0.0316574 0.999484 0.237619 -1.71201 -0.109291
FixedParameters: 0 0 0

#Transform 119
Transform: AffineTransform_float_3_3
Parameters: 0.999988 0.00134351 -0.00470909 -0.00123049 0.99971 0.0240251 0.00473993 -0.0240189 0.999701 0.179735 -1.27169 -0.0059364
FixedParameters: 0 0 0

#Transform 120
Transform: AffineTransform_float_3_3
Parameters: 0.999988 0.00118586 -0.00461053 -0.00108113 0.999747 0.0224642 0.00463645 -0.0224588 0.999737 0.157764 -1.18409 0.00416744
FixedParameters: 0 0 0

#Transform 121
Transform: AffineTransform_float_3_3
Parameters: 0.999991 0.000912232 -0.00399456 -0.00083778 0.999823 0.0187945 0.00401045 -0.0187915 0.999816 0.141343 -0.997321 0.026415
FixedParameters: 0 0 0

#Transform 122
Transform: AffineTransform_float_3_3
Parameters: 0.999997 7.82936e-05 -0.00273704 -3.07068e-05 0.999845 0.0176402 0.00273797 -0.0176399 0.99984 0.09707 -0.958108 0.0651437
FixedParameters: 0 0 0

#Transform 123
Transform: AffineTransform_float_3_3
Parameters: 0.999997 -6.51806e-05 -0.0027244 0.000108828 0.99987 0.0160868 0.0027236 -0.0160872 0.999867 0.0979585 -0.86721 0.116878
FixedParameters: 0 0 0

#Transform 124
Transform: AffineTransform_float_3_3
Parameters: 0.999997 -0.000172326 -0.00245659 0.000205679 0.999906 0.0137135 0.00245441 -0.0137145 0.999903 0.0731262 -0.742909 0.128287
FixedParameters: 0 0 0

#Transform 125
Transform: AffineTransform_float_3_3
Parameters: 0.999997 -1.40274e-05 -0.0022003 3.8969e-05 0.999935 0.0113499 0.0021997 -0.0113501 0.999933 0.060281 -0.599354 0.0881305
FixedParameters: 0 0 0

#Transform 126
Transform: AffineTransform_float_3_3
Parameters: 0.999998 -0.000220583 -0.00198625 0.000239414 0.999952 0.00978055 0.00198375 -0.00978146 0.99995 0.0442382 -0.508811 0.0805303
FixedParameters: 0 0 0

#Transform 127
Transform: AffineTransform_float_3_3
Parameters: 0.999999 -0.000242064 -0.00183617 0.000257936 0.999963 0.00868454 0.00183383 -0.00868446 0.99996 0.0435354 -0.458268 0.0991216
FixedParameters: 0 0 0

#Transform 128
Transform: AffineTransform_float_3_3
Parameters: 0.999999 -0.000386675 -0.0015319 0.000398325 0.999972 0.0073994 0.00152909 -0.0073996 0.999972 0.0241707 -0.369142 0.138976
FixedParameters: 0 0 0

#Transform 129
Transform: AffineTransform_float_3_3
Parameters: 0.999999 -0.000296296 -0.00123487 0.000304704 0.999981 0.00624263 0.00123312 -0.00624337 0.99998 0.0136078 -0.30046 0.123897
FixedParameters: 0 0 0

#Transform 130
Transform: AffineTransform_float_3_3
Parameters: 0.999999 -0.000370157 -0.0012171 0.000376849 0.999984 0.00562754 0.0012159 -0.00562745 0.999983 0.0126476 -0.283206 0.130329
FixedParameters: 0 0 0

#Transform 131
Transform: AffineTransform_float_3_3
Parameters: 0.999999 -0.000613465 -0.000760679 0.000617536 0.999982 0.00597553 0.000757323 -0.00597647 0.999982 -0.010906 -0.296211 0.115286
FixedParameters: 0 0 0

#Transform 132
Transform: AffineTransform_float_3_3
Parameters: 0.999999 -0.00030716 -0.000841782 0.000311836 0.999984 0.00575574 0.000839219 -0.00575626 0.999983 -0.00983968 -0.280517 0.11638
FixedParameters: 0 0 0

#Transform 133
Transform: AffineTransform_float_3_3
Parameters: 0.999992 0.00183751 -0.00369815 -0.00179748 0.999938 0.0109277 0.00371886 -0.0109213 0.999934 0.117199 -0.532195 0.122375
FixedParameters: 0 0 0

#Transform 134
Transform: AffineTransform_float_3_3
Parameters: 0.999996 8.73441e-05 -0.00265938 -6.56584e-05 0.999968 0.0080252 0.00265961 -0.0080248 0.999965 0.0782698 -0.412006 0.13907
FixedParameters: 0 0 0

#Transform 135
Transform: AffineTransform_float_3_3
Parameters: 0.999998 -0.000275849 -0.00197103 0.00029015 0.999974 0.00718245 0.00196897 -0.00718356 0.999973 0.0316827 -0.366914 0.134709
FixedParameters: 0 0 0

#Transform 136
Transform: AffineTransform_float_3_3
Parameters: 0.999998 -0.000276789 -0.0019729 0.00028921 0.999977 0.00669844 0.00197111 -0.00669955 0.999975 0.0564638 -0.342692 0.0958971
FixedParameters: 0 0 0

#Transform 137
Transform: AffineTransform_float_3_3
Parameters: 0.999998 -0.000149795 -0.001903 0.000162204 0.99998 0.0064147 0.001902 -0.0064153 0.999977 0.0350221 -0.348102 0.118452
FixedParameters: 0 0 0

#Transform 138
Transform: AffineTransform_float_3_3
Parameters: 0.999998 -0.000101307 -0.00198504 0.000120694 0.999955 0.00941977 0.00198395 -0.00941921 0.999953 0.0462192 -0.541933 0.112997
FixedParameters: 0 0 0

#Transform 139
Transform: AffineTransform_float_3_3
Parameters: 0.999999 4.24984e-05 -0.00183071 -2.7499e-05 0.999964 0.00846506 0.0018313 -0.00846493 0.999962 0.0271737 -0.475556 0.117415
FixedParameters: 0 0 0

#Transform 140
Transform: AffineTransform_float_3_3
Parameters: 0.999998 2.59506e-06 -0.00200604 1.35947e-05 0.99997 0.00777398 0.00200595 -0.00777401 0.999968 0.0452922 -0.449069 0.0836695
FixedParameters: 0 0 0

#Transform 141
Transform: AffineTransform_float_3_3
Parameters: 0.999998 3.43024e-05 -0.00191277 -1.67045e-05 0.999959 0.00904505 0.00191223 -0.00904495 0.999958 0.0495221 -0.559485 0.0894346
FixedParameters: 0 0 0

#Transform 142
Transform: AffineTransform_float_3_3
Parameters: 0.999996 -8.039e-05 -0.00261299 0.000107612 0.999944 0.0105688 0.00261201 -0.0105682 0.99994 0.0938821 -0.648365 0.0923398
FixedParameters: 0 0 0

#Transform 143
Transform: AffineTransform_float_3_3
Parameters: 0.999997 -0.000263576 -0.00253089 0.000289413 0.999946 0.0104453 0.00252711 -0.0104467 0.999942 0.0731119 -0.60905 0.120219
FixedParameters: 0 0 0

#Transform 144
Transform: AffineTransform_float_3_3
Parameters: 0.999997 -0.00027026 -0.00212061 0.000289742 0.999956 0.00931341 0.00211839 -0.00931459 0.999955 0.059042 -0.551039 0.119363
FixedParameters: 0 0 0

#Transform 145
Transform: AffineTransform_float_3_3
Parameters: 0.999997 -0.000268414 -0.00233758 0.000289582 0.999958 0.00923935 0.00233442 -0.00923965 0.999954 0.0701064 -0.506797 0.140581
FixedParameters: 0 0 0

#Transform 146
Transform: AffineTransform_float_3_3
Parameters: 0.999997 -0.000350728 -0.00244046 0.000374268 0.999954 0.00954211 0.00243654 -0.00954288 0.999952 0.0802741 -0.531977 0.125318
FixedParameters: 0 0 0

#Transform 147
Transform: AffineTransform_float_3_3
Parameters: 0.999997 -0.000267256 -0.00244959 0.000289748 0.999957 0.00928932 0.00244741 -0.00928968 0.999954 0.0677548 -0.518298 0.130899
FixedParameters: 0 0 0

#Transform 148
Transform: AffineTransform_float_3_3
Parameters: 0.999996 0.000298266 -0.00280352 -0.000273739 0.999963 0.0086518 0.00280547 -0.0086512 0.999958 0.0759709 -0.510157 0.0993012
FixedParameters: 0 0 0

#Transform 149
Transform: AffineTransform_float_3_3
Parameters: 0.99998 0.0027649 -0.00556743 -0.00259209 0.999522 0.030826 0.00565057 -0.030811 0.99951 0.2092 -1.74846 -0.147204
FixedParameters: 0 0 0

#Transform 150
Transform: AffineTransform_float_3_3
Parameters: 0.999966 0.00355237 -0.00746648 -0.00314461 0.998543 0.0538804 0.0076475 -0.0538557 0.99852 0.371971 -3.23532 -0.194155
FixedParameters: 0 0 0

#Transform 151
Transform: AffineTransform_float_3_3
Parameters: 0.999984 0.00186844 -0.00522165 -0.00163254 0.998997 0.0447352 0.00530033 -0.0447258 0.998985 0.250459 -2.54767 -0.15177
FixedParameters: 0 0 0

#Transform 152
Transform: AffineTransform_float_3_3
Parameters: 0.999977 0.00271551 -0.00621139 -0.00258748 0.999785 0.0206046 0.00626662 -0.0205875 0.999769 0.219886 -0.985231 0.800392
FixedParameters: 0 0 0

#Transform 153
Transform: AffineTransform_float_3_3
Parameters: 0.999984 0.0013418 -0.00560605 -0.0012602 0.999893 0.0145703 0.00562496 -0.0145627 0.999878 0.11093 -0.855764 0.788917
FixedParameters: 0 0 0

#Transform 154
Transform: AffineTransform_float_3_3
Parameters: 0.999978 0.00110511 -0.00651966 -0.0010039 0.99988 0.0154919 0.00653533 -0.0154851 0.999858 0.155947 -0.862429 0.535054
FixedParameters: 0 0 0

#Transform 155
Transform: AffineTransform_float_3_3
Parameters: 0.999979 0.000640442 -0.00652793 -0.000551552 0.999908 0.0135419 0.00653607 -0.0135371 0.999887 0.158301 -0.75967 0.49784
FixedParameters: 0 0 0

#Transform 156
Transform: AffineTransform_float_3_3
Parameters: 0.999981 0.000851229 -0.00602197 -0.000777771 0.999924 0.0123179 0.00603203 -0.0123131 0.999906 0.130834 -0.650901 0.416081
FixedParameters: 0 0 0

#Transform 157
Transform: AffineTransform_float_3_3
Parameters: 0.999981 0.000733086 -0.00608318 -0.000664915 0.999937 0.0111873 0.00609082 -0.0111827 0.999919 0.146662 -0.59745 0.327813
FixedParameters: 0 0 0

#Transform 158
Transform: AffineTransform_float_3_3
Parameters: 0.999985 0.000605952 -0.00543926 -0.00055204 0.99995 0.00991515 0.00544574 -0.00991185 0.999936 0.104261 -0.53852 0.315693
FixedParameters: 0 0 0

#Transform 159
Transform: AffineTransform_float_3_3
Parameters: 0.999988 0.000701132 -0.00497211 -0.000657868 0.999962 0.00867138 0.00497789 -0.00866762 0.99995 0.0945997 -0.485615 0.353104
FixedParameters: 0 0 0
