# transform file /out/sourcedata/freesurfer/sub-v2s1x29882_ses-1/mri/transforms/cc_up.lta
# created by oesteban on Wed Mar 11 22:00:24 2026

type      = 0 # LINEAR_VOX_TO_VOX
nxforms   = 1
mean      = 134.0000 144.0000 122.0000
sigma     = 10000.0000
1 4 4
9.865692257881165e-01 -6.175338476896286e-02 1.512201130390167e-01 -1.166355133056641e+01 
6.104049459099770e-02 9.980913400650024e-01 9.356210939586163e-03 -5.880213737487793e+00 
-1.515092849731445e-01 0.000000000000000e+00 9.884557723999023e-01 3.125571060180664e+01 
0.000000000000000e+00 0.000000000000000e+00 0.000000000000000e+00 1.000000000000000e+00 
src volume info
valid = 1  # volume info valid
filename = /out/sourcedata/freesurfer/sub-v2s1x29882_ses-1/mri/norm.mgz
volume = 256 256 256
voxelsize = 8.999999165534973e-01 8.999999165534973e-01 8.999999165534973e-01
xras   = -1.000000119209290e+00 0.000000000000000e+00 0.000000000000000e+00
yras   = 0.000000000000000e+00 0.000000000000000e+00 -1.000000000000000e+00
zras   = 0.000000000000000e+00 1.000000119209290e+00 0.000000000000000e+00
cras   = 9.049812316894531e+00 2.077539825439453e+01 3.848738098144531e+01
dst volume info
valid = 1  # volume info valid
filename = /out/sourcedata/freesurfer/sub-v2s1x29882_ses-1/mri/norm.mgz
volume = 256 256 256
voxelsize = 8.999999165534973e-01 8.999999165534973e-01 8.999999165534973e-01
xras   = -1.000000119209290e+00 0.000000000000000e+00 0.000000000000000e+00
yras   = 0.000000000000000e+00 0.000000000000000e+00 -1.000000000000000e+00
zras   = 0.000000000000000e+00 1.000000119209290e+00 0.000000000000000e+00
cras   = 9.049812316894531e+00 2.077539825439453e+01 3.848738098144531e+01
