# transform file /out/sourcedata/freesurfer/sub-v2s1x29881_ses-1/mri/transforms/cc_up.lta
# created by oesteban on Wed Mar 11 21:59:57 2026

type      = 0 # LINEAR_VOX_TO_VOX
nxforms   = 1
mean      = 127.0000 126.0000 119.0000
sigma     = 10000.0000
1 4 4
9.996823668479919e-01 1.932456344366074e-02 -1.617608405649662e-02 2.899549901485443e-02 
-1.932203397154808e-02 9.998132586479187e-01 3.126541560050100e-04 1.945271873474121e+01 
1.617910526692867e-02 0.000000000000000e+00 9.998690485954285e-01 1.694933509826660e+01 
0.000000000000000e+00 0.000000000000000e+00 0.000000000000000e+00 1.000000000000000e+00 
src volume info
valid = 1  # volume info valid
filename = /out/sourcedata/freesurfer/sub-v2s1x29881_ses-1/mri/norm.mgz
volume = 256 256 256
voxelsize = 8.999999165534973e-01 8.999999165534973e-01 8.999999165534973e-01
xras   = -1.000000000000000e+00 0.000000000000000e+00 0.000000000000000e+00
yras   = 0.000000000000000e+00 0.000000000000000e+00 -9.999999403953552e-01
zras   = 0.000000000000000e+00 9.999999403953552e-01 0.000000000000000e+00
cras   = 4.405227661132812e+00 1.940540313720703e+01 4.659670257568359e+01
dst volume info
valid = 1  # volume info valid
filename = /out/sourcedata/freesurfer/sub-v2s1x29881_ses-1/mri/norm.mgz
volume = 256 256 256
voxelsize = 8.999999165534973e-01 8.999999165534973e-01 8.999999165534973e-01
xras   = -1.000000000000000e+00 0.000000000000000e+00 0.000000000000000e+00
yras   = 0.000000000000000e+00 0.000000000000000e+00 -9.999999403953552e-01
zras   = 0.000000000000000e+00 9.999999403953552e-01 0.000000000000000e+00
cras   = 4.405227661132812e+00 1.940540313720703e+01 4.659670257568359e+01
