# transform file /out/sourcedata/freesurfer/sub-v2s1x29899_ses-1/mri/transforms/cc_up.lta
# created by oesteban on Thu Mar 12 21:07:09 2026

type      = 0 # LINEAR_VOX_TO_VOX
nxforms   = 1
mean      = 129.0000 129.0000 123.0000
sigma     = 10000.0000
1 4 4
9.997956752777100e-01 -8.145540952682495e-03 -1.850455068051815e-02 3.864905834197998e+00 
8.144145831465721e-03 9.999669194221497e-01 -1.507345587015152e-04 1.598513793945312e+01 
1.850516349077225e-02 0.000000000000000e+00 9.998288154602051e-01 1.664415240287781e+00 
0.000000000000000e+00 0.000000000000000e+00 0.000000000000000e+00 1.000000000000000e+00 
src volume info
valid = 1  # volume info valid
filename = /out/sourcedata/freesurfer/sub-v2s1x29899_ses-1/mri/norm.mgz
volume = 256 256 256
voxelsize = 8.999999165534973e-01 8.999999165534973e-01 8.999999165534973e-01
xras   = -1.000000000000000e+00 0.000000000000000e+00 0.000000000000000e+00
yras   = 0.000000000000000e+00 0.000000000000000e+00 -1.000000000000000e+00
zras   = 0.000000000000000e+00 1.000000119209290e+00 0.000000000000000e+00
cras   = 8.965026855468750e+00 2.442806243896484e+01 3.733251190185547e+01
dst volume info
valid = 1  # volume info valid
filename = /out/sourcedata/freesurfer/sub-v2s1x29899_ses-1/mri/norm.mgz
volume = 256 256 256
voxelsize = 8.999999165534973e-01 8.999999165534973e-01 8.999999165534973e-01
xras   = -1.000000000000000e+00 0.000000000000000e+00 0.000000000000000e+00
yras   = 0.000000000000000e+00 0.000000000000000e+00 -1.000000000000000e+00
zras   = 0.000000000000000e+00 1.000000119209290e+00 0.000000000000000e+00
cras   = 8.965026855468750e+00 2.442806243896484e+01 3.733251190185547e+01
