#Insight Transform File V1.0
#Transform 0
Transform: AffineTransform_float_3_3
Parameters: 0.999998 0.00114507 0.0019256 -0.00110294 0.999763 -0.0217102 -0.0019494 0.0217078 0.999763 0.174132 0.0828279 0.500728
FixedParameters: 0 0 0

#Transform 1
Transform: AffineTransform_float_3_3
Parameters: 0.999999 0.00183597 7.00705e-05 -0.00183503 0.999927 -0.0119471 -9.19296e-05 0.0119468 0.999928 0.143356 0.0614026 0.129271
FixedParameters: 0 0 0

#Transform 2
Transform: AffineTransform_float_3_3
Parameters: 0.999997 0.00217366 0.00158065 -0.00214635 0.999848 -0.0172945 -0.00161736 0.0172906 0.999849 0.157478 0.125803 0.244521
FixedParameters: 0 0 0

#Transform 3
Transform: AffineTransform_float_3_3
Parameters: 0.999996 0.00260603 0.00121597 -0.00258597 0.999865 -0.0161922 -0.00125804 0.0161898 0.999868 0.15442 0.125363 0.2364
FixedParameters: 0 0 0

#Transform 4
Transform: AffineTransform_float_3_3
Parameters: 0.999996 0.0028128 0.000479297 -0.00280521 0.999875 -0.0155584 -0.000522705 0.0155566 0.999879 0.144264 0.119835 0.190566
FixedParameters: 0 0 0

#Transform 5
Transform: AffineTransform_float_3_3
Parameters: 0.999998 0.00208474 -0.000294014 -0.00208826 0.99988 -0.0153394 0.000261998 0.0153396 0.999883 0.148883 0.133375 0.1547
FixedParameters: 0 0 0

#Transform 6
Transform: AffineTransform_float_3_3
Parameters: 0.999997 0.0020969 0.000491411 -0.00208908 0.999876 -0.0155701 -0.000524589 0.0155689 0.999878 0.144108 0.144718 0.19203
FixedParameters: 0 0 0

#Transform 7
Transform: AffineTransform_float_3_3
Parameters: 0.999997 0.00217746 -0.000120987 -0.00217954 0.99989 -0.0146838 8.90049e-05 0.0146842 0.999892 0.174282 0.110823 0.178694
FixedParameters: 0 0 0

#Transform 8
Transform: AffineTransform_float_3_3
Parameters: 0.999998 0.00208502 -0.000292016 -0.00208898 0.999895 -0.0143814 0.000261983 0.0143826 0.999896 0.178118 0.0955443 0.198042
FixedParameters: 0 0 0

#Transform 9
Transform: AffineTransform_float_3_3
Parameters: 0.999997 0.00235799 -1.70396e-05 -0.00235801 0.999899 -0.014011 -1.60397e-05 0.014011 0.999902 0.174587 0.115958 0.198184
FixedParameters: 0 0 0

#Transform 10
Transform: AffineTransform_float_3_3
Parameters: 0.999998 0.00189132 -0.000570131 -0.00189868 0.999903 -0.0137869 0.000543873 0.0137881 0.999905 0.153209 0.119463 0.112191
FixedParameters: 0 0 0

#Transform 11
Transform: AffineTransform_float_3_3
Parameters: 0.999997 0.00260595 -0.000530226 -0.00261405 0.999872 -0.0157937 0.000488773 0.0157953 0.999875 0.175 0.200742 0.220652
FixedParameters: 0 0 0

#Transform 12
Transform: AffineTransform_float_3_3
Parameters: 0.999998 0.00199743 0.000443808 -0.00198957 0.999867 -0.0161459 -0.000476185 0.0161451 0.999869 0.161347 0.101509 0.27991
FixedParameters: 0 0 0

#Transform 13
Transform: AffineTransform_float_3_3
Parameters: 0.999999 0.00152105 6.6224e-05 -0.00151994 0.999905 -0.0136631 -8.7775e-05 0.0136629 0.999906 0.164295 0.0168381 0.248372
FixedParameters: 0 0 0

#Transform 14
Transform: AffineTransform_float_3_3
Parameters: 0.999999 0.000864642 0.000211392 -0.000862361 0.999971 -0.00764919 -0.000217602 0.00764882 0.99997 0.128777 -0.198986 0.169537
FixedParameters: 0 0 0

#Transform 15
Transform: AffineTransform_float_3_3
Parameters: 0.99992 -0.00143382 -0.0125664 0.00204216 0.99882 0.0485192 0.0124816 -0.0485408 0.998743 0.0418209 -1.0763 -0.628687
FixedParameters: 0 0 0

#Transform 16
Transform: AffineTransform_float_3_3
Parameters: 0.999982 0.000547147 -0.00607996 -0.000374853 0.9996 0.0282788 0.00609304 -0.0282762 0.999581 0.10128 -0.640874 -0.127128
FixedParameters: 0 0 0

#Transform 17
Transform: AffineTransform_float_3_3
Parameters: 0.999993 0.00128613 -0.00333931 -0.00124988 0.999941 0.0107972 0.00335269 -0.0107938 0.999936 0.0606578 -0.236776 0.154635
FixedParameters: 0 0 0

#Transform 18
Transform: AffineTransform_float_3_3
Parameters: 0.999995 0.000201813 -0.00321771 -0.000180186 0.999977 0.00677761 0.00321929 -0.00677738 0.999972 0.0888405 -0.158031 0.322941
FixedParameters: 0 0 0

#Transform 19
Transform: AffineTransform_float_3_3
Parameters: 0.999999 1.12128e-05 -0.000750983 -9.78711e-06 0.999998 0.00161501 0.000751017 -0.00161499 0.999999 0.0204455 0.00576422 0.141356
FixedParameters: 0 0 0

#Transform 20
Transform: AffineTransform_float_3_3
Parameters: 1 0.000344014 -0.000977348 -0.000344985 0.999999 -0.00100866 0.000976653 0.00100934 0.999999 0.0479687 0.0302949 -0.0241034
FixedParameters: 0 0 0

#Transform 21
Transform: AffineTransform_float_3_3
Parameters: 0.999999 -7.91313e-05 -0.00181895 7.78684e-05 1 -0.000622143 0.00181905 0.000621857 0.999998 0.0537682 -0.00545871 -0.101597
FixedParameters: 0 0 0

#Transform 22
Transform: AffineTransform_float_3_3
Parameters: 0.999998 -0.000821726 -0.00175613 0.000822274 0.999999 0.000155556 0.00175587 -0.000156443 0.999999 0.0344878 -0.0275301 -0.206671
FixedParameters: 0 0 0

#Transform 23
Transform: AffineTransform_float_3_3
Parameters: 1 -2.81673e-05 -0.00101894 2.68325e-05 0.999997 -0.00212703 0.00101906 0.00212697 0.999997 0.0509195 0.00391082 -0.201077
FixedParameters: 0 0 0

#Transform 24
Transform: AffineTransform_float_3_3
Parameters: 0.999919 -0.0105137 -0.0072565 0.0109473 0.997975 0.0626607 0.00658256 -0.0627353 0.998009 -0.0661252 -1.51547 0.0625344
FixedParameters: 0 0 0

#Transform 25
Transform: AffineTransform_float_3_3
Parameters: 0.999949 -0.0083283 -0.00562179 0.0086507 0.998169 0.0598564 0.00511317 -0.0599016 0.998191 -0.019778 -1.41577 0.986231
FixedParameters: 0 0 0

#Transform 26
Transform: AffineTransform_float_3_3
Parameters: 0.999977 -0.00410133 -0.0055046 0.00424668 0.999634 0.0267182 0.00539341 -0.0267417 0.999628 0.0515457 -0.534155 0.632337
FixedParameters: 0 0 0

#Transform 27
Transform: AffineTransform_float_3_3
Parameters: 0.999993 -0.00371015 0.000700147 0.00370085 0.999913 0.0126447 -0.000746848 -0.0126413 0.99992 -0.0437165 -0.242801 -0.187524
FixedParameters: 0 0 0

#Transform 28
Transform: AffineTransform_float_3_3
Parameters: 0.999998 -0.00112439 0.00191336 0.00112561 1 -0.000316847 -0.00191264 0.000319151 0.999998 0.0893455 -0.00331239 0.41683
FixedParameters: 0 0 0

#Transform 29
Transform: AffineTransform_float_3_3
Parameters: 0.999999 -0.000731884 0.000169501 0.000732115 0.999999 -0.000683876 -0.000168499 0.000684123 1 0.120048 -0.0108788 0.374775
FixedParameters: 0 0 0

#Transform 30
Transform: AffineTransform_float_3_3
Parameters: 1 -0.000581089 -6.41935e-05 0.00058091 0.999999 -0.00138804 6.48063e-05 0.00138796 0.999999 0.119215 0.0276596 0.315755
FixedParameters: 0 0 0

#Transform 31
Transform: AffineTransform_float_3_3
Parameters: 0.999999 -0.000681802 0.000330408 0.000682198 0.999999 -0.000598774 -0.000330591 0.000599225 1 0.116463 0.00182461 0.296757
FixedParameters: 0 0 0

#Transform 32
Transform: AffineTransform_float_3_3
Parameters: 0.999997 -0.00189329 0.00167503 0.00188771 0.999993 0.00315617 -0.00168096 -0.00315283 0.999993 0.032824 -0.0674247 0.179333
FixedParameters: 0 0 0

#Transform 33
Transform: AffineTransform_float_3_3
Parameters: 0.999998 -0.00155212 0.000752589 0.00154887 0.999991 0.00413517 -0.00075941 -0.00413383 0.999991 0.0627866 -0.114717 0.282159
FixedParameters: 0 0 0

#Transform 34
Transform: AffineTransform_float_3_3
Parameters: 0.999997 -0.00190102 0.00161795 0.00189498 0.999992 0.00371608 -0.00162505 -0.00371292 0.999992 0.0651075 -0.0703519 0.296979
FixedParameters: 0 0 0

#Transform 35
Transform: AffineTransform_float_3_3
Parameters: 0.999995 -0.00224611 0.00188374 0.00223989 0.999992 0.00324023 -0.00189126 -0.00323677 0.999993 0.0805994 -0.0671622 0.311298
FixedParameters: 0 0 0

#Transform 36
Transform: AffineTransform_float_3_3
Parameters: 0.999996 -0.00208122 0.00181016 0.00207678 0.999995 0.00232877 -0.00181484 -0.00232423 0.999995 0.0669906 -0.045049 0.255801
FixedParameters: 0 0 0

#Transform 37
Transform: AffineTransform_float_3_3
Parameters: 0.99999 -0.00362339 0.00288701 0.00361361 0.999987 0.00359547 -0.0029 -0.00358553 0.99999 0.0531985 -0.0115118 0.244003
FixedParameters: 0 0 0

#Transform 38
Transform: AffineTransform_float_3_3
Parameters: 0.999996 -0.00211152 0.00223981 0.00210648 0.999994 0.00246273 -0.00224519 -0.00245827 0.999995 0.0493661 0.00214445 0.278389
FixedParameters: 0 0 0

#Transform 39
Transform: AffineTransform_float_3_3
Parameters: 0.999995 -0.00141491 0.00274456 0.00141609 0.999999 -0.000394115 -0.00274344 0.000397884 0.999996 0.0659436 0.0564228 0.378123
FixedParameters: 0 0 0

#Transform 40
Transform: AffineTransform_float_3_3
Parameters: 0.999997 -0.00109639 0.00243482 0.00109561 1 0.000162668 -0.00243418 -0.000159332 0.999997 0.0912834 0.0921178 0.336564
FixedParameters: 0 0 0

#Transform 41
Transform: AffineTransform_float_3_3
Parameters: 0.999941 -0.00444425 0.00990955 0.00432976 0.999925 0.0115206 -0.00995944 -0.0114774 0.999884 -0.119342 -0.247448 0.064122
FixedParameters: 0 0 0

#Transform 42
Transform: AffineTransform_float_3_3
Parameters: 0.999981 -0.00270747 0.00557174 0.00267954 0.999985 0.00493103 -0.00558426 -0.00491598 0.999973 0.0507591 -0.17075 0.514178
FixedParameters: 0 0 0

#Transform 43
Transform: AffineTransform_float_3_3
Parameters: 0.999986 -0.00149765 0.00495359 0.00149335 0.999999 0.000943411 -0.0049544 -0.000935593 0.999988 0.069767 -0.0300697 0.59012
FixedParameters: 0 0 0

#Transform 44
Transform: AffineTransform_float_3_3
Parameters: 0.999987 -0.00110055 0.00512039 0.00110645 0.999998 -0.00125735 -0.00511961 0.00126265 0.999986 0.0899764 -0.00141471 0.54316
FixedParameters: 0 0 0

#Transform 45
Transform: AffineTransform_float_3_3
Parameters: 0.999988 -0.000646737 0.00484984 0.000652263 0.999999 -0.00128985 -0.00484916 0.00129315 0.999988 0.102289 0.00422923 0.535231
FixedParameters: 0 0 0

#Transform 46
Transform: AffineTransform_float_3_3
Parameters: 0.999988 -0.000641402 0.00472559 0.000652598 0.999997 -0.00245294 -0.00472441 0.00245606 0.999986 0.106619 0.040397 0.564369
FixedParameters: 0 0 0

#Transform 47
Transform: AffineTransform_float_3_3
Parameters: 0.999989 -0.000633427 0.0046687 0.000652574 0.999991 -0.004192 -0.00466631 0.004195 0.999981 0.111423 0.0583122 0.593154
FixedParameters: 0 0 0

#Transform 48
Transform: AffineTransform_float_3_3
Parameters: 0.999987 -0.000631392 0.0049498 0.000652608 0.999991 -0.00436483 -0.0049472 0.00436818 0.999978 0.10813 0.0657362 0.600893
FixedParameters: 0 0 0

#Transform 49
Transform: AffineTransform_float_3_3
Parameters: 0.999988 -0.000632235 0.00488773 0.000652765 0.999991 -0.00424786 -0.00488527 0.00425114 0.999979 0.101248 0.0603225 0.585033
FixedParameters: 0 0 0

#Transform 50
Transform: AffineTransform_float_3_3
Parameters: 0.99999 -0.00063151 0.00458402 0.00065249 0.999989 -0.00468806 -0.00458099 0.00469094 0.999979 0.11179 0.0561889 0.591
FixedParameters: 0 0 0

#Transform 51
Transform: AffineTransform_float_3_3
Parameters: 0.999987 -3.54704e-05 0.00509622 5.85274e-05 0.99999 -0.00461676 -0.00509579 0.00461724 0.999977 0.106844 0.0386437 0.606478
FixedParameters: 0 0 0

#Transform 52
Transform: AffineTransform_float_3_3
Parameters: 0.999988 -0.00155391 0.00463306 0.0015631 0.999997 -0.00196078 -0.00462994 0.00196722 0.999988 0.123119 -0.0691071 0.6407
FixedParameters: 0 0 0

#Transform 53
Transform: AffineTransform_float_3_3
Parameters: 0.999993 -0.0014207 0.00362947 0.0014273 0.999998 -0.00173483 -0.00362653 0.00174017 0.999992 0.160758 -0.0662003 0.667342
FixedParameters: 0 0 0

#Transform 54
Transform: AffineTransform_float_3_3
Parameters: 0.999996 -0.00130138 0.00260431 0.00129962 0.999999 0.000532387 -0.00260569 -0.000528611 0.999997 0.166176 -0.0967687 0.697713
FixedParameters: 0 0 0

#Transform 55
Transform: AffineTransform_float_3_3
Parameters: 0.999994 -0.00129948 0.00316021 0.00129952 0.999999 -0.000162894 -0.00315979 0.000167107 0.999995 0.146944 -0.0279037 0.626212
FixedParameters: 0 0 0

#Transform 56
Transform: AffineTransform_float_3_3
Parameters: 0.999995 -0.00129717 0.00285329 0.00129983 0.999998 -0.000989296 -0.00285271 0.000992705 0.999996 0.157568 -0.00142111 0.636989
FixedParameters: 0 0 0

#Transform 57
Transform: AffineTransform_float_3_3
Parameters: 0.999994 -0.00149879 0.00331974 0.00149621 0.999998 0.000842972 -0.00332026 -0.000838029 0.999994 0.123527 -0.0507411 0.590298
FixedParameters: 0 0 0

#Transform 58
Transform: AffineTransform_float_3_3
Parameters: 0.999986 -0.00165062 0.00500846 0.00165238 0.999998 -0.000271728 -0.00500755 0.000280269 0.999988 0.0653812 -0.046669 0.524184
FixedParameters: 0 0 0

#Transform 59
Transform: AffineTransform_float_3_3
Parameters: 0.999989 -0.000871913 0.00472531 0.000879086 0.999998 -0.00149786 -0.00472369 0.00150213 0.999987 0.121817 -0.00890796 0.722612
FixedParameters: 0 0 0

#Transform 60
Transform: AffineTransform_float_3_3
Parameters: 0.999994 -1.58397e-05 0.00327113 3.31594e-05 0.999986 -0.00524592 -0.00327087 0.00524608 0.999981 0.14411 0.0586744 0.93737
FixedParameters: 0 0 0

#Transform 61
Transform: AffineTransform_float_3_3
Parameters: 0.999997 0.000281218 0.00217408 -0.000265774 0.999976 -0.0069976 -0.00217691 0.00699641 0.999973 0.155043 0.088551 0.725903
FixedParameters: 0 0 0

#Transform 62
Transform: AffineTransform_float_3_3
Parameters: 0.999999 0.000333515 0.00153997 -0.000323485 0.999981 -0.0061745 -0.00154203 0.00617449 0.99998 0.165494 0.0976592 0.70239
FixedParameters: 0 0 0

#Transform 63
Transform: AffineTransform_float_3_3
Parameters: 0.999996 -1.1623e-05 0.00283217 3.33755e-05 0.999971 -0.00754793 -0.00283183 0.00754806 0.999967 0.120904 0.135176 0.684709
FixedParameters: 0 0 0

#Transform 64
Transform: AffineTransform_float_3_3
Parameters: 0.999996 0.00049493 0.00285779 -0.000476067 0.999978 -0.00662139 -0.00286121 0.00661961 0.999974 0.125803 0.147975 0.649228
FixedParameters: 0 0 0

#Transform 65
Transform: AffineTransform_float_3_3
Parameters: 0.999994 0.000500362 0.00327036 -0.000476631 0.999972 -0.0074466 -0.00327464 0.0074444 0.999967 0.124486 0.182723 0.683144
FixedParameters: 0 0 0

#Transform 66
Transform: AffineTransform_float_3_3
Parameters: 0.999996 0.000498996 0.00252657 -0.000476 0.999959 -0.00909424 -0.00253143 0.00909278 0.999956 0.142346 0.197786 0.727819
FixedParameters: 0 0 0

#Transform 67
Transform: AffineTransform_float_3_3
Parameters: 0.999997 0.000695067 0.00228629 -0.000675936 0.999965 -0.00832957 -0.00229171 0.00832843 0.999962 0.167986 0.174889 0.765323
FixedParameters: 0 0 0

#Transform 68
Transform: AffineTransform_float_3_3
Parameters: 0.999999 3.3695e-05 0.00183681 -2.13036e-05 0.999976 -0.00691105 -0.00183719 0.00691095 0.999975 0.167961 0.137966 0.758797
FixedParameters: 0 0 0

#Transform 69
Transform: AffineTransform_float_3_3
Parameters: 0.999999 0.000470406 0.00173089 -0.000454594 0.999961 -0.0088898 -0.00173511 0.0088892 0.999959 0.18078 0.17508 0.769619
FixedParameters: 0 0 0

#Transform 70
Transform: AffineTransform_float_3_3
Parameters: 0.999998 0.000860124 0.00141954 -0.00084587 0.99995 -0.00992121 -0.00142846 0.00991978 0.99995 0.184743 0.2341 0.795898
FixedParameters: 0 0 0

#Transform 71
Transform: AffineTransform_float_3_3
Parameters: 0.999998 0.00139359 0.00141587 -0.00137741 0.999931 -0.011648 -0.00143214 0.011646 0.999931 0.188502 0.264596 0.809296
FixedParameters: 0 0 0

#Transform 72
Transform: AffineTransform_float_3_3
Parameters: 0.999999 0.000475401 0.00169541 -0.000455593 0.999927 -0.0120128 -0.0017016 0.0120122 0.999927 0.18887 0.237481 0.818759
FixedParameters: 0 0 0

#Transform 73
Transform: AffineTransform_float_3_3
Parameters: 0.999998 0.000432729 0.00169536 -0.000410261 0.999911 -0.0133847 -0.00170164 0.0133833 0.999909 0.187876 0.371003 0.844092
FixedParameters: 0 0 0

#Transform 74
Transform: AffineTransform_float_3_3
Parameters: 0.999998 0.00100875 0.00141311 -0.000988255 0.999903 -0.0139054 -0.00142688 0.0139036 0.999903 0.180786 0.36378 0.800722
FixedParameters: 0 0 0

#Transform 75
Transform: AffineTransform_float_3_3
Parameters: 0.999998 0.00134057 0.00104126 -0.00132543 0.99989 -0.0148134 -0.00106075 0.0148116 0.999889 0.200754 0.333187 0.842027
FixedParameters: 0 0 0

#Transform 76
Transform: AffineTransform_float_3_3
Parameters: 0.999999 0.00144018 0.00108455 -0.00142281 0.999876 -0.0156796 -0.00110745 0.0156784 0.999877 0.20144 0.386311 0.908055
FixedParameters: 0 0 0

#Transform 77
Transform: AffineTransform_float_3_3
Parameters: 0.999998 0.00137847 0.00160328 -0.00135453 0.999884 -0.0151642 -0.00162372 0.0151618 0.999883 0.182158 0.353706 0.842278
FixedParameters: 0 0 0

#Transform 78
Transform: AffineTransform_float_3_3
Parameters: 0.999991 0.00181526 0.00383067 -0.00176273 0.999906 -0.0136029 -0.00385533 0.0135961 0.9999 0.134375 0.295039 0.815716
FixedParameters: 0 0 0

#Transform 79
Transform: AffineTransform_float_3_3
Parameters: 0.999993 0.00117442 0.0033675 -0.00113158 0.999921 -0.0125719 -0.00338149 0.0125681 0.999916 0.206746 0.309548 1.18011
FixedParameters: 0 0 0

#Transform 80
Transform: AffineTransform_float_3_3
Parameters: 0.999997 0.00169842 0.00210649 -0.0016646 0.999875 -0.0157636 -0.0021325 0.0157604 0.999873 0.221669 0.325756 1.05625
FixedParameters: 0 0 0

#Transform 81
Transform: AffineTransform_float_3_3
Parameters: 0.999997 0.00176235 0.00140507 -0.00174265 0.999906 -0.0136535 -0.00142892 0.0136515 0.999906 0.239336 0.302931 1.07476
FixedParameters: 0 0 0

#Transform 82
Transform: AffineTransform_float_3_3
Parameters: 0.999998 0.00167924 0.000982041 -0.00166476 0.999896 -0.0143287 -0.00100596 0.0143273 0.999897 0.246995 0.304151 0.99519
FixedParameters: 0 0 0

#Transform 83
Transform: AffineTransform_float_3_3
Parameters: 0.999999 0.0012384 0.000815956 -0.00122661 0.999903 -0.013826 -0.000832038 0.013825 0.999904 0.238973 0.272608 0.99834
FixedParameters: 0 0 0

#Transform 84
Transform: AffineTransform_float_3_3
Parameters: 0.999993 0.00359163 0.00104274 -0.00357938 0.999933 -0.0109498 -0.00108125 0.0109462 0.99994 0.26776 0.150197 1.38728
FixedParameters: 0 0 0

#Transform 85
Transform: AffineTransform_float_3_3
Parameters: 0.999997 0.00200726 0.00125786 -0.00198973 0.999906 -0.0135785 -0.00128513 0.0135765 0.999907 0.242646 0.222469 1.38363
FixedParameters: 0 0 0

#Transform 86
Transform: AffineTransform_float_3_3
Parameters: 0.999971 -0.00686495 -0.00312324 0.00695303 0.999552 0.0291101 0.00292175 -0.0291319 0.999572 0.13597 -0.629726 0.334841
FixedParameters: 0 0 0

#Transform 87
Transform: AffineTransform_float_3_3
Parameters: 0.999982 -0.00605384 0.000877937 0.0060182 0.999324 0.036284 -0.00109607 -0.0362781 0.999341 0.0310221 -0.70674 0.284064
FixedParameters: 0 0 0

#Transform 88
Transform: AffineTransform_float_3_3
Parameters: 0.999987 -0.00349592 0.00351672 0.00342908 0.999817 0.0188583 -0.00358228 -0.0188457 0.999816 0.015107 -0.317019 0.512797
FixedParameters: 0 0 0

#Transform 89
Transform: AffineTransform_float_3_3
Parameters: 0.999974 -0.00276824 0.00663828 0.00267075 0.999889 0.0146131 -0.00667872 -0.0145949 0.999871 0.0645244 -0.302703 0.896235
FixedParameters: 0 0 0

#Transform 90
Transform: AffineTransform_float_3_3
Parameters: 0.999987 -0.00248256 0.00445239 0.00242444 0.999914 0.012886 -0.0044846 -0.012875 0.999907 0.0602241 -0.238684 0.620417
FixedParameters: 0 0 0

#Transform 91
Transform: AffineTransform_float_3_3
Parameters: 0.999991 -0.00152143 0.00381506 0.00148557 0.999956 0.00927274 -0.00382893 -0.00926725 0.999949 0.0864303 -0.126427 0.7745
FixedParameters: 0 0 0

#Transform 92
Transform: AffineTransform_float_3_3
Parameters: 0.999993 -0.00169627 0.00351804 0.00166673 0.999964 0.00830593 -0.00353196 -0.00830008 0.99996 0.0845477 -0.120936 0.729515
FixedParameters: 0 0 0

#Transform 93
Transform: AffineTransform_float_3_3
Parameters: 0.999993 -0.0015873 0.0035846 0.00155869 0.999967 0.00788565 -0.0035974 -0.00787935 0.999963 0.0874275 -0.10589 0.695857
FixedParameters: 0 0 0

#Transform 94
Transform: AffineTransform_float_3_3
Parameters: 0.999991 -0.0017765 0.00386474 0.0017535 0.999982 0.00581683 -0.00387526 -0.00581017 0.999975 0.0974029 0.0102053 0.765452
FixedParameters: 0 0 0

#Transform 95
Transform: AffineTransform_float_3_3
Parameters: 0.999964 0.00832645 0.00197151 -0.00831756 0.999954 -0.00475357 -0.00201049 0.00473643 0.999987 0.261577 0.232344 0.687413
FixedParameters: 0 0 0

#Transform 96
Transform: AffineTransform_float_3_3
Parameters: 0.999988 0.00424705 0.00214733 -0.00423495 0.999976 -0.00558616 -0.00217067 0.00557685 0.999982 0.222745 0.279627 0.81687
FixedParameters: 0 0 0

#Transform 97
Transform: AffineTransform_float_3_3
Parameters: 0.999991 0.00361928 0.00211118 -0.00360972 0.999984 -0.00438166 -0.00212682 0.00437334 0.999988 0.210907 0.275728 0.799668
FixedParameters: 0 0 0

#Transform 98
Transform: AffineTransform_float_3_3
Parameters: 0.999992 0.00145994 0.00353186 -0.00144506 0.99999 -0.00422913 -0.00353814 0.00422386 0.999985 0.0999639 0.210413 0.700372
FixedParameters: 0 0 0

#Transform 99
Transform: AffineTransform_float_3_3
Parameters: 0.999925 -0.00306697 0.0118779 0.00321403 0.999918 -0.0123788 -0.0118391 0.0124162 0.999853 -0.0381216 0.477633 0.377465
FixedParameters: 0 0 0

#Transform 100
Transform: AffineTransform_float_3_3
Parameters: 0.999954 -0.000952553 0.00959928 0.00106945 0.999926 -0.0121333 -0.00958673 0.0121427 0.999881 0.0287445 0.432364 0.135869
FixedParameters: 0 0 0

#Transform 101
Transform: AffineTransform_float_3_3
Parameters: 0.999973 -0.00190467 0.00706276 0.00195533 0.999972 -0.00712538 -0.00704923 0.00713961 0.999949 0.0980136 0.168074 0.458172
FixedParameters: 0 0 0

#Transform 102
Transform: AffineTransform_float_3_3
Parameters: 0.999969 -0.00417691 0.0067766 0.0040991 0.999926 0.0114701 -0.00682341 -0.0114419 0.999912 0.0861826 -0.213709 0.609794
FixedParameters: 0 0 0

#Transform 103
Transform: AffineTransform_float_3_3
Parameters: 0.999991 -0.00203404 0.00378605 0.00203596 0.999998 -0.000513296 -0.00378495 0.000520703 0.999992 0.187827 0.0697639 0.573489
FixedParameters: 0 0 0

#Transform 104
Transform: AffineTransform_float_3_3
Parameters: 0.99999 -0.00155835 0.00405322 0.00157665 0.999988 -0.00460165 -0.00404578 0.00460735 0.999981 0.165782 0.190431 0.532717
FixedParameters: 0 0 0

#Transform 105
Transform: AffineTransform_float_3_3
Parameters: 0.999988 -0.00268607 0.00410381 0.00270093 0.999989 -0.00363596 -0.00409419 0.00364704 0.999985 0.102987 0.277417 0.2592
FixedParameters: 0 0 0

#Transform 106
Transform: AffineTransform_float_3_3
Parameters: 0.999986 -0.0022342 0.00478383 0.00227179 0.999966 -0.00790925 -0.00476617 0.00792076 0.999958 0.0860616 0.319404 0.286754
FixedParameters: 0 0 0

#Transform 107
Transform: AffineTransform_float_3_3
Parameters: 0.999989 -0.00169584 0.00453967 0.00173216 0.999966 -0.00797223 -0.00452633 0.00798077 0.999958 0.100062 0.307338 0.294161
FixedParameters: 0 0 0

#Transform 108
Transform: AffineTransform_float_3_3
Parameters: 0.999989 -0.00169499 0.00436555 0.00173201 0.999962 -0.00848753 -0.00435145 0.00849547 0.999955 0.0987936 0.290328 0.277363
FixedParameters: 0 0 0

#Transform 109
Transform: AffineTransform_float_3_3
Parameters: 0.999974 -0.00155733 0.00695274 0.00162566 0.99995 -0.00988195 -0.00693626 0.00989305 0.999927 0.0767116 0.258526 0.427732
FixedParameters: 0 0 0

#Transform 110
Transform: AffineTransform_float_3_3
Parameters: 0.999962 -0.00223289 0.00834211 0.00218711 0.999983 0.00538644 -0.00835388 -0.00536855 0.99995 0.0902201 -0.110521 0.720154
FixedParameters: 0 0 0

#Transform 111
Transform: AffineTransform_float_3_3
Parameters: 0.99994 -0.00299642 0.0105418 0.00298458 0.999995 0.00109853 -0.0105452 -0.00106747 0.999944 0.00888476 -0.231874 0.794265
FixedParameters: 0 0 0

#Transform 112
Transform: AffineTransform_float_3_3
Parameters: 0.999912 -0.00201386 0.0131558 0.00204515 0.999995 -0.0023543 -0.0131512 0.0023807 0.99991 0.0369471 -0.100668 0.384129
FixedParameters: 0 0 0

#Transform 113
Transform: AffineTransform_float_3_3
Parameters: 0.999936 -0.00109457 0.0112049 0.00116342 0.99998 -0.00610235 -0.0111971 0.00611464 0.999918 0.054316 0.120611 0.449404
FixedParameters: 0 0 0

#Transform 114
Transform: AffineTransform_float_3_3
Parameters: 0.999929 -0.00115782 0.0118748 0.00124418 0.999973 -0.00733675 -0.0118662 0.00735126 0.999902 -0.00602964 0.185665 0.254467
FixedParameters: 0 0 0

#Transform 115
Transform: AffineTransform_float_3_3
Parameters: 0.999945 -0.000533059 0.0105246 0.000649955 0.999938 -0.0111118 -0.0105184 0.0111172 0.999883 0.0448406 0.301048 0.325258
FixedParameters: 0 0 0

#Transform 116
Transform: AffineTransform_float_3_3
Parameters: 0.999956 -0.00163868 0.00930878 0.00174133 0.999937 -0.0111023 -0.00929023 0.0111177 0.999895 0.0688992 0.345332 0.205679
FixedParameters: 0 0 0

#Transform 117
Transform: AffineTransform_float_3_3
Parameters: 0.99997 -0.000557015 0.00764876 0.00065499 0.999917 -0.0128144 -0.00764123 0.0128186 0.999888 0.128448 0.36949 0.202769
FixedParameters: 0 0 0

#Transform 118
Transform: AffineTransform_float_3_3
Parameters: 0.999949 -0.00404867 0.00917204 0.00413533 0.999946 -0.00952255 -0.00913295 0.00955945 0.999912 0.0123416 0.323284 0.256077
FixedParameters: 0 0 0

#Transform 119
Transform: AffineTransform_float_3_3
Parameters: 0.999964 -0.000461015 0.00855384 0.000616973 0.999833 -0.0182424 -0.00854317 0.0182466 0.999797 0.0849695 0.498654 0.330068
FixedParameters: 0 0 0

#Transform 120
Transform: AffineTransform_float_3_3
Parameters: 0.999963 -0.000169256 0.00853381 0.000305747 0.999872 -0.016025 -0.00853019 0.016027 0.999835 0.0885163 0.457801 0.298294
FixedParameters: 0 0 0

#Transform 121
Transform: AffineTransform_float_3_3
Parameters: 0.999921 -0.00144947 0.0125293 0.00163852 0.999886 -0.0150497 -0.0125058 0.0150693 0.999808 0.09165 0.403844 0.139075
FixedParameters: 0 0 0

#Transform 122
Transform: AffineTransform_float_3_3
Parameters: 0.999956 -0.00237581 0.00908626 0.00245219 0.999962 -0.00838308 -0.00906573 0.0084049 0.999923 0.0888588 0.306714 0.44647
FixedParameters: 0 0 0

#Transform 123
Transform: AffineTransform_float_3_3
Parameters: 0.999962 -0.000674647 0.00871603 0.00076035 0.999952 -0.00979275 -0.00870897 0.00979925 0.999914 0.0890104 0.292013 0.500033
FixedParameters: 0 0 0

#Transform 124
Transform: AffineTransform_float_3_3
Parameters: 0.999962 -0.000782675 0.00865884 0.000864326 0.999955 -0.00950788 -0.00865117 0.00951514 0.999918 0.118966 0.312724 0.47149
FixedParameters: 0 0 0

#Transform 125
Transform: AffineTransform_float_3_3
Parameters: 0.999965 3.44413e-05 0.00828424 7.14369e-05 0.999918 -0.0128479 -0.00828376 0.0128482 0.999883 0.119126 0.419846 0.509224
FixedParameters: 0 0 0

#Transform 126
Transform: AffineTransform_float_3_3
Parameters: 0.999968 6.58259e-05 0.00808689 4.88281e-05 0.999899 -0.0141981 -0.00808713 0.0141979 0.999867 0.106474 0.44006 0.467956
FixedParameters: 0 0 0

#Transform 127
Transform: AffineTransform_float_3_3
Parameters: 0.999952 -0.000233529 0.00977318 0.000369469 0.999904 -0.0138621 -0.00976882 0.0138649 0.999856 0.0863072 0.405126 0.472889
FixedParameters: 0 0 0

#Transform 128
Transform: AffineTransform_float_3_3
Parameters: 0.999933 -0.00298954 0.0111804 0.00307146 0.999968 -0.00736616 -0.0111576 0.00739986 0.999911 0.0158482 0.227574 0.385883
FixedParameters: 0 0 0

#Transform 129
Transform: AffineTransform_float_3_3
Parameters: 0.999955 -0.00177145 0.00932987 0.00184354 0.999969 -0.00766515 -0.00931613 0.00768285 0.999927 0.0607953 0.261785 0.294012
FixedParameters: 0 0 0

#Transform 130
Transform: AffineTransform_float_3_3
Parameters: 0.999951 -0.00112079 0.00983889 0.00118821 0.999976 -0.00682765 -0.00983111 0.00683936 0.999929 0.0869113 0.284667 0.482197
FixedParameters: 0 0 0

#Transform 131
Transform: AffineTransform_float_3_3
Parameters: 0.999944 -0.00157392 0.0105357 0.00166309 0.999963 -0.00845196 -0.0105223 0.00846904 0.999909 0.0713769 0.349638 0.386103
FixedParameters: 0 0 0

#Transform 132
Transform: AffineTransform_float_3_3
Parameters: 0.999892 -0.00146127 0.0146395 0.00166274 0.999903 -0.0137771 -0.0146185 0.0137998 0.999798 -0.113477 0.423956 0.187711
FixedParameters: 0 0 0

#Transform 133
Transform: AffineTransform_float_3_3
Parameters: 0.999916 -0.000894364 0.0128838 0.00112164 0.999843 -0.017672 -0.0128662 0.017685 0.999761 0.00153464 0.533979 0.140682
FixedParameters: 0 0 0

#Transform 134
Transform: AffineTransform_float_3_3
Parameters: 0.999924 -0.00145436 0.0122845 0.00166265 0.999855 -0.0169909 -0.0122585 0.0170101 0.99978 0.0368381 0.550073 0.167699
FixedParameters: 0 0 0

#Transform 135
Transform: AffineTransform_float_3_3
Parameters: 0.999897 -0.00170851 0.0142986 0.00193348 0.999875 -0.015701 -0.0142694 0.015727 0.999774 -0.0202533 0.491135 0.0614835
FixedParameters: 0 0 0

#Transform 136
Transform: AffineTransform_float_3_3
Parameters: 0.999906 -0.0022876 0.0135659 0.00246442 0.999913 -0.0130018 -0.0135351 0.0130332 0.999824 -0.023299 0.348368 0.0256404
FixedParameters: 0 0 0

#Transform 137
Transform: AffineTransform_float_3_3
Parameters: 0.999911 -0.00306982 0.0129745 0.00319219 0.99995 -0.00940741 -0.0129455 0.00944757 0.999871 0.000510369 0.364605 -0.0220206
FixedParameters: 0 0 0

#Transform 138
Transform: AffineTransform_float_3_3
Parameters: 0.999924 -0.00232733 0.0120559 0.00248167 0.999914 -0.01283 -0.0120251 0.012859 0.999845 0.0290626 0.446102 0.0616414
FixedParameters: 0 0 0

#Transform 139
Transform: AffineTransform_float_3_3
Parameters: 0.999925 -0.00243623 0.0120196 0.00260177 0.999902 -0.0137118 -0.0119854 0.0137422 0.999833 0.0207287 0.454496 -0.0166307
FixedParameters: 0 0 0

#Transform 140
Transform: AffineTransform_float_3_3
Parameters: 0.999929 -0.00202078 0.0117433 0.00218422 0.999901 -0.0139033 -0.0117137 0.0139277 0.999835 0.0302597 0.463505 0.0254027
FixedParameters: 0 0 0

#Transform 141
Transform: AffineTransform_float_3_3
Parameters: 0.999929 -0.00166303 0.0118507 0.00183697 0.99989 -0.0146843 -0.0118253 0.0147047 0.999822 0.0176989 0.492805 0.0344923
FixedParameters: 0 0 0

#Transform 142
Transform: AffineTransform_float_3_3
Parameters: 0.999916 -0.00213544 0.0127296 0.00231655 0.999896 -0.0141857 -0.0126984 0.0142143 0.999819 -0.00209183 0.500183 0.0287803
FixedParameters: 0 0 0

#Transform 143
Transform: AffineTransform_float_3_3
Parameters: 0.999916 -0.00206419 0.0128475 0.00224582 0.999898 -0.0141534 -0.0128175 0.0141807 0.999818 -0.00369279 0.494977 0.0289542
FixedParameters: 0 0 0

#Transform 144
Transform: AffineTransform_float_3_3
Parameters: 0.999898 -0.00203769 0.0140935 0.00222531 0.999909 -0.013359 -0.0140645 0.013389 0.999811 -0.00807331 0.478215 -0.0330534
FixedParameters: 0 0 0

#Transform 145
Transform: AffineTransform_float_3_3
Parameters: 0.999903 -0.00189476 0.0137567 0.00205323 0.999932 -0.0114979 -0.0137333 0.0115251 0.99984 0.0122848 0.422345 0.0147594
FixedParameters: 0 0 0

#Transform 146
Transform: AffineTransform_float_3_3
Parameters: 0.999916 -0.00201661 0.0127512 0.00216438 0.999931 -0.0115554 -0.0127268 0.0115826 0.999852 0.020336 0.430239 -0.0326604
FixedParameters: 0 0 0

#Transform 147
Transform: AffineTransform_float_3_3
Parameters: 0.99991 -0.0026095 0.0132012 0.00277651 0.999915 -0.0126865 -0.0131668 0.0127215 0.999833 -0.0252471 0.466572 -0.038317
FixedParameters: 0 0 0

#Transform 148
Transform: AffineTransform_float_3_3
Parameters: 0.999907 -0.00239466 0.0134405 0.00256435 0.999917 -0.0126707 -0.0134095 0.0127043 0.99983 -0.0316724 0.475377 -0.0266063
FixedParameters: 0 0 0

#Transform 149
Transform: AffineTransform_float_3_3
Parameters: 0.999922 -0.00233629 0.0122139 0.00247271 0.999935 -0.0111897 -0.0121871 0.0112193 0.999863 0.0216866 0.473969 -0.0399314
FixedParameters: 0 0 0

#Transform 150
Transform: AffineTransform_float_3_3
Parameters: 0.99991 -0.00229168 0.0132243 0.00245531 0.999921 -0.0123466 -0.0131947 0.0123784 0.999837 -0.00449059 0.423925 -0.0370294
FixedParameters: 0 0 0

#Transform 151
Transform: AffineTransform_float_3_3
Parameters: 0.999908 -0.00215296 0.0133883 0.00232203 0.999917 -0.0126231 -0.0133597 0.0126529 0.99983 -0.0130069 0.436373 -0.00193478
FixedParameters: 0 0 0

#Transform 152
Transform: AffineTransform_float_3_3
Parameters: 0.999912 -0.00198348 0.0131542 0.00216251 0.999905 -0.0135708 -0.0131258 0.0135982 0.999822 -0.00634297 0.477484 0.00571774
FixedParameters: 0 0 0

#Transform 153
Transform: AffineTransform_float_3_3
Parameters: 0.99991 -0.00255551 0.0131543 0.0026965 0.999938 -0.0107505 -0.0131257 0.0107845 0.999855 -0.0391484 0.385834 -0.078002
FixedParameters: 0 0 0

#Transform 154
Transform: AffineTransform_float_3_3
Parameters: 0.999921 -0.00254355 0.0123267 0.00269645 0.999919 -0.0124487 -0.0122933 0.0124802 0.999846 -0.0028254 0.426046 -0.0425786
FixedParameters: 0 0 0

#Transform 155
Transform: AffineTransform_float_3_3
Parameters: 0.999945 -0.0077947 -0.00703388 0.00799631 0.999542 0.0292064 0.00680313 -0.0292616 0.999548 0.163934 -0.258588 -0.708338
FixedParameters: 0 0 0

#Transform 156
Transform: AffineTransform_float_3_3
Parameters: 0.999739 -0.0137011 -0.0182858 0.0152079 0.996265 0.0849911 0.0170532 -0.0852469 0.996214 0.188249 -1.18808 -0.709306
FixedParameters: 0 0 0

#Transform 157
Transform: AffineTransform_float_3_3
Parameters: 0.999934 -0.00856845 -0.0076308 0.00896456 0.998532 0.0534061 0.00716217 -0.0534709 0.998543 0.0534821 -0.622194 -0.317633
FixedParameters: 0 0 0

#Transform 158
Transform: AffineTransform_float_3_3
Parameters: 0.99998 -0.00628978 0.00122264 0.00627223 0.999892 0.0132749 -0.00130536 -0.0132671 0.999911 0.0506275 0.131889 -0.0693303
FixedParameters: 0 0 0

#Transform 159
Transform: AffineTransform_float_3_3
Parameters: 0.999975 -0.00556818 0.00438169 0.00556382 0.999984 0.000966403 -0.00438731 -0.000941594 0.99999 0.010153 0.444865 -0.226944
FixedParameters: 0 0 0
