#Insight Transform File V1.0
#Transform 0
Transform: AffineTransform_float_3_3
Parameters: 1 0 0 0 1 -0.000569 0 0.000569 1 1.2e-05 -0.0218819 -0.237934
FixedParameters: 0 0 0

#Transform 1
Transform: AffineTransform_float_3_3
Parameters: 1 0.000513 -3.13443e-07 -0.000513 0.999999 -0.000611 -3.13443e-07 0.000611 1 -0.0403111 0.223356 -0.303073
FixedParameters: 0 0 0

#Transform 2
Transform: AffineTransform_float_3_3
Parameters: 0.999994 0.000510999 0.00322243 -0.000501003 0.999995 -0.00310263 -0.00322357 0.00310137 0.99999 -0.070762 0.223504 -1.02016
FixedParameters: 0 0 0

#Transform 3
Transform: AffineTransform_float_3_3
Parameters: 0.999997 0.000688465 0.00229567 -0.000684538 0.999998 -0.00194458 -0.00229634 0.00194343 0.999996 -0.0894054 0.224831 -0.817592
FixedParameters: 0 0 0

#Transform 4
Transform: AffineTransform_float_3_3
Parameters: 0.999998 0.000542288 0.0019761 -0.000538712 0.999998 -0.00166407 -0.0019769 0.00166293 0.999996 -0.0732949 0.240541 -0.746559
FixedParameters: 0 0 0

#Transform 5
Transform: AffineTransform_float_3_3
Parameters: 0.999999 0.000395657 0.00132351 -0.000394343 0.999999 -0.00125152 -0.0013245 0.00125148 0.999999 -0.0724214 0.235185 -0.715071
FixedParameters: 0 0 0

#Transform 6
Transform: AffineTransform_float_3_3
Parameters: 0.999999 0.00058714 0.00142512 -0.00058486 0.999998 -0.00150183 -0.00142588 0.00150116 0.999998 -0.0597868 0.243596 -0.690515
FixedParameters: 0 0 0

#Transform 7
Transform: AffineTransform_float_3_3
Parameters: 0.999998 0.000154741 0.00159074 -0.000152258 0.999998 -0.00172324 -0.00159126 0.00172276 0.999997 -0.0834121 0.212262 -0.69951
FixedParameters: 0 0 0

#Transform 8
Transform: AffineTransform_float_3_3
Parameters: 0.999999 0.000275125 0.0014696 -0.000272875 0.999999 -0.0014454 -0.0014704 0.0014456 0.999998 -0.0778295 0.240644 -0.700099
FixedParameters: 0 0 0

#Transform 9
Transform: AffineTransform_float_3_3
Parameters: 0.999993 -1.26285e-06 0.003567 2.73712e-06 1 -0.000486993 -0.003567 0.000487007 0.999993 -0.118633 0.210427 -0.831932
FixedParameters: 0 0 0

#Transform 10
Transform: AffineTransform_float_3_3
Parameters: 0.999997 0.000254315 0.00243766 -0.000250686 0.999999 -0.00135962 -0.00243834 0.00135938 0.999996 -0.11199 0.197289 -0.810682
FixedParameters: 0 0 0

#Transform 11
Transform: AffineTransform_float_3_3
Parameters: 0.999997 0.000539738 0.0024414 -0.000537262 0.999999 -0.00112232 -0.0024416 0.00112069 0.999997 -0.102948 0.201607 -0.772383
FixedParameters: 0 0 0

#Transform 12
Transform: AffineTransform_float_3_3
Parameters: 0.999997 0.000457946 0.00246846 -0.000455054 0.999999 -0.00119413 -0.00246855 0.00119287 0.999996 -0.105973 0.206181 -0.778296
FixedParameters: 0 0 0

#Transform 13
Transform: AffineTransform_float_3_3
Parameters: 0.999998 0.000614401 0.00196725 -0.000611599 0.999999 -0.00122121 -0.00196775 0.00121979 0.999998 -0.0903986 0.199347 -0.767775
FixedParameters: 0 0 0

#Transform 14
Transform: AffineTransform_float_3_3
Parameters: 0.999998 0.00061369 0.00181309 -0.00061131 0.999998 -0.00148411 -0.00181391 0.00148289 0.999998 -0.0909187 0.193663 -0.70592
FixedParameters: 0 0 0

#Transform 15
Transform: AffineTransform_float_3_3
Parameters: 0.999998 0.000581729 0.00163439 -0.000579271 1 -0.00105795 -0.00163561 0.00105705 0.999998 -0.0753794 0.213653 -0.721172
FixedParameters: 0 0 0

#Transform 16
Transform: AffineTransform_float_3_3
Parameters: 0.999999 0.00125189 0.0013142 -0.00125011 0.999998 -0.00143965 -0.0013158 0.00143836 0.999998 -0.0342744 0.222859 -0.734506
FixedParameters: 0 0 0

#Transform 17
Transform: AffineTransform_float_3_3
Parameters: 0.999997 -7.98269e-05 0.0024982 8.6172e-05 0.999997 -0.00247079 -0.00249779 0.00247121 0.999994 -0.0710703 0.223364 -0.785152
FixedParameters: 0 0 0

#Transform 18
Transform: AffineTransform_float_3_3
Parameters: 0.999997 0.000182082 0.00239262 -0.000176918 0.999997 -0.00212443 -0.00239238 0.00212357 0.999995 -0.0793004 0.213965 -0.776017
FixedParameters: 0 0 0

#Transform 19
Transform: AffineTransform_float_3_3
Parameters: 0.999997 0.000182152 0.00242562 -0.000176846 0.999997 -0.00212443 -0.00242638 0.00212356 0.999995 -0.0882612 0.222867 -0.84837
FixedParameters: 0 0 0

#Transform 20
Transform: AffineTransform_float_3_3
Parameters: 0.999998 0.000181215 0.00198462 -0.000176783 0.999997 -0.00212435 -0.00198538 0.00212364 0.999996 -0.0793207 0.213959 -0.763115
FixedParameters: 0 0 0

#Transform 21
Transform: AffineTransform_float_3_3
Parameters: 0.999998 0.000223266 0.00200853 -0.000218732 0.999997 -0.00212444 -0.00200947 0.00212355 0.999995 -0.0794832 0.214063 -0.722919
FixedParameters: 0 0 0

#Transform 22
Transform: AffineTransform_float_3_3
Parameters: 0.999998 0.000260368 0.00188554 -0.000256631 0.999999 -0.00178649 -0.00188646 0.00178551 0.999996 -0.0723639 0.224953 -0.749808
FixedParameters: 0 0 0

#Transform 23
Transform: AffineTransform_float_3_3
Parameters: 0.999999 0.000259914 0.00177258 -0.000257084 0.999998 -0.00164446 -0.00177343 0.00164354 0.999997 -0.0718942 0.221009 -0.72645
FixedParameters: 0 0 0

#Transform 24
Transform: AffineTransform_float_3_3
Parameters: 0.999999 0.000495897 0.00177419 -0.0004921 0.999998 -0.00163388 -0.00177581 0.00163212 0.999997 -0.0694068 0.220823 -0.733068
FixedParameters: 0 0 0

#Transform 25
Transform: AffineTransform_float_3_3
Parameters: 0.999998 0.00046794 0.00160214 -0.00046506 0.999998 -0.00183475 -0.00160286 0.00183425 0.999997 -0.0709182 0.221916 -0.714545
FixedParameters: 0 0 0

#Transform 26
Transform: AffineTransform_float_3_3
Parameters: 0.999999 0.000467253 0.00143427 -0.000464746 0.999998 -0.00157067 -0.00143573 0.00157033 0.999997 -0.0593516 0.24155 -0.658177
FixedParameters: 0 0 0

#Transform 27
Transform: AffineTransform_float_3_3
Parameters: 0.999998 0.000467244 0.00153532 -0.000464756 0.999999 -0.00146171 -0.00153568 0.00146128 0.999998 -0.073333 0.226793 -0.683177
FixedParameters: 0 0 0

#Transform 28
Transform: AffineTransform_float_3_3
Parameters: 0.999997 0.00046868 0.0024493 -0.00046432 0.999999 -0.00150314 -0.0024497 0.00150186 0.999996 -0.0925954 0.225107 -0.76931
FixedParameters: 0 0 0

#Transform 29
Transform: AffineTransform_float_3_3
Parameters: 0.999998 0.000463625 0.00206219 -0.000459374 0.999999 -0.00175795 -0.00206381 0.00175705 0.999997 -0.0785167 0.234481 -0.728378
FixedParameters: 0 0 0

#Transform 30
Transform: AffineTransform_float_3_3
Parameters: 0.999998 0.000302399 0.0020575 -0.000298601 0.999998 -0.00165162 -0.0020585 0.00165138 0.999997 -0.0801235 0.220372 -0.727515
FixedParameters: 0 0 0

#Transform 31
Transform: AffineTransform_float_3_3
Parameters: 0.999998 0.000237105 0.00187961 -0.000233895 0.999998 -0.00165144 -0.00188039 0.00165156 0.999997 -0.0753521 0.206701 -0.729654
FixedParameters: 0 0 0

#Transform 32
Transform: AffineTransform_float_3_3
Parameters: 0.999998 0.000143812 0.00187079 -0.000140189 0.999999 -0.00150226 -0.00187121 0.00150273 0.999997 -0.076125 0.216049 -0.710924
FixedParameters: 0 0 0

#Transform 33
Transform: AffineTransform_float_3_3
Parameters: 0.999998 0.000155698 0.00205472 -0.0001523 0.999999 -0.00180032 -0.00205528 0.00179968 0.999997 -0.0815787 0.20695 -0.746778
FixedParameters: 0 0 0

#Transform 34
Transform: AffineTransform_float_3_3
Parameters: 0.999998 0.000270266 0.00188453 -0.000266733 0.999999 -0.00173351 -0.00188546 0.00173249 0.999996 -0.0751848 0.219508 -0.704527
FixedParameters: 0 0 0

#Transform 35
Transform: AffineTransform_float_3_3
Parameters: 0.999999 0.000569581 0.00177986 -0.00056642 0.999998 -0.00201201 -0.00178014 0.00201099 0.999997 -0.0686122 0.233297 -0.691398
FixedParameters: 0 0 0

#Transform 36
Transform: AffineTransform_float_3_3
Parameters: 0.999998 0.000569281 0.00189202 -0.00056572 0.999999 -0.00173407 -0.00189298 0.00173293 0.999996 -0.0696034 0.228798 -0.694131
FixedParameters: 0 0 0

#Transform 37
Transform: AffineTransform_float_3_3
Parameters: 0.999998 0.000333713 0.00156542 -0.000331285 0.999999 -0.00173352 -0.00156658 0.00173248 0.999998 -0.0621297 0.254465 -0.656284
FixedParameters: 0 0 0

#Transform 38
Transform: AffineTransform_float_3_3
Parameters: 0.999998 0.000126221 0.00168191 -0.000124779 0.999999 -0.000726211 -0.00168209 0.000725789 0.999999 -0.0929111 0.207316 -0.823641
FixedParameters: 0 0 0

#Transform 39
Transform: AffineTransform_float_3_3
Parameters: 0.999996 -0.000424411 0.00300994 0.000430589 0.999998 -0.00218872 -0.00300907 0.00219029 0.999993 -0.0797796 0.213639 -0.943222
FixedParameters: 0 0 0

#Transform 40
Transform: AffineTransform_float_3_3
Parameters: 0.999992 -0.000377199 0.00379761 0.000362805 0.999993 0.0037384 -0.00379838 -0.00373759 0.999986 -0.0811256 0.141316 -0.971707
FixedParameters: 0 0 0

#Transform 41
Transform: AffineTransform_float_3_3
Parameters: 0.999997 -0.000229624 0.00236823 0.000232377 0.999999 -0.00100345 -0.00236777 0.00100355 0.999996 -0.0762603 0.210382 -0.862101
FixedParameters: 0 0 0

#Transform 42
Transform: AffineTransform_float_3_3
Parameters: 0.999998 6.6102e-05 0.00160896 -6.48977e-05 1 -0.000685105 -0.00160905 0.000684895 0.999999 -0.0774406 0.243486 -0.683345
FixedParameters: 0 0 0

#Transform 43
Transform: AffineTransform_float_3_3
Parameters: 0.999999 0.000192733 0.00143477 -0.000191266 1 -0.00120828 -0.00143523 0.00120773 0.999998 -0.075453 0.266672 -0.678322
FixedParameters: 0 0 0

#Transform 44
Transform: AffineTransform_float_3_3
Parameters: 0.999997 0.000198632 0.00213266 -0.000195367 0.999998 -0.00170342 -0.00213334 0.00170258 0.999997 -0.0919214 0.238443 -0.822107
FixedParameters: 0 0 0

#Transform 45
Transform: AffineTransform_float_3_3
Parameters: 0.999998 0.000147057 0.00210579 -0.000143942 0.999999 -0.00145231 -0.00210621 0.00145169 0.999996 -0.062407 0.199849 -0.813715
FixedParameters: 0 0 0

#Transform 46
Transform: AffineTransform_float_3_3
Parameters: 0.999999 -6.40687e-05 0.00130605 6.49311e-05 0.999999 -0.000712916 -0.00130595 0.000713084 0.999999 -0.0509098 0.214777 -0.759497
FixedParameters: 0 0 0

#Transform 47
Transform: AffineTransform_float_3_3
Parameters: 0.999999 0.000365086 0.00134898 -0.000364913 1 -6.44923e-05 -0.00134902 6.35076e-05 0.999999 -0.0536187 0.203742 -0.753848
FixedParameters: 0 0 0

#Transform 48
Transform: AffineTransform_float_3_3
Parameters: 0.999999 0.000529585 0.00128776 -0.000528413 1 -0.000455681 -0.00128824 0.000454318 0.999999 -0.0659358 0.211243 -0.753749
FixedParameters: 0 0 0

#Transform 49
Transform: AffineTransform_float_3_3
Parameters: 0.999999 0.000121994 0.00127591 -0.000121007 0.999999 -0.000778155 -0.00127609 0.000778845 0.999999 -0.0666095 0.233814 -0.713603
FixedParameters: 0 0 0

#Transform 50
Transform: AffineTransform_float_3_3
Parameters: 0.999999 0.000304497 0.00125164 -0.000302505 0.999999 -0.00119538 -0.00125136 0.00119562 0.999998 -0.0638789 0.251727 -0.695252
FixedParameters: 0 0 0

#Transform 51
Transform: AffineTransform_float_3_3
Parameters: 0.999999 0.000304468 0.00125464 -0.000302533 1 -0.00117038 -0.00125435 0.00116962 0.999998 -0.0640389 0.229527 -0.732475
FixedParameters: 0 0 0

#Transform 52
Transform: AffineTransform_float_3_3
Parameters: 0.999999 -0.000222646 0.0014925 0.000226352 0.999997 -0.00224666 -0.0014915 0.00224733 0.999997 -0.0771522 0.245959 -0.844098
FixedParameters: 0 0 0

#Transform 53
Transform: AffineTransform_float_3_3
Parameters: 1 0.000304085 0.000314956 -0.000302915 0.999994 -0.0034391 -0.000316044 0.0034389 0.999994 -0.021278 0.269472 -0.562965
FixedParameters: 0 0 0

#Transform 54
Transform: AffineTransform_float_3_3
Parameters: 1 0.000393142 3.54615e-05 -0.000392856 0.999993 -0.00391402 -3.75379e-05 0.00391399 0.999993 -0.026107 0.284349 -0.554867
FixedParameters: 0 0 0

#Transform 55
Transform: AffineTransform_float_3_3
Parameters: 1 0.000624752 0.000178388 -0.000624245 0.999991 -0.00418411 -0.000181614 0.00418489 0.999991 -0.0280143 0.293616 -0.580446
FixedParameters: 0 0 0

#Transform 56
Transform: AffineTransform_float_3_3
Parameters: 1 0.000127331 -0.000173493 -0.000128667 0.999992 -0.00386297 0.000172504 0.00386302 0.999992 -0.0291996 0.268433 -0.583825
FixedParameters: 0 0 0

#Transform 57
Transform: AffineTransform_float_3_3
Parameters: 1 0.000342367 -0.000182195 -0.000342632 0.999994 -0.00348594 0.000180807 0.00348606 0.999994 -0.0239754 0.277862 -0.568478
FixedParameters: 0 0 0

#Transform 58
Transform: AffineTransform_float_3_3
Parameters: 1 0.000214973 -8.69763e-06 -0.000215028 0.999994 -0.003245 8.30228e-06 0.003245 0.999994 -0.039992 0.286797 -0.616473
FixedParameters: 0 0 0

#Transform 59
Transform: AffineTransform_float_3_3
Parameters: 0.999999 0.000123818 0.000699507 -0.000120184 0.999992 -0.00402708 -0.000699489 0.00402691 0.999991 -0.0490742 0.316184 -0.6918
FixedParameters: 0 0 0

#Transform 60
Transform: AffineTransform_float_3_3
Parameters: 1 0.000197658 0.000460292 -0.000195343 0.999993 -0.00359909 -0.000460706 0.00359891 0.999994 -0.0483146 0.319144 -0.675022
FixedParameters: 0 0 0

#Transform 61
Transform: AffineTransform_float_3_3
Parameters: 1 0.000194948 -0.000281731 -0.000195053 0.999993 -0.00373895 0.000281273 0.00373905 0.999993 -0.0420788 0.323144 -0.619162
FixedParameters: 0 0 0

#Transform 62
Transform: AffineTransform_float_3_3
Parameters: 1 0.000195823 -5.76064e-05 -0.000195179 0.999995 -0.00309499 5.73962e-05 0.00309501 0.999995 -0.0565695 0.309802 -0.59713
FixedParameters: 0 0 0

#Transform 63
Transform: AffineTransform_float_3_3
Parameters: 1 -5.50593e-05 -0.000341831 5.49402e-05 0.999995 -0.00309802 0.000342172 0.00309798 0.999995 -0.0457738 0.305516 -0.547671
FixedParameters: 0 0 0

#Transform 64
Transform: AffineTransform_float_3_3
Parameters: 1 0.000195936 -1.77259e-05 -0.000195062 0.999993 -0.003704 1.62776e-05 0.003704 0.999993 -0.0655061 0.28555 -0.584203
FixedParameters: 0 0 0

#Transform 65
Transform: AffineTransform_float_3_3
Parameters: 1 0.000640012 -0.000275662 -0.000641983 0.999974 -0.00727283 0.000270338 0.00727318 0.999974 -0.0147102 0.330108 -0.563731
FixedParameters: 0 0 0

#Transform 66
Transform: AffineTransform_float_3_3
Parameters: 1 0.000273859 -0.000493886 -0.000279142 0.999946 -0.0104399 0.000491113 0.0104401 0.999946 -0.014371 0.368538 -0.582134
FixedParameters: 0 0 0

#Transform 67
Transform: AffineTransform_float_3_3
Parameters: 1 0.000574946 -0.000153014 -0.000576053 0.999975 -0.00697491 0.000148986 0.00697508 0.999975 -0.0212102 0.314061 -0.613657
FixedParameters: 0 0 0

#Transform 68
Transform: AffineTransform_float_3_3
Parameters: 1 0.000361172 0.000192821 -0.000360827 0.999981 -0.00604407 -0.000195184 0.00604393 0.999981 -0.0516683 0.275164 -0.597933
FixedParameters: 0 0 0

#Transform 69
Transform: AffineTransform_float_3_3
Parameters: 0.999996 0.00283648 0.000285358 -0.00283353 0.999961 -0.00833885 -0.000308638 0.00833816 0.999965 -0.104706 0.312859 -0.722228
FixedParameters: 0 0 0

#Transform 70
Transform: AffineTransform_float_3_3
Parameters: 1 0.00106607 6.88093e-06 -0.00106593 0.999977 -0.00667801 -1.41186e-05 0.00667799 0.999977 -0.0736938 0.285676 -0.639428
FixedParameters: 0 0 0

#Transform 71
Transform: AffineTransform_float_3_3
Parameters: 1 0.00119437 5.65959e-05 -0.00119463 0.99998 -0.00620007 -6.34079e-05 0.00619993 0.999981 -0.0543877 0.271452 -0.575342
FixedParameters: 0 0 0

#Transform 72
Transform: AffineTransform_float_3_3
Parameters: 0.999999 0.000887582 0.000252505 -0.000885422 0.999981 -0.00619623 -0.000257491 0.00619578 0.999981 -0.0546695 0.309709 -0.550138
FixedParameters: 0 0 0

#Transform 73
Transform: AffineTransform_float_3_3
Parameters: 1 0.00119526 0.000205834 -0.00119374 0.999982 -0.00599825 -0.000213164 0.00599775 0.999982 -0.0498299 0.270744 -0.563389
FixedParameters: 0 0 0

#Transform 74
Transform: AffineTransform_float_3_3
Parameters: 0.999999 0.00076602 -0.00016949 -0.000766982 0.999982 -0.00585787 0.00016551 0.00585812 0.999983 -0.0471975 0.277232 -0.549348
FixedParameters: 0 0 0

#Transform 75
Transform: AffineTransform_float_3_3
Parameters: 0.999999 0.000790085 -0.000157657 -0.000790917 0.999983 -0.00589088 0.000153343 0.00589112 0.999982 -0.0412923 0.285304 -0.543107
FixedParameters: 0 0 0

#Transform 76
Transform: AffineTransform_float_3_3
Parameters: 0.999999 0.000917371 -0.000108457 -0.000918625 0.999982 -0.0059459 0.000102541 0.0059451 0.999983 -0.0374016 0.256001 -0.58845
FixedParameters: 0 0 0

#Transform 77
Transform: AffineTransform_float_3_3
Parameters: 0.999998 0.000335851 -0.00161945 -0.000338151 0.999999 -0.00132745 0.00161955 0.00132755 0.999998 -0.0323685 0.181892 -0.656111
FixedParameters: 0 0 0

#Transform 78
Transform: AffineTransform_float_3_3
Parameters: 0.999996 0.0025218 -0.00166789 -0.0025272 0.999992 -0.0031218 0.00166012 0.0031252 0.999993 0.00839326 0.22337 -0.638362
FixedParameters: 0 0 0

#Transform 79
Transform: AffineTransform_float_3_3
Parameters: 0.999998 0.00148827 -0.00120387 -0.00149273 0.999991 -0.00393921 0.00119713 0.00394079 0.999991 0.0128362 0.265616 -0.587238
FixedParameters: 0 0 0

#Transform 80
Transform: AffineTransform_float_3_3
Parameters: 0.999999 0.00133558 -0.000319966 -0.00133742 0.999989 -0.00446458 0.000314031 0.00446542 0.99999 -0.0232425 0.255068 -0.573586
FixedParameters: 0 0 0

#Transform 81
Transform: AffineTransform_float_3_3
Parameters: 1 0.0010399 -0.000613478 -0.0010381 0.999999 0.00146464 0.00061552 -0.00146336 0.999998 -0.0172754 0.154696 -0.676842
FixedParameters: 0 0 0

#Transform 82
Transform: AffineTransform_float_3_3
Parameters: 0.999999 0.00104179 -0.000663905 -0.00104321 0.999998 -0.00182731 0.000662094 0.00182869 0.999998 -0.0158691 0.237947 -0.641628
FixedParameters: 0 0 0

#Transform 83
Transform: AffineTransform_float_3_3
Parameters: 0.999999 0.00111583 -0.000675286 -0.00111617 1 -0.000256247 0.000674714 0.000256753 0.999999 -0.0148436 0.283517 -0.568931
FixedParameters: 0 0 0

#Transform 84
Transform: AffineTransform_float_3_3
Parameters: 0.999989 0.00173986 0.00419095 -0.00176514 0.999979 0.00624166 -0.00418006 -0.00624834 0.999971 -0.137675 0.611292 -1.4201
FixedParameters: 0 0 0

#Transform 85
Transform: AffineTransform_float_3_3
Parameters: 0.99999 0.002135 0.00388982 -0.00216 0.999977 0.00643266 -0.00387618 -0.00644134 0.999971 -0.165962 0.414618 -1.49777
FixedParameters: 0 0 0

#Transform 86
Transform: AffineTransform_float_3_3
Parameters: 0.999999 0.000438652 -0.000656575 -0.000441349 0.999993 -0.00357971 0.000655425 0.00357929 0.999994 -0.0732575 0.450006 -0.413331
FixedParameters: 0 0 0

#Transform 87
Transform: AffineTransform_float_3_3
Parameters: 0.999992 0.00398657 0.000567041 -0.00398743 0.999992 0.000761745 -0.000563957 -0.000764254 0.999999 -0.0702248 0.336266 -0.947041
FixedParameters: 0 0 0

#Transform 88
Transform: AffineTransform_float_3_3
Parameters: 0.999999 0.000179626 -0.0012205 -0.000183374 0.999996 -0.00276578 0.0012195 0.00276522 0.999996 -0.0426681 0.383636 -0.623295
FixedParameters: 0 0 0

#Transform 89
Transform: AffineTransform_float_3_3
Parameters: 0.999998 0.00100955 -0.00177797 -0.00102045 0.999982 -0.0058862 0.00177202 0.0058878 0.999981 0.0291448 0.443106 -0.489828
FixedParameters: 0 0 0

#Transform 90
Transform: AffineTransform_float_3_3
Parameters: 0.999998 0.000695094 -0.0021216 -0.000705907 0.999986 -0.00514351 0.0021184 0.00514548 0.999984 0.00130365 0.398688 -0.530198
FixedParameters: 0 0 0

#Transform 91
Transform: AffineTransform_float_3_3
Parameters: 0.999997 0.000879492 -0.00237966 -0.000891509 0.999986 -0.0052599 0.00237534 0.00526211 0.999984 0.00857795 0.403821 -0.5247
FixedParameters: 0 0 0

#Transform 92
Transform: AffineTransform_float_3_3
Parameters: 0.999997 0.00069384 -0.00225677 -0.00070616 0.999985 -0.00539142 0.00225322 0.00539358 0.999983 0.00895675 0.406426 -0.526055
FixedParameters: 0 0 0

#Transform 93
Transform: AffineTransform_float_3_3
Parameters: 0.999997 0.00222002 -0.00124496 -0.00222998 0.999965 -0.00807125 0.00122704 0.00807375 0.999966 -0.0244423 0.404227 -0.649347
FixedParameters: 0 0 0

#Transform 94
Transform: AffineTransform_float_3_3
Parameters: 0.999998 0.00181094 -0.000695007 -0.00181706 0.99996 -0.00882376 0.000678993 0.00882425 0.999961 -0.0482878 0.368618 -0.885051
FixedParameters: 0 0 0

#Transform 95
Transform: AffineTransform_float_3_3
Parameters: 0.999998 0.00106918 -0.00135242 -0.00107582 0.999986 -0.00505155 0.00134658 0.00505345 0.999987 -0.00862835 0.357645 -0.491654
FixedParameters: 0 0 0

#Transform 96
Transform: AffineTransform_float_3_3
Parameters: 0.999998 0.00088696 -0.0017092 -0.000895044 0.999988 -0.00470948 0.0017058 0.00471052 0.999988 -0.00600569 0.356183 -0.516059
FixedParameters: 0 0 0

#Transform 97
Transform: AffineTransform_float_3_3
Parameters: 0.999998 0.00106836 -0.00161508 -0.00107664 0.999988 -0.00473827 0.00160992 0.00473973 0.999988 -0.0195478 0.340233 -0.518657
FixedParameters: 0 0 0

#Transform 98
Transform: AffineTransform_float_3_3
Parameters: 0.999998 0.00106815 -0.00177475 -0.00107585 0.999989 -0.0044281 0.00177025 0.0044299 0.999988 0.00430894 0.354242 -0.501143
FixedParameters: 0 0 0

#Transform 99
Transform: AffineTransform_float_3_3
Parameters: 0.999999 0.0010701 -0.0013786 -0.0010759 0.99999 -0.00428452 0.0013744 0.00428548 0.99999 -0.0165036 0.365252 -0.498048
FixedParameters: 0 0 0

#Transform 100
Transform: AffineTransform_float_3_3
Parameters: 0.999999 0.00107224 -0.0014281 -0.00107876 0.999988 -0.00473847 0.0014229 0.00474053 0.999988 -0.0222739 0.340993 -0.520963
FixedParameters: 0 0 0

#Transform 101
Transform: AffineTransform_float_3_3
Parameters: 0.999998 0.000966584 -0.00160649 -0.000974419 0.999989 -0.00462244 0.00160251 0.00462356 0.999988 -0.00814318 0.348961 -0.500573
FixedParameters: 0 0 0

#Transform 102
Transform: AffineTransform_float_3_3
Parameters: 0.999998 0.00106584 -0.00182479 -0.00107417 0.99999 -0.00447905 0.00182021 0.00448095 0.999989 0.00573497 0.350696 -0.485782
FixedParameters: 0 0 0

#Transform 103
Transform: AffineTransform_float_3_3
Parameters: 0.999998 0.00111688 -0.00165351 -0.00112512 0.999988 -0.00491915 0.00164748 0.00492085 0.999986 -0.0141555 0.322371 -0.524386
FixedParameters: 0 0 0

#Transform 104
Transform: AffineTransform_float_3_3
Parameters: 0.999998 0.0011144 -0.0017229 -0.00112459 0.999981 -0.00616208 0.0017151 0.00616393 0.99998 0.00313335 0.348593 -0.500613
FixedParameters: 0 0 0

#Transform 105
Transform: AffineTransform_float_3_3
Parameters: 0.999998 0.00074232 -0.00190021 -0.000753678 0.999984 -0.00562558 0.00189579 0.00562742 0.999983 0.0126063 0.365454 -0.443786
FixedParameters: 0 0 0

#Transform 106
Transform: AffineTransform_float_3_3
Parameters: 0.999998 0.00111628 -0.00154235 -0.00112472 0.999984 -0.00566428 0.00153665 0.00566673 0.999983 -0.00223257 0.330918 -0.525086
FixedParameters: 0 0 0

#Transform 107
Transform: AffineTransform_float_3_3
Parameters: 0.999999 0.000592617 -0.0013588 -0.000599384 0.999989 -0.00470219 0.0013562 0.00470281 0.999988 0.0227486 0.290479 -0.57031
FixedParameters: 0 0 0

#Transform 108
Transform: AffineTransform_float_3_3
Parameters: 0.999998 0.000845848 -0.00176841 -0.000855149 0.999986 -0.0051805 0.00176359 0.0051825 0.999985 0.0114125 0.327997 -0.540888
FixedParameters: 0 0 0

#Transform 109
Transform: AffineTransform_float_3_3
Parameters: 0.999998 0.00111632 -0.0017695 -0.00112467 0.999988 -0.00491002 0.0017635 0.00491198 0.999987 -0.0172662 0.341011 -0.490623
FixedParameters: 0 0 0

#Transform 110
Transform: AffineTransform_float_3_3
Parameters: 0.999998 0.00101609 -0.00184649 -0.00102691 0.999985 -0.00537412 0.00184151 0.00537588 0.999984 -0.0159551 0.33595 -0.493229
FixedParameters: 0 0 0

#Transform 111
Transform: AffineTransform_float_3_3
Parameters: 0.999997 0.00111626 -0.00182438 -0.00112474 0.999988 -0.00479896 0.00181862 0.00480104 0.999987 -0.0156549 0.334953 -0.487922
FixedParameters: 0 0 0

#Transform 112
Transform: AffineTransform_float_3_3
Parameters: 0.999997 0.00111584 -0.00181865 -0.00112516 0.999986 -0.00504196 0.00181335 0.00504403 0.999985 0.00135409 0.345178 -0.482599
FixedParameters: 0 0 0

#Transform 113
Transform: AffineTransform_float_3_3
Parameters: 0.999998 0.00111497 -0.00180025 -0.00112503 0.999984 -0.00558098 0.00179375 0.00558301 0.999983 0.0127103 0.352 -0.503246
FixedParameters: 0 0 0

#Transform 114
Transform: AffineTransform_float_3_3
Parameters: 0.999998 0.00104225 -0.00172532 -0.00105175 0.999986 -0.00507819 0.00172068 0.0050798 0.999985 0.00439001 0.331826 -0.482171
FixedParameters: 0 0 0

#Transform 115
Transform: AffineTransform_float_3_3
Parameters: 0.999998 0.000799409 -0.00196493 -0.000808591 0.999987 -0.00488542 0.00196107 0.00488658 0.999986 0.00181394 0.351831 -0.455273
FixedParameters: 0 0 0

#Transform 116
Transform: AffineTransform_float_3_3
Parameters: 0.999997 0.00111469 -0.00206959 -0.00112531 0.999987 -0.00498869 0.00206341 0.00499132 0.999986 0.00471771 0.347953 -0.460673
FixedParameters: 0 0 0

#Transform 117
Transform: AffineTransform_float_3_3
Parameters: 0.999997 0.00100401 -0.00193821 -0.00101399 0.999986 -0.00515905 0.00193279 0.00516095 0.999985 -0.00368453 0.319953 -0.491713
FixedParameters: 0 0 0

#Transform 118
Transform: AffineTransform_float_3_3
Parameters: 0.999998 0.000986899 -0.00183692 -0.000996101 0.999987 -0.00496018 0.00183208 0.00496182 0.999986 0.0024091 0.345155 -0.486175
FixedParameters: 0 0 0

#Transform 119
Transform: AffineTransform_float_3_3
Parameters: 0.999997 0.000978411 -0.00198476 -0.000987589 0.999988 -0.00483605 0.00198025 0.00483795 0.999987 0.0143859 0.348613 -0.458901
FixedParameters: 0 0 0

#Transform 120
Transform: AffineTransform_float_3_3
Parameters: 0.999998 0.000731839 -0.0019708 -0.000742161 0.999987 -0.00515955 0.0019672 0.00516145 0.999984 0.00228361 0.339037 -0.488944
FixedParameters: 0 0 0

#Transform 121
Transform: AffineTransform_float_3_3
Parameters: 0.999998 0.000945087 -0.00203962 -0.000954916 0.999987 -0.00486506 0.00203538 0.00486693 0.999986 0.0124667 0.357485 -0.492356
FixedParameters: 0 0 0

#Transform 122
Transform: AffineTransform_float_3_3
Parameters: 0.999998 0.00111494 -0.0020126 -0.00112506 0.999987 -0.00500175 0.0020074 0.00500425 0.999986 -0.00978229 0.375207 -0.488906
FixedParameters: 0 0 0

#Transform 123
Transform: AffineTransform_float_3_3
Parameters: 0.999997 0.001036 -0.00226905 -0.001047 0.999987 -0.00485164 0.00226395 0.00485336 0.999985 -0.00299137 0.352903 -0.490657
FixedParameters: 0 0 0

#Transform 124
Transform: AffineTransform_float_3_3
Parameters: 0.999968 0.00220386 -0.00766145 -0.00223314 0.999991 -0.00379701 0.00765356 0.00381399 0.999964 0.0686546 0.319218 -0.538233
FixedParameters: 0 0 0

#Transform 125
Transform: AffineTransform_float_3_3
Parameters: 0.999997 0.000865447 -0.00230124 -0.000873551 0.999992 -0.003718 0.00229777 0.00372 0.999991 -0.0479058 0.320399 -0.568283
FixedParameters: 0 0 0

#Transform 126
Transform: AffineTransform_float_3_3
Parameters: 0.999995 -0.00330696 -0.000711871 0.00330305 0.99998 -0.00548638 0.000730128 0.00548362 0.999984 -0.0691735 0.356745 -0.486588
FixedParameters: 0 0 0

#Transform 127
Transform: AffineTransform_float_3_3
Parameters: 0.999995 -0.00138576 -0.00276869 0.00136724 0.999976 -0.00676682 0.00277831 0.00676319 0.999974 -0.015834 0.349146 -0.455885
FixedParameters: 0 0 0

#Transform 128
Transform: AffineTransform_float_3_3
Parameters: 0.999993 -0.000436063 -0.00390204 0.000398939 0.999955 -0.00949363 0.00390597 0.00949237 0.999948 0.000321175 0.397374 -0.38558
FixedParameters: 0 0 0

#Transform 129
Transform: AffineTransform_float_3_3
Parameters: 0.999997 -0.000413459 -0.00247363 0.000399538 0.999983 -0.00584301 0.00247638 0.00584199 0.99998 -0.0253275 0.353712 -0.432595
FixedParameters: 0 0 0

#Transform 130
Transform: AffineTransform_float_3_3
Parameters: 0.999998 -0.000265792 -0.00225542 0.000252204 0.999982 -0.00611358 0.00225758 0.00611242 0.999979 -0.0301407 0.337281 -0.456687
FixedParameters: 0 0 0

#Transform 131
Transform: AffineTransform_float_3_3
Parameters: 0.999997 -0.000412763 -0.00235763 0.000399241 0.999983 -0.00583496 0.00235937 0.00583404 0.99998 -0.0287013 0.333604 -0.455234
FixedParameters: 0 0 0

#Transform 132
Transform: AffineTransform_float_3_3
Parameters: 0.999998 -2.88255e-05 -0.00200687 1.71758e-05 0.999986 -0.00539305 0.00200712 0.00539396 0.999984 -0.0351412 0.340277 -0.432061
FixedParameters: 0 0 0

#Transform 133
Transform: AffineTransform_float_3_3
Parameters: 0.999998 -0.00023952 -0.00232174 0.000226484 0.999986 -0.00539154 0.00232225 0.00539046 0.999983 -0.0279466 0.333193 -0.433398
FixedParameters: 0 0 0

#Transform 134
Transform: AffineTransform_float_3_3
Parameters: 0.999997 -0.000217311 -0.00225685 0.000204689 0.999985 -0.00545347 0.00225815 0.00545352 0.999982 -0.0298256 0.312607 -0.415773
FixedParameters: 0 0 0

#Transform 135
Transform: AffineTransform_float_3_3
Parameters: 0.999998 -0.00020206 -0.00226596 0.000189942 0.999986 -0.00532044 0.00226704 0.00532056 0.999984 -0.0292607 0.330218 -0.423985
FixedParameters: 0 0 0

#Transform 136
Transform: AffineTransform_float_3_3
Parameters: 0.999998 3.18038e-05 -0.00208218 -4.21951e-05 0.999988 -0.00489692 0.00208182 0.00489708 0.999986 -0.0323915 0.337133 -0.411831
FixedParameters: 0 0 0

#Transform 137
Transform: AffineTransform_float_3_3
Parameters: 0.999997 2.90074e-05 -0.0023602 -4.19913e-05 0.999985 -0.00550492 0.00235981 0.00550508 0.999982 -0.0218716 0.33623 -0.399777
FixedParameters: 0 0 0

#Transform 138
Transform: AffineTransform_float_3_3
Parameters: 0.999996 2.65204e-05 -0.00277219 -4.14839e-05 0.999985 -0.00558391 0.00277281 0.00558409 0.99998 -0.0114533 0.350349 -0.405633
FixedParameters: 0 0 0

#Transform 139
Transform: AffineTransform_float_3_3
Parameters: 0.999998 -0.00027357 -0.00230655 0.000260427 0.999985 -0.00544862 0.00230845 0.00544739 0.999983 -0.0289192 0.342353 -0.380272
FixedParameters: 0 0 0

#Transform 140
Transform: AffineTransform_float_3_3
Parameters: 0.999996 2.78493e-05 -0.00261619 -4.21494e-05 0.999986 -0.00540891 0.00261581 0.00540909 0.999982 -0.0163083 0.342121 -0.399729
FixedParameters: 0 0 0

#Transform 141
Transform: AffineTransform_float_3_3
Parameters: 0.999996 2.81184e-05 -0.00257119 -4.18803e-05 0.999986 -0.00539891 0.00257081 0.00539909 0.999982 -0.0177174 0.338477 -0.381123
FixedParameters: 0 0 0

#Transform 142
Transform: AffineTransform_float_3_3
Parameters: 0.999996 -0.000146968 -0.00266031 0.000134036 0.999988 -0.00487337 0.00266068 0.00487362 0.999984 -0.0170235 0.333123 -0.365892
FixedParameters: 0 0 0

#Transform 143
Transform: AffineTransform_float_3_3
Parameters: 0.999997 2.79749e-05 -0.00252619 -4.20239e-05 0.999985 -0.00555192 0.00252581 0.00555209 0.999982 -0.0191727 0.335691 -0.353447
FixedParameters: 0 0 0

#Transform 144
Transform: AffineTransform_float_3_3
Parameters: 0.999997 2.78754e-05 -0.0025102 -4.21232e-05 0.999984 -0.00562691 0.0025098 0.00562709 0.999981 -0.0242431 0.337234 -0.308053
FixedParameters: 0 0 0

#Transform 145
Transform: AffineTransform_float_3_3
Parameters: 0.999997 3.01415e-05 -0.00223119 -4.18626e-05 0.999986 -0.00531492 0.00223181 0.00531508 0.999984 -0.0242067 0.344073 -0.358876
FixedParameters: 0 0 0

#Transform 146
Transform: AffineTransform_float_3_3
Parameters: 0.999998 -4.03341e-05 -0.00172682 3.1665e-05 0.999989 -0.00482606 0.00172717 0.00482594 0.999987 -0.00475347 0.313306 -0.42647
FixedParameters: 0 0 0

#Transform 147
Transform: AffineTransform_float_3_3
Parameters: 0.999997 -0.000150917 -0.00213432 0.000141083 0.999989 -0.00464631 0.00213468 0.00464569 0.999987 -0.0279193 0.306027 -0.448792
FixedParameters: 0 0 0

#Transform 148
Transform: AffineTransform_float_3_3
Parameters: 0.999998 3.35312e-05 -0.00207015 -4.14721e-05 0.999991 -0.00409092 0.00207085 0.00409107 0.999989 -0.0275199 0.3344 -0.473956
FixedParameters: 0 0 0

#Transform 149
Transform: AffineTransform_float_3_3
Parameters: 0.999998 3.10319e-05 -0.00233517 -4.19671e-05 0.999989 -0.00469692 0.00233483 0.00469709 0.999986 -0.00381323 0.360661 -0.397897
FixedParameters: 0 0 0

#Transform 150
Transform: AffineTransform_float_3_3
Parameters: 0.999997 -2.22827e-05 -0.00216292 1.17168e-05 0.999988 -0.00475404 0.00216308 0.00475396 0.999987 -0.0101259 0.346679 -0.382929
FixedParameters: 0 0 0

#Transform 151
Transform: AffineTransform_float_3_3
Parameters: 0.999997 2.90852e-05 -0.00242719 -4.1916e-05 0.999986 -0.00532191 0.00242681 0.00532108 0.999983 -0.0160212 0.343555 -0.383028
FixedParameters: 0 0 0

#Transform 152
Transform: AffineTransform_float_3_3
Parameters: 0.999998 3.22157e-05 -0.00205818 -4.17833e-05 0.999988 -0.00475392 0.00205782 0.00475407 0.999986 -0.0204601 0.330239 -0.39502
FixedParameters: 0 0 0

#Transform 153
Transform: AffineTransform_float_3_3
Parameters: 0.999997 2.9562e-05 -0.00248318 -4.14369e-05 0.999988 -0.00500892 0.00248282 0.00500909 0.999985 0.00538686 0.342744 -0.387089
FixedParameters: 0 0 0

#Transform 154
Transform: AffineTransform_float_3_3
Parameters: 0.999997 2.95888e-05 -0.00252417 -4.14101e-05 0.999988 -0.00491691 0.00252383 0.00491709 0.999984 -0.000969326 0.334271 -0.383983
FixedParameters: 0 0 0

#Transform 155
Transform: AffineTransform_float_3_3
Parameters: 0.999998 2.98551e-05 -0.00209221 -4.21435e-05 0.999983 -0.00580493 0.00209179 0.00580508 0.999981 -0.0318649 0.335936 -0.464252
FixedParameters: 0 0 0

#Transform 156
Transform: AffineTransform_float_3_3
Parameters: 0.999997 0.00150571 -0.00199952 -0.0015303 0.999925 -0.012202 0.00198147 0.012205 0.999923 -0.0508066 0.348655 -0.70507
FixedParameters: 0 0 0

#Transform 157
Transform: AffineTransform_float_3_3
Parameters: 0.999998 -0.000336463 -0.00166137 0.000318529 0.999939 -0.0111015 0.00166564 0.0111005 0.999937 -0.0160938 0.410766 -0.664411
FixedParameters: 0 0 0

#Transform 158
Transform: AffineTransform_float_3_3
Parameters: 0.999998 -8.59596e-05 -0.00166217 6.80311e-05 0.999941 -0.0108021 0.00166383 0.0108019 0.999941 -0.0268586 0.387552 -0.592719
FixedParameters: 0 0 0

#Transform 159
Transform: AffineTransform_float_3_3
Parameters: 0.999998 -0.00012763 -0.00220676 0.000104369 0.999942 -0.0107043 0.00220825 0.0107047 0.999941 -0.0064351 0.379571 -0.584005
FixedParameters: 0 0 0
