# transform file /out/sourcedata/freesurfer/sub-v2s1x29909_ses-1/mri/transforms/cc_up.lta
# created by oesteban on Thu Mar 12 21:55:57 2026

type      = 0 # LINEAR_VOX_TO_VOX
nxforms   = 1
mean      = 127.0000 131.0000 128.0000
sigma     = 10000.0000
1 4 4
9.936083555221558e-01 -3.515126183629036e-03 -1.128278374671936e-01 1.547106933593750e+01 
3.492680378258228e-03 9.999938607215881e-01 -3.966065414715558e-04 9.603713035583496e+00 
1.128285303711891e-01 0.000000000000000e+00 9.936144948005676e-01 -2.069283294677734e+01 
0.000000000000000e+00 0.000000000000000e+00 0.000000000000000e+00 1.000000000000000e+00 
src volume info
valid = 1  # volume info valid
filename = /out/sourcedata/freesurfer/sub-v2s1x29909_ses-1/mri/norm.mgz
volume = 256 256 256
voxelsize = 8.999999761581421e-01 8.999999761581421e-01 8.999999761581421e-01
xras   = -1.000000000000000e+00 0.000000000000000e+00 0.000000000000000e+00
yras   = 0.000000000000000e+00 0.000000000000000e+00 -1.000000000000000e+00
zras   = 0.000000000000000e+00 1.000000000000000e+00 0.000000000000000e+00
cras   = 4.854248046875000e+00 2.541650390625000e+01 2.335707855224609e+01
dst volume info
valid = 1  # volume info valid
filename = /out/sourcedata/freesurfer/sub-v2s1x29909_ses-1/mri/norm.mgz
volume = 256 256 256
voxelsize = 8.999999761581421e-01 8.999999761581421e-01 8.999999761581421e-01
xras   = -1.000000000000000e+00 0.000000000000000e+00 0.000000000000000e+00
yras   = 0.000000000000000e+00 0.000000000000000e+00 -1.000000000000000e+00
zras   = 0.000000000000000e+00 1.000000000000000e+00 0.000000000000000e+00
cras   = 4.854248046875000e+00 2.541650390625000e+01 2.335707855224609e+01
