# transform file /out/sourcedata/freesurfer/sub-v2s1x29888_ses-1/mri/transforms/cc_up.lta
# created by oesteban on Wed Mar 11 22:17:53 2026

type      = 0 # LINEAR_VOX_TO_VOX
nxforms   = 1
mean      = 130.0000 119.0000 126.0000
sigma     = 10000.0000
1 4 4
9.984791874885559e-01 5.482342094182968e-02 -5.803031846880913e-03 -7.834312438964844e+00 
-5.482249334454536e-02 9.984960556030273e-01 3.186212270520627e-04 2.228791236877441e+01 
5.811772309243679e-03 0.000000000000000e+00 9.999830722808838e-01 -7.567394971847534e-01 
0.000000000000000e+00 0.000000000000000e+00 0.000000000000000e+00 1.000000000000000e+00 
src volume info
valid = 1  # volume info valid
filename = /out/sourcedata/freesurfer/sub-v2s1x29888_ses-1/mri/norm.mgz
volume = 256 256 256
voxelsize = 8.999999761581421e-01 8.999999761581421e-01 8.999999761581421e-01
xras   = -1.000000000000000e+00 0.000000000000000e+00 0.000000000000000e+00
yras   = 0.000000000000000e+00 0.000000000000000e+00 -1.000000000000000e+00
zras   = 0.000000000000000e+00 1.000000000000000e+00 0.000000000000000e+00
cras   = 1.675361633300781e+00 3.604070281982422e+01 4.561386871337891e+01
dst volume info
valid = 1  # volume info valid
filename = /out/sourcedata/freesurfer/sub-v2s1x29888_ses-1/mri/norm.mgz
volume = 256 256 256
voxelsize = 8.999999761581421e-01 8.999999761581421e-01 8.999999761581421e-01
xras   = -1.000000000000000e+00 0.000000000000000e+00 0.000000000000000e+00
yras   = 0.000000000000000e+00 0.000000000000000e+00 -1.000000000000000e+00
zras   = 0.000000000000000e+00 1.000000000000000e+00 0.000000000000000e+00
cras   = 1.675361633300781e+00 3.604070281982422e+01 4.561386871337891e+01
