# transform file /out/sourcedata/freesurfer/sub-v2s1x29880_ses-1/mri/transforms/cc_up.lta
# created by oesteban on Wed Mar 11 22:02:39 2026

type      = 0 # LINEAR_VOX_TO_VOX
nxforms   = 1
mean      = 129.0000 126.0000 132.0000
sigma     = 10000.0000
1 4 4
9.959944486618042e-01 1.760624535381794e-02 8.766442537307739e-02 -1.410044860839844e+01 
-1.753844134509563e-02 9.998450279235840e-01 -1.543680671602488e-03 2.048518180847168e+01 
-8.767801523208618e-02 0.000000000000000e+00 9.961488246917725e-01 1.083999347686768e+01 
0.000000000000000e+00 0.000000000000000e+00 0.000000000000000e+00 1.000000000000000e+00 
src volume info
valid = 1  # volume info valid
filename = /out/sourcedata/freesurfer/sub-v2s1x29880_ses-1/mri/norm.mgz
volume = 256 256 256
voxelsize = 8.999999165534973e-01 8.999999165534973e-01 8.999999165534973e-01
xras   = -9.999999403953552e-01 0.000000000000000e+00 0.000000000000000e+00
yras   = 0.000000000000000e+00 0.000000000000000e+00 -1.000000000000000e+00
zras   = 0.000000000000000e+00 9.999999403953552e-01 0.000000000000000e+00
cras   = 2.406677246093750e+00 1.180932617187500e+01 3.634735870361328e+01
dst volume info
valid = 1  # volume info valid
filename = /out/sourcedata/freesurfer/sub-v2s1x29880_ses-1/mri/norm.mgz
volume = 256 256 256
voxelsize = 8.999999165534973e-01 8.999999165534973e-01 8.999999165534973e-01
xras   = -9.999999403953552e-01 0.000000000000000e+00 0.000000000000000e+00
yras   = 0.000000000000000e+00 0.000000000000000e+00 -1.000000000000000e+00
zras   = 0.000000000000000e+00 9.999999403953552e-01 0.000000000000000e+00
cras   = 2.406677246093750e+00 1.180932617187500e+01 3.634735870361328e+01
