#Insight Transform File V1.0
#Transform 0
Transform: AffineTransform_float_3_3
Parameters: 0.999975 -0.00195844 -0.0066993 0.00201956 0.999955 0.00919469 0.0066807 -0.00920831 0.999936 0.0817201 -0.274236 0.802137
FixedParameters: 0 0 0

#Transform 1
Transform: AffineTransform_float_3_3
Parameters: 0.999968 -0.000772298 -0.0079539 0.000858708 0.99994 0.0109035 0.00794511 -0.0109095 0.999909 0.0957208 -0.243037 0.400288
FixedParameters: 0 0 0

#Transform 2
Transform: AffineTransform_float_3_3
Parameters: 0.999973 -0.000939618 -0.00737317 0.00100839 0.999955 0.00941182 0.00736483 -0.00941918 0.999928 0.0780356 -0.164704 0.28783
FixedParameters: 0 0 0

#Transform 3
Transform: AffineTransform_float_3_3
Parameters: 0.999976 -0.00109489 -0.00675484 0.0011541 0.999961 0.00875341 0.00674415 -0.00876059 0.999939 0.0692538 -0.109231 0.279022
FixedParameters: 0 0 0

#Transform 4
Transform: AffineTransform_float_3_3
Parameters: 0.999979 -0.000675451 -0.00655651 0.000726549 0.999969 0.0078624 0.00655149 -0.00786759 0.999947 0.0717855 -0.125625 0.242549
FixedParameters: 0 0 0

#Transform 5
Transform: AffineTransform_float_3_3
Parameters: 0.999975 -0.00055657 -0.00701762 0.000612432 0.999968 0.0078989 0.00701338 -0.0079031 0.999944 0.0941906 -0.128518 0.220578
FixedParameters: 0 0 0

#Transform 6
Transform: AffineTransform_float_3_3
Parameters: 0.999978 -0.000795914 -0.00650358 0.000848079 0.999968 0.00800966 0.00649641 -0.00801535 0.999947 0.0783583 -0.112152 0.212911
FixedParameters: 0 0 0

#Transform 7
Transform: AffineTransform_float_3_3
Parameters: 0.99998 -0.000814438 -0.00638638 0.000862557 0.99997 0.00760464 0.00637962 -0.00761035 0.99995 0.0789879 -0.12285 0.198071
FixedParameters: 0 0 0

#Transform 8
Transform: AffineTransform_float_3_3
Parameters: 0.99998 -0.000990601 -0.00615964 0.0010374 0.999971 0.00753375 0.00615235 -0.00754024 0.999952 0.0704336 -0.12034 0.172315
FixedParameters: 0 0 0

#Transform 9
Transform: AffineTransform_float_3_3
Parameters: 0.999982 -0.000830527 -0.0059782 0.000874471 0.999973 0.0072729 0.00597179 -0.00727809 0.999955 0.0716033 -0.108075 0.178682
FixedParameters: 0 0 0

#Transform 10
Transform: AffineTransform_float_3_3
Parameters: 0.999982 -0.0010728 -0.00600026 0.0011182 0.999971 0.00753343 0.00599274 -0.00754057 0.999953 0.0692238 -0.103791 0.197776
FixedParameters: 0 0 0

#Transform 11
Transform: AffineTransform_float_3_3
Parameters: 0.99998 -0.00107212 -0.00626302 0.00111888 0.999972 0.00732613 0.00625496 -0.00733285 0.999953 0.101523 -0.106891 0.165668
FixedParameters: 0 0 0

#Transform 12
Transform: AffineTransform_float_3_3
Parameters: 0.999992 -0.000484337 -0.00395935 0.000510661 0.999977 0.00673604 0.00395565 -0.00673797 0.99997 0.0305306 -0.0897189 0.117593
FixedParameters: 0 0 0

#Transform 13
Transform: AffineTransform_float_3_3
Parameters: 0.999993 -0.00152172 -0.00347694 0.00154127 0.999982 0.00583568 0.00346706 -0.00584132 0.999977 0.0589383 -0.0133972 0.162433
FixedParameters: 0 0 0

#Transform 14
Transform: AffineTransform_float_3_3
Parameters: 0.999989 -0.00204381 -0.0041984 0.00206319 0.999988 0.00457239 0.0041886 -0.00458061 0.99998 0.0595757 0.0898794 0.195507
FixedParameters: 0 0 0

#Transform 15
Transform: AffineTransform_float_3_3
Parameters: 0.999989 -0.000938339 -0.00471274 0.000947665 0.999998 0.00183656 0.00471127 -0.00184044 0.999987 0.107495 0.321094 0.258781
FixedParameters: 0 0 0

#Transform 16
Transform: AffineTransform_float_3_3
Parameters: 0.999988 0.00119727 -0.00471399 -0.00120973 0.999996 -0.00248533 0.004711 0.00249167 0.999986 0.114177 0.505662 0.121269
FixedParameters: 0 0 0

#Transform 17
Transform: AffineTransform_float_3_3
Parameters: 0.999995 0.0028184 -0.00138505 -0.0028106 0.999982 0.00531492 0.00140095 -0.00531108 0.999985 -0.0369615 0.215975 0.342666
FixedParameters: 0 0 0

#Transform 18
Transform: AffineTransform_float_3_3
Parameters: 0.999997 0.00112529 -0.00183652 -0.00111271 0.999977 0.00668006 0.00184447 -0.00667794 0.999976 -0.0213271 0.0421637 0.14876
FixedParameters: 0 0 0

#Transform 19
Transform: AffineTransform_float_3_3
Parameters: 0.999998 -0.00148473 -0.00140453 0.00148827 0.999995 0.00304592 0.00140047 -0.00304809 0.999995 0.0564658 -0.0995646 0.0932792
FixedParameters: 0 0 0

#Transform 20
Transform: AffineTransform_float_3_3
Parameters: 1 -0.000153658 -0.000278189 0.000154342 0.999999 0.00122896 0.000277811 -0.00122904 0.999999 0.0154448 -0.0448973 -0.0326381
FixedParameters: 0 0 0

#Transform 21
Transform: AffineTransform_float_3_3
Parameters: 0.999997 -0.000515189 0.00229284 0.000509813 0.999998 0.00226318 -0.00229316 -0.00226183 0.999995 -0.0637592 -0.0832948 0.150287
FixedParameters: 0 0 0

#Transform 22
Transform: AffineTransform_float_3_3
Parameters: 0.99999 -0.00311922 0.00297988 0.00309579 0.999965 0.0077653 -0.00300312 -0.00775571 0.999966 -0.0908444 -0.292772 0.144448
FixedParameters: 0 0 0

#Transform 23
Transform: AffineTransform_float_3_3
Parameters: 0.99999 -0.00202046 0.00399973 0.00200754 0.999993 0.00311706 -0.00400627 -0.00310894 0.999987 -0.127461 -0.126038 0.129894
FixedParameters: 0 0 0

#Transform 24
Transform: AffineTransform_float_3_3
Parameters: 0.999996 -0.00132297 0.00220142 0.00132203 0.999999 0.000439912 -0.00220258 -0.000437087 0.999997 -0.0370638 -0.0156838 0.179866
FixedParameters: 0 0 0

#Transform 25
Transform: AffineTransform_float_3_3
Parameters: 0.999999 -0.000326894 0.00130428 0.000328107 0.999999 -0.000848572 -0.00130372 0.000848426 0.999999 -0.00876069 0.0539303 0.275195
FixedParameters: 0 0 0

#Transform 26
Transform: AffineTransform_float_3_3
Parameters: 0.999999 -0.000324298 0.00153878 0.000328701 0.999997 -0.0024055 -0.00153821 0.0024065 0.999996 -0.0120255 0.117163 0.229152
FixedParameters: 0 0 0

#Transform 27
Transform: AffineTransform_float_3_3
Parameters: 1 -0.000485104 -0.000487892 0.000485896 0.999998 0.00183776 0.000487108 -0.00183824 0.999998 0.00572749 -0.0711948 -0.0948511
FixedParameters: 0 0 0

#Transform 28
Transform: AffineTransform_float_3_3
Parameters: 0.999844 -0.0091188 -0.0151351 0.0096732 0.99927 0.0369574 0.0147869 -0.0370976 0.999202 0.341927 -1.35243 -0.250402
FixedParameters: 0 0 0

#Transform 29
Transform: AffineTransform_float_3_3
Parameters: 0.999784 -0.00703071 -0.0195608 0.0076393 0.999483 0.0312503 0.0193312 -0.0313927 0.99932 0.416483 -0.999812 0.396998
FixedParameters: 0 0 0

#Transform 30
Transform: AffineTransform_float_3_3
Parameters: 0.999963 -0.00027797 -0.00867233 0.000343022 0.999972 0.00749731 0.00866968 -0.00750069 0.999935 0.180924 0.0159293 0.198647
FixedParameters: 0 0 0

#Transform 31
Transform: AffineTransform_float_3_3
Parameters: 0.999977 0.00147817 -0.00653491 -0.00149083 0.999997 -0.0019593 0.00653108 0.0019687 0.999976 0.129965 0.332328 -0.00648279
FixedParameters: 0 0 0

#Transform 32
Transform: AffineTransform_float_3_3
Parameters: 0.999993 0.000672161 -0.0035177 -0.000680841 0.999996 -0.00251262 0.0035163 0.00251438 0.99999 0.073021 0.325095 0.117205
FixedParameters: 0 0 0

#Transform 33
Transform: AffineTransform_float_3_3
Parameters: 0.999996 0.00103799 -0.00268867 -0.00105001 0.99999 -0.0044702 0.00268433 0.00447281 0.999987 0.0731414 0.343672 0.00542325
FixedParameters: 0 0 0

#Transform 34
Transform: AffineTransform_float_3_3
Parameters: 0.999997 0.00138204 -0.00206535 -0.00138996 0.999991 -0.00385914 0.00206065 0.00386186 0.999991 0.035843 0.317052 -0.254873
FixedParameters: 0 0 0

#Transform 35
Transform: AffineTransform_float_3_3
Parameters: 0.999997 0.00144883 -0.00198546 -0.00145917 0.999986 -0.00513112 0.00197854 0.00513388 0.999985 0.0548601 0.330848 -0.2694
FixedParameters: 0 0 0

#Transform 36
Transform: AffineTransform_float_3_3
Parameters: 0.999997 0.00141288 -0.00229688 -0.00142412 0.999987 -0.00484775 0.00229012 0.00485025 0.999985 0.0652249 0.317554 -0.192135
FixedParameters: 0 0 0

#Transform 37
Transform: AffineTransform_float_3_3
Parameters: 0.999998 0.00106473 -0.00163243 -0.00107327 0.999986 -0.00507525 0.00162657 0.00507674 0.999986 0.0499572 0.32658 -0.141616
FixedParameters: 0 0 0

#Transform 38
Transform: AffineTransform_float_3_3
Parameters: 0.9999 -0.00414847 -0.0135179 0.00462653 0.99936 0.035488 0.0133621 -0.035547 0.999278 0.182408 -1.08598 -0.0583988
FixedParameters: 0 0 0

#Transform 39
Transform: AffineTransform_float_3_3
Parameters: 0.999923 -0.00331768 -0.0119035 0.00358331 0.999742 0.0224221 0.0118255 -0.0224629 0.999677 0.202153 -0.623645 0.0328239
FixedParameters: 0 0 0

#Transform 40
Transform: AffineTransform_float_3_3
Parameters: 0.999939 -0.00201827 -0.0108125 0.00222872 0.999807 0.0195131 0.0107705 -0.0195359 0.999751 0.20111 -0.488583 -0.00121146
FixedParameters: 0 0 0

#Transform 41
Transform: AffineTransform_float_3_3
Parameters: 0.999941 -0.0020405 -0.0106912 0.00224049 0.999821 0.0187752 0.0106508 -0.0187979 0.999767 0.192421 -0.470651 -0.00297966
FixedParameters: 0 0 0

#Transform 42
Transform: AffineTransform_float_3_3
Parameters: 0.999978 -0.00189293 -0.00643434 0.00194108 0.99997 0.00747368 0.00642067 -0.00748533 0.999952 0.139953 -0.0184804 -0.0380059
FixedParameters: 0 0 0

#Transform 43
Transform: AffineTransform_float_3_3
Parameters: 0.999989 -0.00133203 -0.00453164 0.00134097 0.999997 0.00197695 0.00452935 -0.00198306 0.999988 0.128517 0.159347 -0.118764
FixedParameters: 0 0 0

#Transform 44
Transform: AffineTransform_float_3_3
Parameters: 0.999991 -0.000897312 -0.00416273 0.000918681 0.999986 0.00521022 0.00415727 -0.00521478 0.999978 0.148674 0.0801477 -0.0792777
FixedParameters: 0 0 0

#Transform 45
Transform: AffineTransform_float_3_3
Parameters: 0.999989 -0.00203244 0.00420237 0.00210355 0.999851 -0.0170943 -0.00416664 0.0171027 0.999845 0.00755367 0.717659 -0.288553
FixedParameters: 0 0 0

#Transform 46
Transform: AffineTransform_float_3_3
Parameters: 0.999998 -0.00158513 0.00126375 0.00159587 0.999962 -0.008646 -0.00125025 0.008648 0.999962 0.0590362 0.491132 -0.152051
FixedParameters: 0 0 0

#Transform 47
Transform: AffineTransform_float_3_3
Parameters: 0.999995 -0.00186684 0.00261325 0.00188816 0.999966 -0.00811911 -0.00259775 0.00812389 0.999963 0.0440472 0.370402 0.281475
FixedParameters: 0 0 0

#Transform 48
Transform: AffineTransform_float_3_3
Parameters: 0.999996 -0.00168598 0.00225335 0.00170501 0.999962 -0.00846319 -0.00223865 0.0084678 0.999961 0.0624844 0.432363 0.216115
FixedParameters: 0 0 0

#Transform 49
Transform: AffineTransform_float_3_3
Parameters: 0.999996 -0.00155456 0.00243746 0.00157744 0.999956 -0.0092322 -0.00242254 0.00923581 0.999955 0.0490925 0.470161 0.0524151
FixedParameters: 0 0 0

#Transform 50
Transform: AffineTransform_float_3_3
Parameters: 0.999999 -0.000516956 0.00144012 0.000531042 0.999952 -0.00976825 -0.00143488 0.00976976 0.999951 0.0589147 0.475673 -0.246058
FixedParameters: 0 0 0

#Transform 51
Transform: AffineTransform_float_3_3
Parameters: 0.999998 -0.000607163 0.00177755 0.000625842 0.999944 -0.0106159 -0.00177146 0.0106171 0.999942 0.0605277 0.504898 -0.308736
FixedParameters: 0 0 0

#Transform 52
Transform: AffineTransform_float_3_3
Parameters: 0.999999 -0.000512821 0.00175143 0.000531175 0.999946 -0.0103951 -0.00174557 0.0103959 0.999945 0.0630043 0.464068 -0.32427
FixedParameters: 0 0 0

#Transform 53
Transform: AffineTransform_float_3_3
Parameters: 0.999998 -0.00131284 0.00141064 0.00132116 0.999983 -0.00579715 -0.00140336 0.00579886 0.999982 0.0427827 0.164929 -0.390048
FixedParameters: 0 0 0

#Transform 54
Transform: AffineTransform_float_3_3
Parameters: 0.999927 -0.0119954 -0.000902098 0.0120116 0.999697 0.0214937 0.000643906 -0.0215033 0.999768 -0.0286732 -0.963035 -0.470952
FixedParameters: 0 0 0

#Transform 55
Transform: AffineTransform_float_3_3
Parameters: 0.99999 -0.00377211 -0.00206852 0.00375288 0.999951 -0.00916785 0.00210348 0.00915915 0.999956 0.204523 0.394013 -0.202639
FixedParameters: 0 0 0

#Transform 56
Transform: AffineTransform_float_3_3
Parameters: 0.999995 0.00156125 -0.00275854 -0.00159674 0.999914 -0.0130037 0.00273746 0.0130083 0.999911 0.179487 0.713865 -1.07016
FixedParameters: 0 0 0

#Transform 57
Transform: AffineTransform_float_3_3
Parameters: 0.999988 0.000971463 -0.00467636 -0.00105653 0.999835 -0.0181083 0.00465763 0.0181137 0.999825 0.314714 0.70158 -2.04352
FixedParameters: 0 0 0

#Transform 58
Transform: AffineTransform_float_3_3
Parameters: 0.999989 0.00198466 -0.00429751 -0.00206534 0.999817 -0.0190073 0.0042585 0.0190157 0.99981 0.365791 0.832606 -1.94976
FixedParameters: 0 0 0

#Transform 59
Transform: AffineTransform_float_3_3
Parameters: 0.999998 0.00104585 -0.00209501 -0.00108415 0.999823 -0.0187728 0.00207501 0.0187742 0.999822 0.307965 0.862328 -1.97743
FixedParameters: 0 0 0

#Transform 60
Transform: AffineTransform_float_3_3
Parameters: 1 -0.0002317 -0.000145795 0.000229314 0.999834 -0.018255 0.000149211 0.018255 0.999834 0.266468 0.869906 -1.62442
FixedParameters: 0 0 0

#Transform 61
Transform: AffineTransform_float_3_3
Parameters: 0.999997 -0.00121528 0.00201845 0.00124672 0.999874 -0.0157915 -0.00199856 0.0157935 0.999874 0.216887 0.759509 -1.0049
FixedParameters: 0 0 0

#Transform 62
Transform: AffineTransform_float_3_3
Parameters: 0.999993 -0.00145003 0.00350425 0.00150596 0.999875 -0.0157348 -0.00348073 0.0157402 0.99987 0.185619 0.77221 -0.985959
FixedParameters: 0 0 0

#Transform 63
Transform: AffineTransform_float_3_3
Parameters: 0.999993 -0.00152437 0.00324079 0.00157564 0.999871 -0.01599 -0.00321621 0.015995 0.999867 0.191651 0.770462 -1.10804
FixedParameters: 0 0 0

#Transform 64
Transform: AffineTransform_float_3_3
Parameters: 0.999992 -0.00140463 0.00355918 0.00146137 0.999868 -0.0161679 -0.00353583 0.0161731 0.999863 0.19173 0.748434 -1.18803
FixedParameters: 0 0 0

#Transform 65
Transform: AffineTransform_float_3_3
Parameters: 0.999995 -0.00154478 0.0029943 0.00159123 0.999878 -0.0154943 -0.0029707 0.0154987 0.999876 0.225737 0.763946 -1.16129
FixedParameters: 0 0 0

#Transform 66
Transform: AffineTransform_float_3_3
Parameters: 0.999996 -0.00178367 0.00247531 0.00182533 0.999858 -0.0167966 -0.00244468 0.0168014 0.999856 0.244385 0.750834 -1.19436
FixedParameters: 0 0 0

#Transform 67
Transform: AffineTransform_float_3_3
Parameters: 0.999995 -0.00119097 0.00268542 0.00123602 0.999857 -0.0168287 -0.00266457 0.0168322 0.999855 0.227217 0.792277 -1.18533
FixedParameters: 0 0 0

#Transform 68
Transform: AffineTransform_float_3_3
Parameters: 0.999987 -0.00197591 0.00455585 0.00205009 0.999865 -0.0163158 -0.00452314 0.0163251 0.999856 0.14314 0.867922 -1.14588
FixedParameters: 0 0 0

#Transform 69
Transform: AffineTransform_float_3_3
Parameters: 0.999962 -0.000877827 0.00874642 0.00107819 0.999737 -0.0229085 -0.00872459 0.0229166 0.9997 -0.0747751 1.14301 -1.11777
FixedParameters: 0 0 0

#Transform 70
Transform: AffineTransform_float_3_3
Parameters: 0.999976 -0.00407962 0.00570282 0.0041474 0.999921 -0.0118556 -0.00565419 0.0118784 0.999914 0.0572817 0.875354 -1.55402
FixedParameters: 0 0 0

#Transform 71
Transform: AffineTransform_float_3_3
Parameters: 0.999897 -0.0109976 -0.00923583 0.0114014 0.99893 0.0448233 0.00873315 -0.0449237 0.998952 0.12066 -1.24884 -0.463187
FixedParameters: 0 0 0

#Transform 72
Transform: AffineTransform_float_3_3
Parameters: 0.999587 -0.0272206 -0.0091514 0.0276793 0.998137 0.0543832 0.00765358 -0.0546139 0.998478 0.346768 -1.34966 -0.563009
FixedParameters: 0 0 0

#Transform 73
Transform: AffineTransform_float_3_3
Parameters: 0.999991 -0.00152552 0.00411306 0.00155449 0.999973 -0.00717567 -0.00410195 0.00718133 0.999966 0.0514016 0.808335 -1.28849
FixedParameters: 0 0 0

#Transform 74
Transform: AffineTransform_float_3_3
Parameters: 0.999937 0.00382213 0.0105504 -0.00343089 0.999315 -0.0368445 -0.0106836 0.0368065 0.999266 -0.128931 1.71056 -1.59729
FixedParameters: 0 0 0

#Transform 75
Transform: AffineTransform_float_3_3
Parameters: 0.999562 0.00485079 0.029191 -0.00296922 0.997935 -0.0641658 -0.029442 0.0640512 0.997512 -0.207108 2.34714 -1.7249
FixedParameters: 0 0 0

#Transform 76
Transform: AffineTransform_float_3_3
Parameters: 0.999835 -0.01717 0.00597149 0.017129 0.99983 0.00684441 -0.00608749 -0.00674059 0.999958 0.045118 -0.215998 -1.8506
FixedParameters: 0 0 0

#Transform 77
Transform: AffineTransform_float_3_3
Parameters: 0.999943 -0.00880791 0.00601577 0.00874708 0.999911 0.0100782 -0.00610423 -0.0100248 0.999931 0.0741908 -0.202587 -1.34103
FixedParameters: 0 0 0

#Transform 78
Transform: AffineTransform_float_3_3
Parameters: 0.999975 -0.00639216 0.00279879 0.00638884 0.999979 0.00113691 -0.0028062 -0.00111809 0.999996 -0.0017699 0.246307 -1.06735
FixedParameters: 0 0 0

#Transform 79
Transform: AffineTransform_float_3_3
Parameters: 0.999988 -0.00345598 -0.00360416 0.00380801 0.994701 0.10274 0.00322983 -0.102752 0.994701 -0.0261574 -1.47211 -4.39857
FixedParameters: 0 0 0

#Transform 80
Transform: AffineTransform_float_3_3
Parameters: 0.99968 -0.00407946 -0.0249582 0.00699452 0.993009 0.11783 0.0243028 -0.117967 0.99272 -0.290131 -2.39194 -1.88052
FixedParameters: 0 0 0

#Transform 81
Transform: AffineTransform_float_3_3
Parameters: 0.999882 -0.0147406 -0.00418718 0.0151334 0.992788 0.118923 0.00240388 -0.118972 0.992894 -0.646785 -2.85155 -0.73091
FixedParameters: 0 0 0

#Transform 82
Transform: AffineTransform_float_3_3
Parameters: 0.99972 -0.0216073 0.00963904 0.0206678 0.995842 0.088722 -0.0115159 -0.0884979 0.99601 -0.716967 -2.22315 -0.419757
FixedParameters: 0 0 0

#Transform 83
Transform: AffineTransform_float_3_3
Parameters: 0.99975 -0.020489 0.00895356 0.0196449 0.996109 0.0859134 -0.0106795 -0.0857166 0.996263 -0.644302 -2.16828 -0.65977
FixedParameters: 0 0 0

#Transform 84
Transform: AffineTransform_float_3_3
Parameters: 0.999762 -0.0210571 0.0058032 0.0204589 0.995839 0.0888039 -0.0076488 -0.0886641 0.996032 -0.573212 -2.25342 -0.720279
FixedParameters: 0 0 0

#Transform 85
Transform: AffineTransform_float_3_3
Parameters: 0.99977 -0.0207228 0.00549016 0.0201672 0.996004 0.0869946 -0.00727086 -0.0868642 0.996193 -0.552491 -2.17267 -0.755802
FixedParameters: 0 0 0

#Transform 86
Transform: AffineTransform_float_3_3
Parameters: 0.999769 -0.0204712 0.00656661 0.0198408 0.996199 0.0848189 -0.00827737 -0.0846691 0.996374 -0.583178 -2.09708 -0.788335
FixedParameters: 0 0 0

#Transform 87
Transform: AffineTransform_float_3_3
Parameters: 0.999764 -0.0206758 0.00657268 0.0200543 0.996293 0.0836575 -0.00827732 -0.0835055 0.996473 -0.572063 -2.00099 -0.764765
FixedParameters: 0 0 0

#Transform 88
Transform: AffineTransform_float_3_3
Parameters: 0.999757 -0.0210526 0.00656861 0.0204404 0.996397 0.0823203 -0.00827733 -0.0821658 0.996585 -0.54425 -1.92851 -0.784488
FixedParameters: 0 0 0

#Transform 89
Transform: AffineTransform_float_3_3
Parameters: 0.99974 -0.0217894 0.00682275 0.0211626 0.996454 0.0814366 -0.0085733 -0.0812704 0.996655 -0.567531 -1.93528 -0.842735
FixedParameters: 0 0 0

#Transform 90
Transform: AffineTransform_float_3_3
Parameters: 0.999695 -0.022746 0.0096731 0.021804 0.995853 0.0883239 -0.0116419 -0.0880851 0.996045 -0.682373 -2.04098 -0.897575
FixedParameters: 0 0 0

#Transform 91
Transform: AffineTransform_float_3_3
Parameters: 0.99971 -0.0228835 0.00742108 0.0220805 0.995273 0.0945652 -0.00954997 -0.0943747 0.995491 -0.647339 -2.22734 -0.899301
FixedParameters: 0 0 0

#Transform 92
Transform: AffineTransform_float_3_3
Parameters: 0.999716 -0.0224676 0.00785714 0.0216434 0.995456 0.0927363 -0.0099049 -0.0925407 0.995659 -0.665929 -2.1426 -0.896392
FixedParameters: 0 0 0

#Transform 93
Transform: AffineTransform_float_3_3
Parameters: 0.999728 -0.0220143 0.00760551 0.0212066 0.995388 0.0935557 -0.00963046 -0.0933693 0.995585 -0.641899 -2.15097 -0.945585
FixedParameters: 0 0 0

#Transform 94
Transform: AffineTransform_float_3_3
Parameters: 0.999737 -0.0216262 0.00753395 0.0208228 0.995344 0.0941045 -0.00953411 -0.0939224 0.995534 -0.634975 -2.12451 -0.915268
FixedParameters: 0 0 0

#Transform 95
Transform: AffineTransform_float_3_3
Parameters: 0.999741 -0.0216398 0.00714803 0.0209022 0.995649 0.090808 -0.00908198 -0.090635 0.995843 -0.599934 -2.01159 -0.804775
FixedParameters: 0 0 0

#Transform 96
Transform: AffineTransform_float_3_3
Parameters: 0.99975 -0.0210123 0.00762166 0.0202408 0.99572 0.0901838 -0.00948342 -0.0900073 0.995896 -0.598595 -1.98856 -0.803109
FixedParameters: 0 0 0

#Transform 97
Transform: AffineTransform_float_3_3
Parameters: 0.999764 -0.0204986 0.00726705 0.0197564 0.995695 0.090554 -0.0090919 -0.090389 0.995865 -0.597101 -1.9784 -0.782972
FixedParameters: 0 0 0

#Transform 98
Transform: AffineTransform_float_3_3
Parameters: 0.999638 -0.0268402 0.00145747 0.0265228 0.993699 0.108893 -0.00437062 -0.108815 0.994053 -0.474247 -2.8681 -0.634446
FixedParameters: 0 0 0

#Transform 99
Transform: AffineTransform_float_3_3
Parameters: 0.999788 -0.0205256 -0.0015935 0.0205864 0.996297 0.0834859 -0.000125454 -0.0835011 0.996507 -0.377522 -1.96909 -0.185479
FixedParameters: 0 0 0

#Transform 100
Transform: AffineTransform_float_3_3
Parameters: 0.999886 -0.0148752 0.00235806 0.0147328 0.998546 0.0518556 -0.00312593 -0.0518154 0.998652 -0.296295 -0.850701 -0.3454
FixedParameters: 0 0 0

#Transform 101
Transform: AffineTransform_float_3_3
Parameters: 0.999882 -0.0149024 0.00388274 0.0146826 0.998568 0.0514561 -0.00464424 -0.0513929 0.998667 -0.343861 -0.826423 -0.386644
FixedParameters: 0 0 0

#Transform 102
Transform: AffineTransform_float_3_3
Parameters: 0.999884 -0.0147231 0.00386393 0.0145019 0.998538 0.052076 -0.00462506 -0.0520139 0.998635 -0.38071 -0.922073 -0.45742
FixedParameters: 0 0 0

#Transform 103
Transform: AffineTransform_float_3_3
Parameters: 0.999882 -0.0150261 0.00313685 0.0148359 0.998447 0.0537079 -0.00393913 -0.0536541 0.998552 -0.355379 -1.00725 -0.515106
FixedParameters: 0 0 0

#Transform 104
Transform: AffineTransform_float_3_3
Parameters: 0.999887 -0.0146697 0.00331884 0.0144653 0.998394 0.0547722 -0.00411712 -0.0547178 0.998494 -0.371118 -1.13408 -0.566623
FixedParameters: 0 0 0

#Transform 105
Transform: AffineTransform_float_3_3
Parameters: 0.999875 -0.0155403 0.00282731 0.0153457 0.998116 0.0593947 -0.00374473 -0.0593442 0.99823 -0.371154 -1.22997 -0.56774
FixedParameters: 0 0 0

#Transform 106
Transform: AffineTransform_float_3_3
Parameters: 0.999888 -0.0148574 0.00183867 0.0147207 0.998105 0.0597558 -0.00272231 -0.0597223 0.998212 -0.336684 -1.28155 -0.554697
FixedParameters: 0 0 0

#Transform 107
Transform: AffineTransform_float_3_3
Parameters: 0.999882 -0.0151861 0.00234123 0.0150169 0.998061 0.0604043 -0.00325376 -0.0603617 0.998172 -0.35735 -1.32254 -0.48584
FixedParameters: 0 0 0

#Transform 108
Transform: AffineTransform_float_3_3
Parameters: 0.999883 -0.0151579 0.00231513 0.0149981 0.9982 0.0580575 -0.00319088 -0.0580164 0.99831 -0.350113 -1.20433 -0.476104
FixedParameters: 0 0 0

#Transform 109
Transform: AffineTransform_float_3_3
Parameters: 0.999876 -0.0155202 0.00240214 0.0153577 0.998236 0.057351 -0.00328891 -0.057307 0.998351 -0.352755 -1.17697 -0.482741
FixedParameters: 0 0 0

#Transform 110
Transform: AffineTransform_float_3_3
Parameters: 0.99988 -0.0152548 0.00295361 0.0150793 0.998524 0.0521638 -0.00374435 -0.0521132 0.998634 -0.348727 -1.02 -0.497364
FixedParameters: 0 0 0

#Transform 111
Transform: AffineTransform_float_3_3
Parameters: 0.999878 -0.0153269 0.00304092 0.0151461 0.998516 0.0522994 -0.00383802 -0.0522465 0.998627 -0.35399 -1.02819 -0.570181
FixedParameters: 0 0 0

#Transform 112
Transform: AffineTransform_float_3_3
Parameters: 0.999871 -0.0160044 0.00145464 0.0158976 0.998285 0.0563504 -0.0023544 -0.0563206 0.99841 -0.334028 -1.14402 -0.541933
FixedParameters: 0 0 0

#Transform 113
Transform: AffineTransform_float_3_3
Parameters: 0.999869 -0.0160896 0.00127735 0.0159873 0.99815 0.0586721 -0.00221967 -0.058644 0.998277 -0.348543 -1.22583 -0.523931
FixedParameters: 0 0 0

#Transform 114
Transform: AffineTransform_float_3_3
Parameters: 0.999876 -0.0156977 0.0012148 0.0156003 0.998172 0.0583791 -0.00212921 -0.0583528 0.998293 -0.31683 -1.20159 -0.52885
FixedParameters: 0 0 0

#Transform 115
Transform: AffineTransform_float_3_3
Parameters: 0.999852 -0.0171905 0.000291257 0.0171395 0.997912 0.0622641 -0.00136077 -0.0622498 0.998059 -0.254271 -1.31165 -0.506446
FixedParameters: 0 0 0

#Transform 116
Transform: AffineTransform_float_3_3
Parameters: 0.999831 -0.0181734 -0.00296635 0.0183276 0.997747 0.0645265 0.00178662 -0.0645694 0.997911 -0.0548787 -1.48458 -0.452033
FixedParameters: 0 0 0

#Transform 117
Transform: AffineTransform_float_3_3
Parameters: 0.999842 -0.0177352 0.000338501 0.0176788 0.997872 0.0627689 -0.00145149 -0.0627532 0.998028 -0.249416 -1.36419 -0.522989
FixedParameters: 0 0 0

#Transform 118
Transform: AffineTransform_float_3_3
Parameters: 0.999802 -0.0195727 -0.0036214 0.0197614 0.997845 0.0625669 0.00238957 -0.0626262 0.998034 -0.026509 -1.39464 -0.500947
FixedParameters: 0 0 0

#Transform 119
Transform: AffineTransform_float_3_3
Parameters: 0.999893 -0.0144447 0.00226395 0.0142992 0.998394 0.0548082 -0.00305208 -0.0547708 0.998495 -0.321857 -1.07805 -0.515875
FixedParameters: 0 0 0

#Transform 120
Transform: AffineTransform_float_3_3
Parameters: 0.99987 -0.0161067 -0.00039909 0.0161033 0.998215 0.057515 -0.000528106 -0.0575139 0.998344 -0.198634 -1.19953 -0.483517
FixedParameters: 0 0 0

#Transform 121
Transform: AffineTransform_float_3_3
Parameters: 0.999858 -0.016855 0.00109373 0.016764 0.998197 0.0576235 -0.00206227 -0.0575964 0.998338 -0.237893 -1.29341 -0.496862
FixedParameters: 0 0 0

#Transform 122
Transform: AffineTransform_float_3_3
Parameters: 0.999887 -0.0149008 0.00229843 0.0147532 0.998416 0.0543071 -0.00310453 -0.0542669 0.998521 -0.282777 -1.04561 -0.528569
FixedParameters: 0 0 0

#Transform 123
Transform: AffineTransform_float_3_3
Parameters: 0.999878 -0.0156136 -0.00032396 0.0156064 0.99828 0.0565148 -0.000558926 -0.0565131 0.998401 -0.210367 -1.2771 -0.466537
FixedParameters: 0 0 0

#Transform 124
Transform: AffineTransform_float_3_3
Parameters: 0.999802 -0.019167 -0.00548181 0.019456 0.998086 0.058711 0.00434519 -0.058806 0.99826 0.0369327 -1.38178 -0.392555
FixedParameters: 0 0 0

#Transform 125
Transform: AffineTransform_float_3_3
Parameters: 0.999808 -0.0195227 -0.00200935 0.0196043 0.998276 0.0553142 0.000925643 -0.0553427 0.998467 -0.134296 -1.18209 -0.428447
FixedParameters: 0 0 0

#Transform 126
Transform: AffineTransform_float_3_3
Parameters: 0.999854 -0.016966 -0.00191389 0.017052 0.997934 0.0619434 0.000859121 -0.0619666 0.998078 -0.227708 -1.40128 -0.456417
FixedParameters: 0 0 0

#Transform 127
Transform: AffineTransform_float_3_3
Parameters: 0.999867 -0.0162816 -0.00140733 0.0163364 0.998029 0.0605931 0.00041871 -0.0606079 0.998161 -0.274236 -1.37145 -0.490423
FixedParameters: 0 0 0

#Transform 128
Transform: AffineTransform_float_3_3
Parameters: 0.999854 -0.017108 -0.00087245 0.017129 0.997885 0.0626963 -0.000202447 -0.0627017 0.998033 -0.314444 -1.37557 -0.483516
FixedParameters: 0 0 0

#Transform 129
Transform: AffineTransform_float_3_3
Parameters: 0.999845 -0.0162072 -0.00688921 0.0167348 0.996232 0.0851009 0.00548381 -0.0852031 0.996349 -0.213932 -2.06052 -0.46916
FixedParameters: 0 0 0

#Transform 130
Transform: AffineTransform_float_3_3
Parameters: 0.999754 -0.0179028 -0.0130492 0.0191221 0.994771 0.100318 0.0111849 -0.100543 0.99487 -0.125612 -2.58921 -0.444921
FixedParameters: 0 0 0

#Transform 131
Transform: AffineTransform_float_3_3
Parameters: 0.999837 -0.0161376 -0.00812134 0.0167675 0.996264 0.0847096 0.00672471 -0.0848313 0.996372 -0.162501 -2.07341 -0.468398
FixedParameters: 0 0 0

#Transform 132
Transform: AffineTransform_float_3_3
Parameters: 0.999853 -0.0158953 -0.00635602 0.0163646 0.996486 0.0821431 0.00502792 -0.082235 0.996601 -0.239129 -1.90975 -0.491436
FixedParameters: 0 0 0

#Transform 133
Transform: AffineTransform_float_3_3
Parameters: 0.999863 -0.0150939 -0.00670026 0.015596 0.996462 0.0825868 0.00542973 -0.0826802 0.996562 -0.225026 -1.93206 -0.544173
FixedParameters: 0 0 0

#Transform 134
Transform: AffineTransform_float_3_3
Parameters: 0.999888 -0.0139945 -0.00516922 0.0143665 0.996638 0.0806637 0.00402273 -0.0807293 0.996728 -0.295851 -1.8443 -0.474515
FixedParameters: 0 0 0

#Transform 135
Transform: AffineTransform_float_3_3
Parameters: 0.999874 -0.0154954 -0.00347324 0.0157116 0.99707 0.0748648 0.00230281 -0.0749091 0.997187 -0.316375 -1.61677 -0.533711
FixedParameters: 0 0 0

#Transform 136
Transform: AffineTransform_float_3_3
Parameters: 0.999872 -0.0158684 -0.00205678 0.0159765 0.997224 0.0727274 0.000896172 -0.0727515 0.997349 -0.335396 -1.53759 -0.462867
FixedParameters: 0 0 0

#Transform 137
Transform: AffineTransform_float_3_3
Parameters: 0.999872 -0.0159452 -0.00142695 0.0160048 0.99762 0.0670768 0.00035406 -0.0670913 0.997747 -0.328047 -1.31766 -0.429456
FixedParameters: 0 0 0

#Transform 138
Transform: AffineTransform_float_3_3
Parameters: 0.999861 -0.0165839 0.00126858 0.0164761 0.998038 0.0604143 -0.00226737 -0.0603857 0.998172 -0.362548 -1.13523 -0.289679
FixedParameters: 0 0 0

#Transform 139
Transform: AffineTransform_float_3_3
Parameters: 0.999864 -0.0163815 0.00196343 0.0162376 0.998123 0.059046 -0.00292659 -0.0590051 0.998254 -0.359751 -1.16391 -0.194983
FixedParameters: 0 0 0

#Transform 140
Transform: AffineTransform_float_3_3
Parameters: 0.999868 -0.0161743 0.00187163 0.0160397 0.998196 0.0578537 -0.00280342 -0.0578164 0.998324 -0.370999 -1.15604 -0.440183
FixedParameters: 0 0 0

#Transform 141
Transform: AffineTransform_float_3_3
Parameters: 0.99987 -0.0160387 0.00121309 0.0159403 0.998153 0.0586179 -0.00215092 -0.0585901 0.99828 -0.374626 -1.25701 -0.57559
FixedParameters: 0 0 0

#Transform 142
Transform: AffineTransform_float_3_3
Parameters: 0.999872 -0.0159577 -0.000156015 0.0159353 0.9979 0.0627715 -0.00084598 -0.0627665 0.998028 -0.322747 -1.38455 -0.424068
FixedParameters: 0 0 0

#Transform 143
Transform: AffineTransform_float_3_3
Parameters: 0.999865 -0.0163852 0.00102152 0.0162858 0.997809 0.0641263 -0.00206947 -0.0641007 0.997942 -0.385293 -1.47261 -0.291282
FixedParameters: 0 0 0

#Transform 144
Transform: AffineTransform_float_3_3
Parameters: 0.999829 -0.0184358 0.00140044 0.0182542 0.996326 0.0836799 -0.00293758 -0.0836402 0.996491 -0.419813 -2.17712 -0.117131
FixedParameters: 0 0 0

#Transform 145
Transform: AffineTransform_float_3_3
Parameters: 0.999831 -0.0182962 0.00171033 0.0180978 0.99656 0.0808666 -0.00318366 -0.0808224 0.996724 -0.400397 -2.04643 0.119484
FixedParameters: 0 0 0

#Transform 146
Transform: AffineTransform_float_3_3
Parameters: 0.999859 -0.0167405 -0.000651412 0.0167416 0.996898 0.0769029 -0.000637456 -0.0769032 0.997039 -0.343933 -1.85849 -0.211059
FixedParameters: 0 0 0

#Transform 147
Transform: AffineTransform_float_3_3
Parameters: 0.999825 -0.017616 0.0062924 0.017 0.996038 0.0872802 -0.0078046 -0.0871577 0.996164 -0.525471 -2.19702 -1.584
FixedParameters: 0 0 0

#Transform 148
Transform: AffineTransform_float_3_3
Parameters: 0.999811 -0.0168051 0.00984009 0.015996 0.996887 0.0772121 -0.0111069 -0.07704 0.996966 -0.432013 -1.79213 -1.54038
FixedParameters: 0 0 0

#Transform 149
Transform: AffineTransform_float_3_3
Parameters: 0.999791 -0.0202344 0.00299576 0.0198777 0.995653 0.0909965 -0.00482321 -0.0909184 0.995846 -0.300351 -2.29455 -1.7813
FixedParameters: 0 0 0

#Transform 150
Transform: AffineTransform_float_3_3
Parameters: 0.99979 -0.0204794 0.000411793 0.0203587 0.995685 0.0905293 -0.00226328 -0.0905026 0.995893 -0.233794 -2.2819 -1.60931
FixedParameters: 0 0 0

#Transform 151
Transform: AffineTransform_float_3_3
Parameters: 0.999796 -0.0201398 0.00141859 0.0199402 0.996035 0.086696 -0.00315935 -0.08665 0.996234 -0.25979 -2.07096 -1.85437
FixedParameters: 0 0 0

#Transform 152
Transform: AffineTransform_float_3_3
Parameters: 0.999821 -0.018818 0.00225004 0.018567 0.996389 0.0828506 -0.00380095 -0.0827933 0.996559 -0.267715 -1.93094 -1.94782
FixedParameters: 0 0 0

#Transform 153
Transform: AffineTransform_float_3_3
Parameters: 0.999821 -0.0187204 0.00246352 0.0184616 0.996576 0.0806029 -0.00396453 -0.0805432 0.996743 -0.270341 -1.80612 -1.96059
FixedParameters: 0 0 0

#Transform 154
Transform: AffineTransform_float_3_3
Parameters: 0.999786 -0.0202613 0.00419392 0.0198847 0.996921 0.0758586 -0.00571806 -0.0757594 0.997109 -0.308318 -1.54906 -2.18682
FixedParameters: 0 0 0

#Transform 155
Transform: AffineTransform_float_3_3
Parameters: 0.999761 -0.0209904 0.0062012 0.0205216 0.997487 0.0678115 -0.00760977 -0.0676675 0.997679 -0.305692 -1.26599 -2.42529
FixedParameters: 0 0 0

#Transform 156
Transform: AffineTransform_float_3_3
Parameters: 0.999752 -0.0212642 0.00658112 0.0207949 0.997694 0.0646189 -0.00793986 -0.0644652 0.997889 -0.32745 -1.12158 -2.39059
FixedParameters: 0 0 0

#Transform 157
Transform: AffineTransform_float_3_3
Parameters: 0.999669 -0.0256577 0.00152098 0.0254492 0.996359 0.0813616 -0.00360305 -0.0812964 0.996684 -0.136654 -1.80303 -2.44294
FixedParameters: 0 0 0

#Transform 158
Transform: AffineTransform_float_3_3
Parameters: 0.999659 -0.024428 -0.00917714 0.025131 0.995936 0.0864929 0.00702685 -0.0866942 0.99621 0.24162 -2.08399 -2.37494
FixedParameters: 0 0 0

#Transform 159
Transform: AffineTransform_float_3_3
Parameters: 0.999912 -0.0115697 0.00658359 0.0114283 0.999713 0.0210291 -0.0068244 -0.0209519 0.999757 -0.0760119 0.254438 -2.43617
FixedParameters: 0 0 0
