# transform file /out/sourcedata/freesurfer/sub-v2s1x29879_ses-1/mri/transforms/cc_up.lta
# created by oesteban on Wed Mar 11 21:57:38 2026

type      = 0 # LINEAR_VOX_TO_VOX
nxforms   = 1
mean      = 129.0000 132.0000 120.0000
sigma     = 10000.0000
1 4 4
9.974520206451416e-01 -9.695378132164478e-03 7.067954540252686e-02 -8.730688095092773e+00 
9.671128354966640e-03 9.999530315399170e-01 6.852970691397786e-04 9.659086227416992e+00 
-7.068286836147308e-02 5.820766785236131e-11 9.974988698959351e-01 2.154958534240723e+01 
0.000000000000000e+00 0.000000000000000e+00 0.000000000000000e+00 1.000000000000000e+00 
src volume info
valid = 1  # volume info valid
filename = /out/sourcedata/freesurfer/sub-v2s1x29879_ses-1/mri/norm.mgz
volume = 256 256 256
voxelsize = 8.999999761581421e-01 8.999999761581421e-01 8.999999761581421e-01
xras   = -9.999999403953552e-01 0.000000000000000e+00 0.000000000000000e+00
yras   = 0.000000000000000e+00 0.000000000000000e+00 -1.000000000000000e+00
zras   = 0.000000000000000e+00 1.000000000000000e+00 0.000000000000000e+00
cras   = 2.408508300781250e+00 3.007698059082031e+01 2.059790039062500e+01
dst volume info
valid = 1  # volume info valid
filename = /out/sourcedata/freesurfer/sub-v2s1x29879_ses-1/mri/norm.mgz
volume = 256 256 256
voxelsize = 8.999999761581421e-01 8.999999761581421e-01 8.999999761581421e-01
xras   = -9.999999403953552e-01 0.000000000000000e+00 0.000000000000000e+00
yras   = 0.000000000000000e+00 0.000000000000000e+00 -1.000000000000000e+00
zras   = 0.000000000000000e+00 1.000000000000000e+00 0.000000000000000e+00
cras   = 2.408508300781250e+00 3.007698059082031e+01 2.059790039062500e+01
