# transform file /out/sourcedata/freesurfer/sub-v2s1x29865_ses-1/mri/transforms/cc_up.lta
# created by oesteban on Wed Mar 11 16:38:33 2026

type      = 0 # LINEAR_VOX_TO_VOX
nxforms   = 1
mean      = 128.0000 133.0000 116.0000
sigma     = 10000.0000
1 4 4
9.992451071739197e-01 -2.696611918509007e-02 2.796466834843159e-02 6.021579504013062e-01 
2.695556543767452e-02 9.996363520622253e-01 7.543729152530432e-04 5.493062019348145e+00 
-2.797484025359154e-02 0.000000000000000e+00 9.996086359024048e-01 2.264179039001465e+01 
0.000000000000000e+00 0.000000000000000e+00 0.000000000000000e+00 1.000000000000000e+00 
src volume info
valid = 1  # volume info valid
filename = /out/sourcedata/freesurfer/sub-v2s1x29865_ses-1/mri/norm.mgz
volume = 256 256 256
voxelsize = 8.999999761581421e-01 8.999999761581421e-01 8.999999761581421e-01
xras   = -9.999999403953552e-01 0.000000000000000e+00 0.000000000000000e+00
yras   = 0.000000000000000e+00 0.000000000000000e+00 -1.000000000000000e+00
zras   = 0.000000000000000e+00 1.000000000000000e+00 0.000000000000000e+00
cras   = 6.393112182617188e+00 3.273397064208984e+01 6.708486938476562e+01
dst volume info
valid = 1  # volume info valid
filename = /out/sourcedata/freesurfer/sub-v2s1x29865_ses-1/mri/norm.mgz
volume = 256 256 256
voxelsize = 8.999999761581421e-01 8.999999761581421e-01 8.999999761581421e-01
xras   = -9.999999403953552e-01 0.000000000000000e+00 0.000000000000000e+00
yras   = 0.000000000000000e+00 0.000000000000000e+00 -1.000000000000000e+00
zras   = 0.000000000000000e+00 1.000000000000000e+00 0.000000000000000e+00
cras   = 6.393112182617188e+00 3.273397064208984e+01 6.708486938476562e+01
