#Insight Transform File V1.0
#Transform 0
Transform: AffineTransform_float_3_3
Parameters: 0.99965 0.0050393 -0.0259695 -0.00349568 0.998241 0.0591715 0.0262226 -0.0590605 0.99791 0.112394 -0.586509 -0.63568
FixedParameters: 0 0 0

#Transform 1
Transform: AffineTransform_float_3_3
Parameters: 0.999605 0.00580057 -0.0275248 -0.00418641 0.998289 0.0583223 0.0278162 -0.0581837 0.997919 0.0777092 -0.431667 -0.803364
FixedParameters: 0 0 0

#Transform 2
Transform: AffineTransform_float_3_3
Parameters: 0.999612 0.00590649 -0.0272468 -0.00430055 0.998269 0.0586469 0.0275453 -0.058507 0.997907 0.0788793 -0.455343 -0.88095
FixedParameters: 0 0 0

#Transform 3
Transform: AffineTransform_float_3_3
Parameters: 0.999612 0.0066805 -0.0270683 -0.00506752 0.998233 0.0592082 0.0274157 -0.0590478 0.997878 0.0911672 -0.429612 -0.914068
FixedParameters: 0 0 0

#Transform 4
Transform: AffineTransform_float_3_3
Parameters: 0.999613 0.00711559 -0.0269112 -0.00554141 0.998293 0.0581396 0.0272788 -0.0579673 0.997945 0.0939236 -0.437276 -0.941775
FixedParameters: 0 0 0

#Transform 5
Transform: AffineTransform_float_3_3
Parameters: 0.999588 0.0073643 -0.0277154 -0.00561974 0.99803 0.0624955 0.0281206 -0.0623146 0.997661 0.119606 -0.613162 -1.01063
FixedParameters: 0 0 0

#Transform 6
Transform: AffineTransform_float_3_3
Parameters: 0.99961 0.0102933 -0.0259313 -0.00842475 0.99743 0.0711532 0.0265967 -0.0709068 0.997129 0.0855396 -0.935393 -1.48996
FixedParameters: 0 0 0

#Transform 7
Transform: AffineTransform_float_3_3
Parameters: 0.999732 0.00926735 -0.0212044 -0.00830066 0.998942 0.0452161 0.0216006 -0.0450279 0.998752 0.0417517 -0.514373 -1.09757
FixedParameters: 0 0 0

#Transform 8
Transform: AffineTransform_float_3_3
Parameters: 0.999918 0.00233629 -0.0126466 -0.00202573 0.999698 0.0244926 0.0126994 -0.0244654 0.99962 0.0492385 -0.0200264 -0.547899
FixedParameters: 0 0 0

#Transform 9
Transform: AffineTransform_float_3_3
Parameters: 0.999948 0.00238804 -0.00989095 -0.00222896 0.999868 0.0160589 0.00992805 -0.0160361 0.999822 0.0349972 0.0314075 -0.193345
FixedParameters: 0 0 0

#Transform 10
Transform: AffineTransform_float_3_3
Parameters: 0.999965 0.0020479 -0.00811985 -0.00195811 0.999937 0.0110633 0.00814214 -0.0110477 0.999906 0.0332947 0.0165089 -0.169118
FixedParameters: 0 0 0

#Transform 11
Transform: AffineTransform_float_3_3
Parameters: 0.999978 0.00197803 -0.00624745 -0.00192497 0.999962 0.00848321 0.00626354 -0.00847079 0.999944 0.0539341 0.0534556 -0.0547443
FixedParameters: 0 0 0

#Transform 12
Transform: AffineTransform_float_3_3
Parameters: 0.999996 0.00161973 -0.00235325 -0.00160427 0.999977 0.00667081 0.00236375 -0.0066672 0.999975 0.00717401 0.0133961 0.0206028
FixedParameters: 0 0 0

#Transform 13
Transform: AffineTransform_float_3_3
Parameters: 1 0.000538322 -0.00102021 -0.00053268 0.999987 0.00520955 0.00102279 -0.00520845 0.999986 0.00837685 0.00222496 -0.120189
FixedParameters: 0 0 0

#Transform 14
Transform: AffineTransform_float_3_3
Parameters: 1 0.000622202 -0.00102045 -0.000617801 0.999992 0.00411263 0.00102255 -0.00411237 0.999991 0.00814246 0.00119353 -0.0686927
FixedParameters: 0 0 0

#Transform 15
Transform: AffineTransform_float_3_3
Parameters: 0.999999 0.000278638 -0.000783066 -0.000276359 0.999995 0.00336722 0.000784935 -0.00336678 0.999994 0.00334546 -0.00175577 -0.0820086
FixedParameters: 0 0 0

#Transform 16
Transform: AffineTransform_float_3_3
Parameters: 1 0.000554749 -0.000383919 -0.00055325 0.999998 0.00194921 0.000385079 -0.00194879 0.999998 -0.00197311 0.0012313 -0.0350262
FixedParameters: 0 0 0

#Transform 17
Transform: AffineTransform_float_3_3
Parameters: 0.999999 0.00027772 -0.000909476 -0.000276281 0.999998 0.00189025 0.000909523 -0.00189075 0.999998 0.0156655 0.00638627 -0.00854495
FixedParameters: 0 0 0

#Transform 18
Transform: AffineTransform_float_3_3
Parameters: 1 0.000276288 -0.000301737 -0.000276712 1 0.000954085 0.000302264 -0.000953918 1 0.00951208 -0.0256611 -0.00116223
FixedParameters: 0 0 0

#Transform 19
Transform: AffineTransform_float_3_3
Parameters: 1 0.000185132 -8.37076e-05 -0.000184867 0.999998 0.00158001 8.42922e-05 -0.00157998 0.999998 0.00243376 -0.0432126 -0.0150843
FixedParameters: 0 0 0

#Transform 20
Transform: AffineTransform_float_3_3
Parameters: 1 -3.86147e-06 -0.000281002 4.13853e-06 1 0.000492999 0.000280998 -0.000493001 1 0.004157 0.0126642 0.0119787
FixedParameters: 0 0 0

#Transform 21
Transform: AffineTransform_float_3_3
Parameters: 1 -0.000205714 -0.000463127 0.000206287 1 0.000617904 0.000463872 -0.000618095 0.999999 0.0191963 -0.0189859 0.00991653
FixedParameters: 0 0 0

#Transform 22
Transform: AffineTransform_float_3_3
Parameters: 1 -0.000205956 -0.000382023 0.000206044 1 0.000113921 0.000381976 -0.000114079 1 0.00840662 -0.006424 0.0184556
FixedParameters: 0 0 0

#Transform 23
Transform: AffineTransform_float_3_3
Parameters: 1 -0.000205994 2.55784e-06 0.000206005 0.999997 -0.002708 -1.44214e-06 0.002708 0.999997 0.00376145 0.0248571 -0.0294215
FixedParameters: 0 0 0

#Transform 24
Transform: AffineTransform_float_3_3
Parameters: 1 -0.000205837 7.04767e-05 0.000206164 0.999998 -0.00231499 -7.05229e-05 0.00231502 0.999998 0.0109747 0.00993138 0.0164995
FixedParameters: 0 0 0

#Transform 25
Transform: AffineTransform_float_3_3
Parameters: 1 -0.000329457 0.000561907 0.000330543 0.999996 -0.00274782 -0.000561094 0.00274819 0.999996 0.0136247 -0.0147035 -0.0235422
FixedParameters: 0 0 0

#Transform 26
Transform: AffineTransform_float_3_3
Parameters: 1 -0.000393259 0.000231264 0.00039374 0.999995 -0.00321091 -0.000229737 0.00321109 0.999995 0.020815 0.000535246 -0.0505999
FixedParameters: 0 0 0

#Transform 27
Transform: AffineTransform_float_3_3
Parameters: 1 -0.000529299 -8.82247e-05 0.000529698 0.999994 -0.00335505 9.07777e-05 0.00335495 0.999995 0.0336803 0.0153877 -0.0258693
FixedParameters: 0 0 0

#Transform 28
Transform: AffineTransform_float_3_3
Parameters: 1 -0.000203298 0.000623887 0.000205702 0.99999 -0.00433387 -0.000623114 0.00433413 0.999991 0.0141661 0.00674147 -0.0568028
FixedParameters: 0 0 0

#Transform 29
Transform: AffineTransform_float_3_3
Parameters: 0.999999 -0.000482712 0.000591873 0.000485288 0.999993 -0.00387072 -0.000590126 0.00387129 0.999993 0.0289115 0.0225911 -0.0258414
FixedParameters: 0 0 0

#Transform 30
Transform: AffineTransform_float_3_3
Parameters: 0.999999 -0.000203124 0.000705834 0.000205877 0.999991 -0.00407686 -0.000705167 0.00407714 0.999992 0.0309664 -0.0098305 -0.0339044
FixedParameters: 0 0 0

#Transform 31
Transform: AffineTransform_float_3_3
Parameters: 0.999999 0.000359146 -0.00074487 -0.000362854 0.999986 -0.00517973 0.00074313 0.00518027 0.999987 0.0489235 0.0344618 -0.147713
FixedParameters: 0 0 0

#Transform 32
Transform: AffineTransform_float_3_3
Parameters: 0.999999 -0.000933709 0.00152103 0.000937292 0.999997 -0.00216458 -0.00151897 0.00216642 0.999996 0.0539156 0.00163084 -0.216078
FixedParameters: 0 0 0

#Transform 33
Transform: AffineTransform_float_3_3
Parameters: 0.999998 -0.00114751 0.0012181 0.00115549 0.999981 -0.0061646 -0.0012109 0.0061654 0.999981 0.0547294 0.0272333 -0.165007
FixedParameters: 0 0 0

#Transform 34
Transform: AffineTransform_float_3_3
Parameters: 0.999998 -0.00114644 0.00152547 0.00115556 0.999983 -0.00562324 -0.00151853 0.00562475 0.999983 0.0312778 0.0181785 -0.137682
FixedParameters: 0 0 0

#Transform 35
Transform: AffineTransform_float_3_3
Parameters: 0.999996 -0.00114045 0.00231223 0.00115555 0.99998 -0.00630136 -0.00230476 0.00630466 0.999978 0.0117665 -0.00295067 -0.0802838
FixedParameters: 0 0 0

#Transform 36
Transform: AffineTransform_float_3_3
Parameters: 0.999982 -0.000790756 0.00602921 0.000851236 0.999949 -0.00999505 -0.00602079 0.0100009 0.999932 -0.028762 0.13055 -0.250121
FixedParameters: 0 0 0

#Transform 37
Transform: AffineTransform_float_3_3
Parameters: 0.999976 -0.00159554 0.00664332 0.00166946 0.999935 -0.0112172 -0.00662568 0.0112278 0.999915 0.0256968 0.0843591 -0.238568
FixedParameters: 0 0 0

#Transform 38
Transform: AffineTransform_float_3_3
Parameters: 0.999987 -0.00153413 0.0049936 0.00158387 0.999949 -0.00999922 -0.00497741 0.0100068 0.999937 0.0299004 0.0425017 -0.169669
FixedParameters: 0 0 0

#Transform 39
Transform: AffineTransform_float_3_3
Parameters: 0.999981 -0.00170834 0.00601198 0.00176666 0.999951 -0.00976457 -0.00599503 0.00977543 0.999935 0.00134673 0.0763117 -0.173341
FixedParameters: 0 0 0

#Transform 40
Transform: AffineTransform_float_3_3
Parameters: 0.999984 -0.00153663 0.00544851 0.00159438 0.999943 -0.0105415 -0.00543249 0.0105495 0.999929 0.018457 0.0585066 -0.160231
FixedParameters: 0 0 0

#Transform 41
Transform: AffineTransform_float_3_3
Parameters: 0.999983 -0.00199938 0.00550863 0.00205861 0.999941 -0.0106558 -0.00548636 0.0106672 0.999928 0.0198671 0.0715373 -0.176965
FixedParameters: 0 0 0

#Transform 42
Transform: AffineTransform_float_3_3
Parameters: 0.999983 -0.00197433 0.00559044 0.00203368 0.999941 -0.0106888 -0.00556957 0.0107002 0.999927 0.0302092 0.0954402 -0.159955
FixedParameters: 0 0 0

#Transform 43
Transform: AffineTransform_float_3_3
Parameters: 0.999982 -0.00224824 0.00554519 0.00230776 0.999941 -0.0106134 -0.00552081 0.0106256 0.999929 0.0264052 0.066185 -0.194454
FixedParameters: 0 0 0

#Transform 44
Transform: AffineTransform_float_3_3
Parameters: 0.999984 -0.00191867 0.00529513 0.00197635 0.999939 -0.0108447 -0.00527487 0.0108543 0.999927 0.0382716 0.0951379 -0.194688
FixedParameters: 0 0 0

#Transform 45
Transform: AffineTransform_float_3_3
Parameters: 0.999983 -0.00207102 0.00554378 0.00213098 0.999939 -0.0108354 -0.00552122 0.0108466 0.999926 0.0296522 0.0505117 -0.187682
FixedParameters: 0 0 0

#Transform 46
Transform: AffineTransform_float_3_3
Parameters: 0.999984 -0.00192707 0.00543625 0.00198593 0.999939 -0.0108554 -0.00541475 0.0108666 0.999927 0.0348351 0.0881367 -0.163676
FixedParameters: 0 0 0

#Transform 47
Transform: AffineTransform_float_3_3
Parameters: 0.999982 -0.00199931 0.00554438 0.00206369 0.999931 -0.0115058 -0.00552061 0.0115172 0.999919 0.0309712 0.0626288 -0.141826
FixedParameters: 0 0 0

#Transform 48
Transform: AffineTransform_float_3_3
Parameters: 0.999982 -0.00228396 0.00554737 0.00234604 0.999933 -0.0113842 -0.00552063 0.0113968 0.99992 0.0259747 0.105345 -0.143493
FixedParameters: 0 0 0

#Transform 49
Transform: AffineTransform_float_3_3
Parameters: 0.999976 -0.0012724 0.00684666 0.00136959 0.9999 -0.014123 -0.00682733 0.014132 0.999877 0.0300546 0.12815 -0.141608
FixedParameters: 0 0 0

#Transform 50
Transform: AffineTransform_float_3_3
Parameters: 0.999978 -0.00126302 0.00653139 0.00136899 0.999867 -0.0162474 -0.00651061 0.0162556 0.999846 0.0442428 0.171633 -0.106713
FixedParameters: 0 0 0

#Transform 51
Transform: AffineTransform_float_3_3
Parameters: 0.999978 -0.00154633 0.00653515 0.00164867 0.999875 -0.0157346 -0.00650986 0.0157444 0.999855 0.0384207 0.185995 -0.108006
FixedParameters: 0 0 0

#Transform 52
Transform: AffineTransform_float_3_3
Parameters: 0.999993 -0.00107121 0.00363083 0.00110379 0.999958 -0.00904105 -0.00362116 0.00904494 0.999952 0.0503015 0.0789342 -0.147965
FixedParameters: 0 0 0

#Transform 53
Transform: AffineTransform_float_3_3
Parameters: 0.999999 -5.53087e-05 -0.000779908 5.4691e-05 0.999998 -0.00167804 0.000780093 0.00167796 0.999999 -0.0174545 0.0213431 -0.196768
FixedParameters: 0 0 0

#Transform 54
Transform: AffineTransform_float_3_3
Parameters: 0.999992 0.00108428 -0.00402482 -0.00103772 0.999933 0.0114823 0.00403718 -0.0114777 0.999926 0.057057 -0.248374 0.147559
FixedParameters: 0 0 0

#Transform 55
Transform: AffineTransform_float_3_3
Parameters: 0.999988 0.00279833 -0.00396811 -0.00269767 0.999682 0.025068 0.00403688 -0.025057 0.999678 0.0196703 -0.59073 -0.167637
FixedParameters: 0 0 0

#Transform 56
Transform: AffineTransform_float_3_3
Parameters: 0.999987 -0.000167312 -0.00506799 0.000132689 0.999977 -0.00676976 0.00506902 0.00676924 0.999964 0.0689949 0.0184299 -0.116675
FixedParameters: 0 0 0

#Transform 57
Transform: AffineTransform_float_3_3
Parameters: 0.999999 -0.00181629 -0.000225881 0.00181471 0.999983 -0.00557342 0.000236119 0.00557358 0.999985 0.0284141 0.106476 -0.153485
FixedParameters: 0 0 0

#Transform 58
Transform: AffineTransform_float_3_3
Parameters: 0.999995 -0.00298172 0.00105949 0.00299028 0.999956 -0.00886688 -0.00103352 0.00886913 0.99996 0.0486811 0.191405 -0.163529
FixedParameters: 0 0 0

#Transform 59
Transform: AffineTransform_float_3_3
Parameters: 0.999992 -0.00141099 0.00367859 0.00145601 0.999923 -0.0122637 -0.00366042 0.0122683 0.999918 0.0129105 0.2099 -0.16676
FixedParameters: 0 0 0

#Transform 60
Transform: AffineTransform_float_3_3
Parameters: 0.999988 -0.00123425 0.00489412 0.00130475 0.999898 -0.0142748 -0.00487587 0.0142812 0.999886 0.00637905 0.210437 -0.19634
FixedParameters: 0 0 0

#Transform 61
Transform: AffineTransform_float_3_3
Parameters: 0.999988 -0.00130122 0.00469051 0.00137277 0.999882 -0.0153328 -0.0046695 0.0153393 0.999872 0.0325429 0.208411 -0.198378
FixedParameters: 0 0 0

#Transform 62
Transform: AffineTransform_float_3_3
Parameters: 0.999988 -0.00129204 0.00486553 0.00136695 0.99988 -0.0154335 -0.00484448 0.0154405 0.999869 0.0285232 0.143742 -0.195057
FixedParameters: 0 0 0

#Transform 63
Transform: AffineTransform_float_3_3
Parameters: 0.999985 -0.000829491 0.0053874 0.000923499 0.999846 -0.0175633 -0.00537161 0.0175687 0.999831 0.0238411 0.15397 -0.0906483
FixedParameters: 0 0 0

#Transform 64
Transform: AffineTransform_float_3_3
Parameters: 0.999971 -0.00100209 0.00756295 0.00113591 0.999843 -0.0177229 -0.00754405 0.0177311 0.999815 0.055568 0.151917 -0.000563729
FixedParameters: 0 0 0

#Transform 65
Transform: AffineTransform_float_3_3
Parameters: 0.999978 -0.00129758 0.00639728 0.00141244 0.999838 -0.0179143 -0.00637371 0.0179226 0.999819 0.0582172 0.176276 0.0973515
FixedParameters: 0 0 0

#Transform 66
Transform: AffineTransform_float_3_3
Parameters: 0.99998 -0.00130512 0.00607296 0.00141188 0.999843 -0.0176278 -0.00604905 0.0176362 0.999826 0.049663 0.145748 0.0499836
FixedParameters: 0 0 0

#Transform 67
Transform: AffineTransform_float_3_3
Parameters: 1 0.000161934 0.000449218 -0.000154069 0.999845 -0.0176071 -0.000451783 0.0176069 0.999845 0.206183 0.297788 -0.612951
FixedParameters: 0 0 0

#Transform 68
Transform: AffineTransform_float_3_3
Parameters: 0.999993 0.00010568 -0.00379016 -0.000166319 0.999874 -0.0159185 0.00378783 0.0159185 0.999866 0.178959 0.260519 -0.895885
FixedParameters: 0 0 0

#Transform 69
Transform: AffineTransform_float_3_3
Parameters: 0.999999 0.00048768 -0.00146304 -0.00051332 0.999837 -0.0180443 0.00145397 0.0180447 0.999836 0.185573 0.278543 -0.972734
FixedParameters: 0 0 0

#Transform 70
Transform: AffineTransform_float_3_3
Parameters: 0.999999 0.000802965 0.00100508 -0.000780038 0.999744 -0.0226438 -0.00102293 0.0226432 0.999743 0.220172 0.244563 -1.0816
FixedParameters: 0 0 0

#Transform 71
Transform: AffineTransform_float_3_3
Parameters: 0.999999 -0.000148224 -0.000878266 0.000130781 0.999809 -0.0195791 0.000880729 0.0195789 0.999808 0.227312 0.182277 -1.11276
FixedParameters: 0 0 0

#Transform 72
Transform: AffineTransform_float_3_3
Parameters: 0.999998 -0.000807896 -0.00139881 0.000780119 0.999817 -0.0191231 0.00141318 0.0191219 0.999816 0.276762 0.239183 -1.14827
FixedParameters: 0 0 0

#Transform 73
Transform: AffineTransform_float_3_3
Parameters: 0.999994 0.000797402 -0.00355256 -0.000875608 0.999753 -0.022178 0.00353445 0.022181 0.999747 0.33404 0.20889 -1.29693
FixedParameters: 0 0 0

#Transform 74
Transform: AffineTransform_float_3_3
Parameters: 0.999996 -6.23458e-05 -0.00290033 -3.3385e-06 0.999747 -0.0225251 0.00290066 0.0225249 0.999742 0.298928 0.208715 -1.34313
FixedParameters: 0 0 0

#Transform 75
Transform: AffineTransform_float_3_3
Parameters: 0.999993 -0.00373447 -0.00110738 0.00370753 0.999729 -0.0230073 0.00119361 0.0230027 0.999734 0.317568 0.163552 -1.39073
FixedParameters: 0 0 0

#Transform 76
Transform: AffineTransform_float_3_3
Parameters: 0.999995 -0.00312311 -7.48393e-05 0.00312089 0.999797 -0.0199083 0.000137157 0.0199077 0.999802 0.32895 0.11144 -1.34177
FixedParameters: 0 0 0

#Transform 77
Transform: AffineTransform_float_3_3
Parameters: 0.999994 -0.0033114 -0.00114759 0.00328859 0.999798 -0.0198229 0.00121342 0.0198191 0.999803 0.369392 0.13874 -1.04513
FixedParameters: 0 0 0

#Transform 78
Transform: AffineTransform_float_3_3
Parameters: 0.999995 -0.00311284 -0.00127728 0.00308214 0.999719 -0.0234761 0.00135072 0.0234719 0.999723 0.377223 0.164915 -1.06505
FixedParameters: 0 0 0

#Transform 79
Transform: AffineTransform_float_3_3
Parameters: 0.999995 -0.00279915 -0.00140848 0.00276284 0.999666 -0.02572 0.00148054 0.025716 0.999668 0.34306 0.246867 -1.11526
FixedParameters: 0 0 0

#Transform 80
Transform: AffineTransform_float_3_3
Parameters: 0.999993 -0.00319127 -0.00184008 0.00314173 0.999652 -0.026184 0.00192291 0.0261781 0.999656 0.345058 0.209026 -1.10622
FixedParameters: 0 0 0

#Transform 81
Transform: AffineTransform_float_3_3
Parameters: 0.99999 -0.00388099 -0.00216171 0.003824 0.99966 -0.0257735 0.0022613 0.0257655 0.999666 0.381061 0.218181 -1.03234
FixedParameters: 0 0 0

#Transform 82
Transform: AffineTransform_float_3_3
Parameters: 0.999993 -0.00311339 -0.00172197 0.00306561 0.999634 -0.0268715 0.00180502 0.0268656 0.999638 0.343116 0.18919 -1.0412
FixedParameters: 0 0 0

#Transform 83
Transform: AffineTransform_float_3_3
Parameters: 0.999994 -0.00327824 -0.00107286 0.00324678 0.999604 -0.0279306 0.00116313 0.0279264 0.99961 0.349552 0.208612 -1.00419
FixedParameters: 0 0 0

#Transform 84
Transform: AffineTransform_float_3_3
Parameters: 0.999994 -0.00325941 -0.000408953 0.00324659 0.99962 -0.0273675 0.000498037 0.0273665 0.999626 0.332158 0.198966 -1.00735
FixedParameters: 0 0 0

#Transform 85
Transform: AffineTransform_float_3_3
Parameters: 0.999993 -0.00378275 -0.000230191 0.00377525 0.999615 -0.027466 0.000333815 0.0274649 0.999622 0.329061 0.174184 -1.10589
FixedParameters: 0 0 0

#Transform 86
Transform: AffineTransform_float_3_3
Parameters: 0.999991 -0.00419761 -0.000111432 0.00419238 0.999619 -0.0273037 0.000226552 0.0273033 0.999627 0.321354 0.21814 -1.11124
FixedParameters: 0 0 0

#Transform 87
Transform: AffineTransform_float_3_3
Parameters: 0.999992 -0.00398255 0.000322341 0.00398944 0.999602 -0.0279249 -0.000210678 0.0279251 0.99961 0.29704 0.18803 -1.09883
FixedParameters: 0 0 0

#Transform 88
Transform: AffineTransform_float_3_3
Parameters: 0.999992 -0.00411864 -0.000222246 0.00411137 0.999616 -0.0273971 0.000334763 0.0273958 0.999624 0.297185 0.241298 -1.02142
FixedParameters: 0 0 0

#Transform 89
Transform: AffineTransform_float_3_3
Parameters: 0.999991 -0.00402496 -0.000753252 0.00400202 0.999591 -0.0283373 0.000867751 0.0283348 0.999598 0.308446 0.201345 -1.03272
FixedParameters: 0 0 0

#Transform 90
Transform: AffineTransform_float_3_3
Parameters: 0.99999 -0.00429845 -0.000346101 0.00428755 0.999595 -0.0281588 0.000466915 0.0281573 0.999604 0.299546 0.224665 -0.987891
FixedParameters: 0 0 0

#Transform 91
Transform: AffineTransform_float_3_3
Parameters: 0.99999 -0.00433277 -1.83699e-06 0.00433022 0.999593 -0.0281953 0.00012414 0.0281947 0.999603 0.297654 0.236473 -1.00136
FixedParameters: 0 0 0

#Transform 92
Transform: AffineTransform_float_3_3
Parameters: 0.99999 -0.00430501 6.05292e-05 0.00430498 0.999593 -0.028224 6.15288e-05 0.028224 0.999601 0.300132 0.240688 -0.970888
FixedParameters: 0 0 0

#Transform 93
Transform: AffineTransform_float_3_3
Parameters: 0.999992 -0.00415845 7.86022e-05 0.00415853 0.999585 -0.0285129 4.05894e-05 0.0285131 0.999594 0.291219 0.239176 -0.990175
FixedParameters: 0 0 0

#Transform 94
Transform: AffineTransform_float_3_3
Parameters: 0.999991 -0.00419809 -0.000221561 0.0041899 0.999579 -0.0287112 0.000342435 0.0287098 0.999587 0.294957 0.230742 -0.94839
FixedParameters: 0 0 0

#Transform 95
Transform: AffineTransform_float_3_3
Parameters: 0.999989 -0.00463702 0.00020813 0.00464098 0.999608 -0.0276143 -7.98723e-05 0.0276147 0.999618 0.280493 0.233599 -0.962587
FixedParameters: 0 0 0

#Transform 96
Transform: AffineTransform_float_3_3
Parameters: 0.999991 -0.00423371 -3.74398e-05 0.00423027 0.999599 -0.0280074 0.000156538 0.0280066 0.999607 0.295769 0.192254 -0.956918
FixedParameters: 0 0 0

#Transform 97
Transform: AffineTransform_float_3_3
Parameters: 0.999989 -0.0046586 -0.000420797 0.00464539 0.999597 -0.0279853 0.000551213 0.0279827 0.999609 0.295699 0.236161 -0.966251
FixedParameters: 0 0 0

#Transform 98
Transform: AffineTransform_float_3_3
Parameters: 0.999991 -0.00423771 -0.00017876 0.00423031 0.999594 -0.028155 0.00029722 0.028154 0.999603 0.287991 0.211147 -0.991993
FixedParameters: 0 0 0

#Transform 99
Transform: AffineTransform_float_3_3
Parameters: 0.999987 -0.0033527 -0.00388671 0.0033573 0.999994 0.00110097 0.00388328 -0.00111403 0.999992 0.280069 -0.255757 -1.58113
FixedParameters: 0 0 0

#Transform 100
Transform: AffineTransform_float_3_3
Parameters: 0.999651 -0.00555362 -0.0258327 0.00855631 0.993019 0.117648 0.0249984 -0.117828 0.99272 0.178782 -1.82488 -3.46577
FixedParameters: 0 0 0

#Transform 101
Transform: AffineTransform_float_3_3
Parameters: 0.996595 -0.0174122 -0.0805923 0.0347137 0.975203 0.218573 0.0747877 -0.220627 0.972486 0.857306 -2.8662 -2.25301
FixedParameters: 0 0 0

#Transform 102
Transform: AffineTransform_float_3_3
Parameters: 0.996585 -0.0178106 -0.080631 0.0345334 0.976867 0.211041 0.0750069 -0.213105 0.974146 0.828382 -2.59402 -2.29062
FixedParameters: 0 0 0

#Transform 103
Transform: AffineTransform_float_3_3
Parameters: 0.996089 -0.0322538 -0.0822599 0.0484783 0.977848 0.203625 0.0738703 -0.206816 0.975587 0.825681 -2.24829 -2.42768
FixedParameters: 0 0 0

#Transform 104
Transform: AffineTransform_float_3_3
Parameters: 0.995752 -0.0364246 -0.0845644 0.0522484 0.979763 0.193221 0.0758148 -0.196819 0.977504 0.873651 -1.90106 -2.50793
FixedParameters: 0 0 0

#Transform 105
Transform: AffineTransform_float_3_3
Parameters: 0.996399 -0.0281144 -0.079994 0.0420517 0.98308 0.178287 0.0736281 -0.181009 0.980722 0.767679 -1.50508 -2.2523
FixedParameters: 0 0 0

#Transform 106
Transform: AffineTransform_float_3_3
Parameters: 0.999934 -0.00341506 -0.0109704 0.00303691 0.999407 -0.0342966 0.0110816 0.0342604 0.999352 0.381707 0.990143 0.374826
FixedParameters: 0 0 0

#Transform 107
Transform: AffineTransform_float_3_3
Parameters: 0.999734 -0.0124699 -0.0193957 0.0132961 0.998984 0.0430626 0.0188383 -0.0433094 0.998884 0.237521 -0.0627738 -0.811645
FixedParameters: 0 0 0

#Transform 108
Transform: AffineTransform_float_3_3
Parameters: 0.999696 -0.00980524 -0.0225958 0.0107517 0.999053 0.0421658 0.0221612 -0.0423962 0.998855 0.369008 -0.0094947 -0.828266
FixedParameters: 0 0 0

#Transform 109
Transform: AffineTransform_float_3_3
Parameters: 0.999733 -0.0103743 -0.0206479 0.0111797 0.999165 0.0392957 0.0202231 -0.0395164 0.999015 0.324249 0.0257583 -0.794236
FixedParameters: 0 0 0

#Transform 110
Transform: AffineTransform_float_3_3
Parameters: 0.999739 -0.010554 -0.0202885 0.011352 0.99915 0.0396291 0.0198525 -0.039849 0.999009 0.313399 -0.076849 -0.778867
FixedParameters: 0 0 0

#Transform 111
Transform: AffineTransform_float_3_3
Parameters: 0.999787 -0.0100017 -0.0180573 0.0106613 0.999266 0.0367953 0.0176757 -0.0369797 0.999159 0.30031 -0.0146475 -0.741383
FixedParameters: 0 0 0

#Transform 112
Transform: AffineTransform_float_3_3
Parameters: 0.999802 -0.010258 -0.017015 0.0108419 0.999343 0.0345903 0.016649 -0.0347676 0.999256 0.309571 -0.0426787 -0.686149
FixedParameters: 0 0 0

#Transform 113
Transform: AffineTransform_float_3_3
Parameters: 0.999784 -0.0112242 -0.0174827 0.0117988 0.999382 0.0331289 0.0171004 -0.0333272 0.999298 0.313982 -0.0132504 -0.669717
FixedParameters: 0 0 0

#Transform 114
Transform: AffineTransform_float_3_3
Parameters: 0.999806 -0.0106586 -0.0165785 0.0111854 0.999425 0.0319927 0.0162275 -0.0321712 0.99935 0.301655 -0.0343381 -0.679055
FixedParameters: 0 0 0

#Transform 115
Transform: AffineTransform_float_3_3
Parameters: 0.999848 -0.00933271 -0.0147113 0.00983431 0.99936 0.0343795 0.0143817 -0.0345184 0.9993 0.313011 -0.110145 -0.551631
FixedParameters: 0 0 0

#Transform 116
Transform: AffineTransform_float_3_3
Parameters: 0.999899 -0.00271364 -0.0139612 0.00344133 0.998624 0.0523403 0.0137997 -0.0523837 0.998531 0.266747 -0.331063 -0.632694
FixedParameters: 0 0 0

#Transform 117
Transform: AffineTransform_float_3_3
Parameters: 0.999858 -7.30825e-05 -0.016894 0.00144792 0.996681 0.0813871 0.016832 -0.0813998 0.99654 0.263979 -0.778105 -1.49506
FixedParameters: 0 0 0

#Transform 118
Transform: AffineTransform_float_3_3
Parameters: 0.999909 -0.000183259 -0.0134819 0.000617752 0.999482 0.0321756 0.0134691 -0.0321804 0.999392 0.296043 0.11811 -1.41397
FixedParameters: 0 0 0

#Transform 119
Transform: AffineTransform_float_3_3
Parameters: 0.999912 -0.0021011 -0.0130828 0.0022149 0.999959 0.00869778 0.0130642 -0.00872621 0.999876 0.295728 0.247969 -2.49915
FixedParameters: 0 0 0

#Transform 120
Transform: AffineTransform_float_3_3
Parameters: 0.999921 -0.00198609 -0.0124149 0.00203491 0.99999 0.00392805 0.0124071 -0.00395296 0.999915 0.34111 0.30617 -2.5699
FixedParameters: 0 0 0

#Transform 121
Transform: AffineTransform_float_3_3
Parameters: 0.999936 -0.00378315 -0.0107136 0.00382786 0.999985 0.00407626 0.0106984 -0.00411674 0.999935 0.334152 0.265821 -2.1787
FixedParameters: 0 0 0

#Transform 122
Transform: AffineTransform_float_3_3
Parameters: 0.999917 -0.00529621 -0.0117355 0.0053588 0.999972 0.00532656 0.0117065 -0.00538845 0.999917 0.380144 0.224309 -1.86537
FixedParameters: 0 0 0

#Transform 123
Transform: AffineTransform_float_3_3
Parameters: 0.999931 -0.00518702 -0.0105467 0.00524898 0.999969 0.00585805 0.0105153 -0.00591295 0.999927 0.358695 0.208324 -1.88754
FixedParameters: 0 0 0

#Transform 124
Transform: AffineTransform_float_3_3
Parameters: 0.999947 -0.00470565 -0.0090767 0.00470635 0.999989 0.000127289 0.0090753 -0.000169714 0.999959 0.351891 0.311234 -1.91235
FixedParameters: 0 0 0

#Transform 125
Transform: AffineTransform_float_3_3
Parameters: 0.999957 -0.0047078 -0.00790824 0.00468819 0.999986 -0.00252118 0.00791975 0.00248382 0.999965 0.345417 0.324045 -1.89956
FixedParameters: 0 0 0

#Transform 126
Transform: AffineTransform_float_3_3
Parameters: 0.999961 -0.004266 -0.00771588 0.004244 0.999987 -0.00286486 0.00772812 0.00283214 0.999966 0.361427 0.305886 -1.90782
FixedParameters: 0 0 0

#Transform 127
Transform: AffineTransform_float_3_3
Parameters: 0.99997 -0.00355367 -0.00689379 0.00352333 0.999984 -0.00431042 0.00690921 0.00428657 0.999967 0.345193 0.395412 -1.97037
FixedParameters: 0 0 0

#Transform 128
Transform: AffineTransform_float_3_3
Parameters: 0.99998 -0.00244976 -0.00586112 0.00237725 0.999921 -0.0123882 0.00589088 0.0123738 0.999906 0.351276 0.408494 -2.11544
FixedParameters: 0 0 0

#Transform 129
Transform: AffineTransform_float_3_3
Parameters: 0.999977 -0.00262408 -0.00634749 0.00255393 0.999936 -0.0110225 0.00637552 0.0110065 0.999919 0.380279 0.413589 -2.07388
FixedParameters: 0 0 0

#Transform 130
Transform: AffineTransform_float_3_3
Parameters: 0.999974 -0.00294439 -0.00654775 0.0028666 0.999927 -0.0117981 0.00658225 0.0117789 0.999909 0.393569 0.399531 -2.10262
FixedParameters: 0 0 0

#Transform 131
Transform: AffineTransform_float_3_3
Parameters: 0.999973 -0.00370853 -0.00633983 0.00364646 0.999945 -0.00984739 0.00637618 0.00982362 0.999932 0.424953 0.249749 -1.99664
FixedParameters: 0 0 0

#Transform 132
Transform: AffineTransform_float_3_3
Parameters: 0.999965 -0.00446994 -0.00706187 0.00438006 0.999909 -0.0127004 0.00711814 0.0126696 0.999895 0.475865 0.349894 -1.99477
FixedParameters: 0 0 0

#Transform 133
Transform: AffineTransform_float_3_3
Parameters: 0.999977 -0.00442757 -0.00516332 0.00435744 0.999898 -0.0135988 0.00522269 0.0135762 0.999894 0.429162 0.360229 -1.98345
FixedParameters: 0 0 0

#Transform 134
Transform: AffineTransform_float_3_3
Parameters: 0.999989 -0.00413498 -0.00199422 0.00412001 0.999963 -0.00746029 0.00202478 0.00745271 0.99997 0.338828 0.272616 -1.65992
FixedParameters: 0 0 0

#Transform 135
Transform: AffineTransform_float_3_3
Parameters: 0.999993 -0.00389655 -0.00041836 0.00388143 0.99947 -0.0323009 0.000544652 0.0322981 0.999478 0.344653 0.523873 -0.54776
FixedParameters: 0 0 0

#Transform 136
Transform: AffineTransform_float_3_3
Parameters: 0.999989 -0.00467692 -0.000222344 0.00466709 0.999442 -0.0330944 0.000376661 0.0330936 0.999452 0.348095 0.57352 -0.554863
FixedParameters: 0 0 0

#Transform 137
Transform: AffineTransform_float_3_3
Parameters: 0.999988 -0.00476611 -0.000388671 0.00475088 0.999463 -0.0324242 0.000543324 0.0324218 0.999474 0.33751 0.557036 -0.533855
FixedParameters: 0 0 0

#Transform 138
Transform: AffineTransform_float_3_3
Parameters: 0.999989 -0.00462493 -0.000874328 0.00459307 0.999426 -0.0335514 0.00102867 0.0335466 0.999436 0.362776 0.542493 -0.637908
FixedParameters: 0 0 0

#Transform 139
Transform: AffineTransform_float_3_3
Parameters: 0.999988 -0.00476101 -0.000191253 0.00475096 0.999337 -0.0361003 0.000363745 0.0360987 0.999348 0.361217 0.595082 -0.609715
FixedParameters: 0 0 0

#Transform 140
Transform: AffineTransform_float_3_3
Parameters: 0.999991 -0.00429979 0.000971971 0.00433621 0.999151 -0.0409662 -0.000795021 0.0409698 0.99916 0.351142 0.645799 -0.722552
FixedParameters: 0 0 0

#Transform 141
Transform: AffineTransform_float_3_3
Parameters: 0.999988 -0.00473244 0.000555454 0.00475054 0.999174 -0.0403588 -0.000363567 0.0403602 0.999185 0.368068 0.680841 -0.639323
FixedParameters: 0 0 0

#Transform 142
Transform: AffineTransform_float_3_3
Parameters: 0.999988 -0.00470279 0.00125928 0.0047502 0.999127 -0.0415025 -0.00106276 0.0415075 0.999137 0.365389 0.639346 -0.726489
FixedParameters: 0 0 0

#Transform 143
Transform: AffineTransform_float_3_3
Parameters: 0.999988 -0.00469016 0.00150305 0.00475083 0.999046 -0.0434144 -0.00129795 0.0434216 0.999056 0.368809 0.664784 -0.766215
FixedParameters: 0 0 0

#Transform 144
Transform: AffineTransform_float_3_3
Parameters: 0.999988 -0.00455653 0.00139837 0.0046135 0.999045 -0.0434621 -0.00119961 0.043468 0.999054 0.380877 0.634482 -0.790735
FixedParameters: 0 0 0

#Transform 145
Transform: AffineTransform_float_3_3
Parameters: 0.999988 -0.00473002 0.000582725 0.00475099 0.999029 -0.0437968 -0.000375279 0.0437983 0.999041 0.39124 0.665014 -0.812704
FixedParameters: 0 0 0

#Transform 146
Transform: AffineTransform_float_3_3
Parameters: 0.99999 -0.00440847 0.000709891 0.00443453 0.999059 -0.0431493 -0.000519131 0.0431517 0.999069 0.393512 0.587557 -0.83009
FixedParameters: 0 0 0

#Transform 147
Transform: AffineTransform_float_3_3
Parameters: 0.999988 -0.00472829 0.000632613 0.00475073 0.999076 -0.0427275 -0.000430397 0.0427306 0.999087 0.401833 0.605006 -0.821597
FixedParameters: 0 0 0

#Transform 148
Transform: AffineTransform_float_3_3
Parameters: 0.999988 -0.00472077 0.000810643 0.00475019 0.999083 -0.0425566 -0.000608392 0.0425593 0.999093 0.39337 0.625874 -0.801985
FixedParameters: 0 0 0

#Transform 149
Transform: AffineTransform_float_3_3
Parameters: 0.999989 -0.00470852 0.00110084 0.00475049 0.999087 -0.0424413 -0.000900184 0.0424457 0.999099 0.396218 0.599813 -0.806886
FixedParameters: 0 0 0

#Transform 150
Transform: AffineTransform_float_3_3
Parameters: 0.999987 -0.00498326 0.000544048 0.00500173 0.999069 -0.0428518 -0.000329962 0.0428542 0.999082 0.405401 0.651816 -0.810042
FixedParameters: 0 0 0

#Transform 151
Transform: AffineTransform_float_3_3
Parameters: 0.999989 -0.00472498 0.000805142 0.00475502 0.99908 -0.0426246 -0.000602861 0.0426273 0.999091 0.407634 0.5925 -0.820655
FixedParameters: 0 0 0

#Transform 152
Transform: AffineTransform_float_3_3
Parameters: 0.999988 -0.0048404 0.000542172 0.00485959 0.999093 -0.0422859 -0.000336803 0.0422881 0.999106 0.411669 0.675916 -0.791359
FixedParameters: 0 0 0

#Transform 153
Transform: AffineTransform_float_3_3
Parameters: 0.999984 -0.00553154 0.00115412 0.00556745 0.999392 -0.0344241 -0.000962893 0.0344309 0.999406 0.28738 0.564275 -0.563849
FixedParameters: 0 0 0

#Transform 154
Transform: AffineTransform_float_3_3
Parameters: 0.999973 -0.00583768 0.00461822 0.00599831 0.999351 -0.0354983 -0.00440776 0.0355257 0.999359 0.29831 0.499698 -0.312118
FixedParameters: 0 0 0

#Transform 155
Transform: AffineTransform_float_3_3
Parameters: 0.999974 -0.00544562 0.00476953 0.00561935 0.999295 -0.0371252 -0.00456345 0.0371508 0.999299 0.285927 0.604074 -0.290948
FixedParameters: 0 0 0

#Transform 156
Transform: AffineTransform_float_3_3
Parameters: 0.999974 -0.0057027 0.00455594 0.00586531 0.999319 -0.0364443 -0.00434506 0.0364698 0.999326 0.27789 0.537167 -0.268398
FixedParameters: 0 0 0

#Transform 157
Transform: AffineTransform_float_3_3
Parameters: 0.999965 -0.00597288 0.00588402 0.00618112 0.999333 -0.0360109 -0.00566498 0.0360461 0.999334 0.26153 0.569611 -0.279815
FixedParameters: 0 0 0

#Transform 158
Transform: AffineTransform_float_3_3
Parameters: 0.999968 -0.00598828 0.0054026 0.0061817 0.999318 -0.0363898 -0.00518038 0.0364222 0.999323 0.271121 0.583893 -0.315401
FixedParameters: 0 0 0

#Transform 159
Transform: AffineTransform_float_3_3
Parameters: 0.999965 -0.00538416 0.00637148 0.00561484 0.999308 -0.0367865 -0.00616853 0.0368205 0.999303 0.253823 0.623188 -0.347187
FixedParameters: 0 0 0
