#Insight Transform File V1.0
#Transform 0
Transform: AffineTransform_float_3_3
Parameters: 0.999999 -0.0012947 -0.000658546 0.0012973 0.999993 0.00350815 0.000654452 -0.00350885 0.999993 0.0194078 -0.209081 0.463336
FixedParameters: 0 0 0

#Transform 1
Transform: AffineTransform_float_3_3
Parameters: 0.999999 -0.000889504 0.000463123 0.000888497 0.999995 0.00323641 -0.000465878 -0.00323659 0.999994 -0.0259841 -0.0454551 0.0993922
FixedParameters: 0 0 0

#Transform 2
Transform: AffineTransform_float_3_3
Parameters: 1 -0.00105737 0.000417551 0.00105663 0.999994 0.00326444 -0.000421451 -0.00326356 0.999994 -0.0250817 -0.0843903 0.033164
FixedParameters: 0 0 0

#Transform 3
Transform: AffineTransform_float_3_3
Parameters: 1 -0.00105655 0.000145042 0.00105645 0.999993 0.00374716 -0.00014896 -0.00374685 0.999993 -0.00757051 -0.0680287 0.0326932
FixedParameters: 0 0 0

#Transform 4
Transform: AffineTransform_float_3_3
Parameters: 1 -0.00105715 0.000350554 0.00105685 0.999994 0.00326137 -0.000353448 -0.00326063 0.999994 -0.00292 -0.0777412 -0.00517627
FixedParameters: 0 0 0

#Transform 5
Transform: AffineTransform_float_3_3
Parameters: 0.999999 -0.00109109 0.000718835 0.00108891 0.999995 0.00290378 -0.000722165 -0.00290321 0.999995 -0.00550623 -0.0439991 -0.00117486
FixedParameters: 0 0 0

#Transform 6
Transform: AffineTransform_float_3_3
Parameters: 1 -0.000893341 0.000496596 0.000891659 0.999996 0.00269344 -0.000499403 -0.00269256 0.999996 -0.019958 -0.0707919 -0.0353444
FixedParameters: 0 0 0

#Transform 7
Transform: AffineTransform_float_3_3
Parameters: 1 -0.00095442 0.000195967 0.000954581 0.999998 0.00213019 -0.000198034 -0.00212981 0.999997 -0.0106425 -0.0344826 -0.0103271
FixedParameters: 0 0 0

#Transform 8
Transform: AffineTransform_float_3_3
Parameters: 0.999999 -0.000954373 0.000196189 0.000954626 0.999997 0.00189819 -0.000197812 -0.00189781 0.999998 -0.0216108 -0.0494147 -0.0066342
FixedParameters: 0 0 0

#Transform 9
Transform: AffineTransform_float_3_3
Parameters: 1 -0.00112981 0.000308052 0.00112919 0.999996 0.00261035 -0.000310949 -0.00261065 0.999996 0.00903915 -0.0493315 0.0229914
FixedParameters: 0 0 0

#Transform 10
Transform: AffineTransform_float_3_3
Parameters: 1 -0.000321468 0.00019724 0.000321533 0.999997 0.00236706 -0.000197762 -0.00236694 0.999997 0.0025831 -0.0791269 -0.034115
FixedParameters: 0 0 0

#Transform 11
Transform: AffineTransform_float_3_3
Parameters: 1 -0.000321441 0.000197283 0.000321559 0.999998 0.00223307 -0.000197719 -0.00223294 0.999998 0.014067 -0.0450796 0.00525462
FixedParameters: 0 0 0

#Transform 12
Transform: AffineTransform_float_3_3
Parameters: 1 -0.000321714 0.000368377 0.000321287 0.999998 0.00193712 -0.000368623 -0.00193788 0.999998 -0.0132937 -0.0578324 -0.00922259
FixedParameters: 0 0 0

#Transform 13
Transform: AffineTransform_float_3_3
Parameters: 1 -0.000498309 0.00019722 0.000497691 0.999998 0.0015661 -0.00019778 -0.0015659 0.999999 -0.00572027 -0.0296173 0.0195074
FixedParameters: 0 0 0

#Transform 14
Transform: AffineTransform_float_3_3
Parameters: 1 -0.000321069 0.000197888 0.000321931 1 0.000349064 -0.000198112 -0.000348936 1 -0.00555618 -0.0103511 0.0154064
FixedParameters: 0 0 0

#Transform 15
Transform: AffineTransform_float_3_3
Parameters: 1 -0.000321162 0.000197737 0.000321837 0.999999 0.000820063 -0.000198264 -0.000819936 0.999999 0.00711303 -0.010732 0.00067472
FixedParameters: 0 0 0

#Transform 16
Transform: AffineTransform_float_3_3
Parameters: 1 -0.00016496 0.000314021 0.00016504 1 -0.000125948 -0.000313979 0.000126052 1 0.00391623 0.0134582 -0.018812
FixedParameters: 0 0 0

#Transform 17
Transform: AffineTransform_float_3_3
Parameters: 1 0.000235053 0.000197937 -0.000234947 1 -0.000266046 -0.000198062 0.000265953 1 0.00162265 0.0191752 -0.0305717
FixedParameters: 0 0 0

#Transform 18
Transform: AffineTransform_float_3_3
Parameters: 1 0.000234953 0.000198056 -0.000235047 1 0.000238953 -0.000197944 -0.000239046 1 0.0141897 0.000577232 -0.0334251
FixedParameters: 0 0 0

#Transform 19
Transform: AffineTransform_float_3_3
Parameters: 1 0.000235035 0.000197958 -0.000234965 1 -0.000179047 -0.000198042 0.000178953 1 -0.00451583 -0.00293024 -0.0269725
FixedParameters: 0 0 0

#Transform 20
Transform: AffineTransform_float_3_3
Parameters: 1 0.00023495 0.000127093 -0.00023505 1 0.00039397 -0.000126907 -0.00039403 1 0.00113326 -0.005091 0.00920301
FixedParameters: 0 0 0

#Transform 21
Transform: AffineTransform_float_3_3
Parameters: 1 0.000234846 0.000198182 -0.000235153 0.999999 0.000775953 -0.000197818 -0.000776046 0.999999 -0.00123179 -0.0460944 -0.0058252
FixedParameters: 0 0 0

#Transform 22
Transform: AffineTransform_float_3_3
Parameters: 1 -0.000182255 0.000634927 0.000182745 1 0.000401116 -0.000635073 -0.000401884 0.999999 -0.0239074 -0.0225991 0.0401912
FixedParameters: 0 0 0

#Transform 23
Transform: AffineTransform_float_3_3
Parameters: 1 -0.000181824 0.00063505 0.000182176 1 -0.000276884 -0.000635949 0.000277116 1 -0.0278453 -0.0174956 -0.0196069
FixedParameters: 0 0 0

#Transform 24
Transform: AffineTransform_float_3_3
Parameters: 1 -0.000293894 0.000196158 0.000294106 1 -0.000537942 -0.000196842 0.000538058 1 0.0231438 0.0211866 0.0102954
FixedParameters: 0 0 0

#Transform 25
Transform: AffineTransform_float_3_3
Parameters: 1 -0.000181737 0.000196244 0.000182264 0.999999 -0.00134296 -0.000196755 0.00134304 0.999999 0.0183234 0.0217661 0.00593412
FixedParameters: 0 0 0

#Transform 26
Transform: AffineTransform_float_3_3
Parameters: 1 -0.000366086 -0.000186832 0.000365914 1 -0.000459068 0.000187168 0.000458931 1 0.0280869 0.00533434 0.0491579
FixedParameters: 0 0 0

#Transform 27
Transform: AffineTransform_float_3_3
Parameters: 1 -0.000181797 0.000196189 0.000182204 1 -0.00103697 -0.000196811 0.00103704 1 0.00714856 0.00360217 0.0102897
FixedParameters: 0 0 0

#Transform 28
Transform: AffineTransform_float_3_3
Parameters: 1 -0.00058411 0.000195672 0.000583889 0.999999 0.000562114 -0.000196328 -0.000561885 1 0.0216626 -0.00429536 0.0208796
FixedParameters: 0 0 0

#Transform 29
Transform: AffineTransform_float_3_3
Parameters: 0.999999 -0.000181279 0.000683192 0.000182722 1 -0.00105488 -0.000683808 0.00105512 0.999999 0.0100053 0.0556781 0.0261176
FixedParameters: 0 0 0

#Transform 30
Transform: AffineTransform_float_3_3
Parameters: 1 -0.000181717 0.000254203 0.000182283 1 -0.00111495 -0.000253797 0.00111505 1 0.00718905 0.0154609 -0.00779003
FixedParameters: 0 0 0

#Transform 31
Transform: AffineTransform_float_3_3
Parameters: 1 -6.6732e-05 0.000254071 6.6268e-05 1 -0.00105498 -0.00025393 0.00105502 1 0.0189415 0.0189767 -0.0305559
FixedParameters: 0 0 0

#Transform 32
Transform: AffineTransform_float_3_3
Parameters: 1 0.00018182 0.000422648 -0.000181182 0.999998 -0.00193808 -0.000422352 0.00193892 0.999998 0.00676626 0.0341868 -0.0838507
FixedParameters: 0 0 0

#Transform 33
Transform: AffineTransform_float_3_3
Parameters: 1 0.000401412 0.000196158 -0.000400588 0.999997 -0.00209808 -0.000196841 0.00209892 0.999998 0.000104105 0.056044 -0.0364849
FixedParameters: 0 0 0

#Transform 34
Transform: AffineTransform_float_3_3
Parameters: 0.999999 0.000844531 0.000252228 -0.000843469 0.999998 -0.00209821 -0.000253771 0.00209879 0.999998 -0.00580329 0.0550359 -0.0204358
FixedParameters: 0 0 0

#Transform 35
Transform: AffineTransform_float_3_3
Parameters: 0.999999 0.000844531 0.000252228 -0.000843469 0.999998 -0.00209821 -0.000253771 0.00209879 0.999998 -0.0139339 0.051413 -0.0462604
FixedParameters: 0 0 0

#Transform 36
Transform: AffineTransform_float_3_3
Parameters: 1 0.000590012 4.67779e-06 -0.00058999 0.999998 -0.002241 -5.32218e-06 0.002241 0.999998 0.0187442 0.0877917 -0.0441273
FixedParameters: 0 0 0

#Transform 37
Transform: AffineTransform_float_3_3
Parameters: 0.999999 0.000844754 0.000251479 -0.000843247 0.999995 -0.00298622 -0.000253519 0.00298579 0.999996 0.00884176 0.087924 -0.101953
FixedParameters: 0 0 0

#Transform 38
Transform: AffineTransform_float_3_3
Parameters: 1 0.000623457 -0.000195738 -0.000623543 0.999996 -0.00278588 0.000194264 0.00278612 0.999996 0.0170047 0.107957 -0.0606472
FixedParameters: 0 0 0

#Transform 39
Transform: AffineTransform_float_3_3
Parameters: 1 0.000390958 -1.60564e-05 -0.000391042 0.999997 -0.002702 1.49435e-05 0.00270201 0.999997 0.0067768 0.104519 -0.0566561
FixedParameters: 0 0 0

#Transform 40
Transform: AffineTransform_float_3_3
Parameters: 1 0.000390958 -1.60627e-05 -0.000391042 0.999996 -0.002718 1.49372e-05 0.00271801 0.999997 0.00677816 0.105134 -0.0644107
FixedParameters: 0 0 0

#Transform 41
Transform: AffineTransform_float_3_3
Parameters: 1 0.000390964 -1.5918e-05 -0.000391037 0.999997 -0.00234799 1.50819e-05 0.00234801 0.999997 0.00946928 0.091388 -0.0310215
FixedParameters: 0 0 0

#Transform 42
Transform: AffineTransform_float_3_3
Parameters: 0.999999 0.000771812 -0.000427152 -0.000773186 0.999996 -0.00278567 0.000424847 0.00278633 0.999996 0.0127925 0.108093 -0.0583738
FixedParameters: 0 0 0

#Transform 43
Transform: AffineTransform_float_3_3
Parameters: 0.999999 0.000742362 -0.000230069 -0.000742638 0.999996 -0.00278583 0.000227932 0.00278617 0.999996 0.018818 0.0911632 0.0030452
FixedParameters: 0 0 0

#Transform 44
Transform: AffineTransform_float_3_3
Parameters: 1 0.000595737 -8.48639e-05 -0.000596263 0.999995 -0.00312795 8.31353e-05 0.00312805 0.999995 0.0022941 0.0907201 0.000680049
FixedParameters: 0 0 0

#Transform 45
Transform: AffineTransform_float_3_3
Parameters: 0.999999 0.000742428 -0.000206069 -0.000742571 0.999996 -0.00278585 0.000203932 0.00278615 0.999996 0.0178774 0.0529028 0.0303142
FixedParameters: 0 0 0

#Transform 46
Transform: AffineTransform_float_3_3
Parameters: 0.999999 0.00121847 -0.000143568 -0.00121953 0.999992 -0.00374783 0.000139431 0.00374717 0.999993 0.0352887 0.114075 0.0728092
FixedParameters: 0 0 0

#Transform 47
Transform: AffineTransform_float_3_3
Parameters: 1 0.00118204 -0.000235864 -0.00118296 0.999991 -0.00411272 0.000231137 0.00411227 0.999991 0.0132323 0.091384 0.0139832
FixedParameters: 0 0 0

#Transform 48
Transform: AffineTransform_float_3_3
Parameters: 1 0.00100904 7.38672e-06 -0.00100896 0.999989 -0.00457201 -1.16131e-05 0.00457199 0.999989 -0.0168778 0.115539 0.0296835
FixedParameters: 0 0 0

#Transform 49
Transform: AffineTransform_float_3_3
Parameters: 1 0.00107714 3.36777e-05 -0.00107686 0.999992 -0.00401304 -3.83217e-05 0.00401296 0.999992 -0.0195338 0.105767 0.0731086
FixedParameters: 0 0 0

#Transform 50
Transform: AffineTransform_float_3_3
Parameters: 0.999999 0.00123594 -2.02987e-05 -0.00123606 0.999993 -0.00347798 1.57011e-05 0.00347802 0.999994 0.00059718 0.0757807 -0.00567286
FixedParameters: 0 0 0

#Transform 51
Transform: AffineTransform_float_3_3
Parameters: 1 0.000536905 -2.41972e-05 -0.000537093 0.999991 -0.00409198 2.18024e-05 0.00409201 0.999991 -0.0162832 0.120426 0.0344526
FixedParameters: 0 0 0

#Transform 52
Transform: AffineTransform_float_3_3
Parameters: 1 0.000221934 0.000219057 -0.000221066 0.999991 -0.00425605 -0.000219943 0.00425595 0.999991 -0.0116421 0.107047 0.0819383
FixedParameters: 0 0 0

#Transform 53
Transform: AffineTransform_float_3_3
Parameters: 0.999999 0.000824875 0.000374901 -0.000823124 0.999988 -0.00497531 -0.0003791 0.00497469 0.999988 0.00438163 0.113895 -0.0395795
FixedParameters: 0 0 0

#Transform 54
Transform: AffineTransform_float_3_3
Parameters: 1 0.0008229 0.000374858 -0.0008201 0.999987 -0.00504031 -0.000379138 0.00503969 0.999987 -0.00208135 0.12292 0.0281149
FixedParameters: 0 0 0

#Transform 55
Transform: AffineTransform_float_3_3
Parameters: 0.999999 0.00115373 0.00057758 -0.00115127 0.999989 -0.00470367 -0.000582422 0.00470333 0.999989 -0.00422109 0.125562 0.030961
FixedParameters: 0 0 0

#Transform 56
Transform: AffineTransform_float_3_3
Parameters: 1 0.00109294 0.00037337 -0.00109006 0.999986 -0.00515641 -0.000379625 0.00515559 0.999986 0.00219881 0.145423 -0.0150706
FixedParameters: 0 0 0

#Transform 57
Transform: AffineTransform_float_3_3
Parameters: 0.999999 0.000807179 0.000246165 -0.000805821 0.999989 -0.0047542 -0.000249833 0.0047538 0.999988 0.00235602 0.129885 0.0106933
FixedParameters: 0 0 0

#Transform 58
Transform: AffineTransform_float_3_3
Parameters: 1 0.00107732 6.48791e-05 -0.00107668 0.999988 -0.00475407 -7.01193e-05 0.00475393 0.999988 -0.00543906 0.124244 -0.00729805
FixedParameters: 0 0 0

#Transform 59
Transform: AffineTransform_float_3_3
Parameters: 1 0.000976396 0.000294413 -0.000975603 0.999989 -0.00470129 -0.000299591 0.00470171 0.999989 -0.0315552 0.129761 0.0550758
FixedParameters: 0 0 0

#Transform 60
Transform: AffineTransform_float_3_3
Parameters: 1 0.00111883 -3.57658e-05 -0.00111917 0.999986 -0.00515296 3.02333e-05 0.00515304 0.999986 -0.00402071 0.146266 0.0243262
FixedParameters: 0 0 0

#Transform 61
Transform: AffineTransform_float_3_3
Parameters: 0.999999 0.00133015 -0.000182325 -0.00133085 0.999988 -0.00475376 0.000176676 0.00475324 0.999988 -0.0181624 0.124352 0.035178
FixedParameters: 0 0 0

#Transform 62
Transform: AffineTransform_float_3_3
Parameters: 0.999998 0.00165031 -0.000145111 -0.00165069 0.999986 -0.00491376 0.00013689 0.00491423 0.999988 -0.00482563 0.130806 0.0220677
FixedParameters: 0 0 0

#Transform 63
Transform: AffineTransform_float_3_3
Parameters: 0.999998 0.0016534 -0.000122336 -0.0016536 0.999986 -0.00504081 0.000114667 0.0050402 0.999988 -0.00556844 0.135409 0.0228994
FixedParameters: 0 0 0

#Transform 64
Transform: AffineTransform_float_3_3
Parameters: 0.999998 0.00195138 6.55336e-05 -0.00195162 0.999983 -0.00536413 -7.64694e-05 0.00536386 0.999985 0.0256015 0.151224 0.196616
FixedParameters: 0 0 0

#Transform 65
Transform: AffineTransform_float_3_3
Parameters: 0.999998 0.00194331 0.000512615 -0.00193969 0.999978 -0.00637901 -0.000525383 0.00637799 0.99998 -0.0221504 0.163308 0.101494
FixedParameters: 0 0 0

#Transform 66
Transform: AffineTransform_float_3_3
Parameters: 0.999999 0.0017433 0.000529264 -0.0017407 0.999979 -0.00616493 -0.000540741 0.00616406 0.999981 -0.0234733 0.169629 0.138148
FixedParameters: 0 0 0

#Transform 67
Transform: AffineTransform_float_3_3
Parameters: 0.999998 0.00185212 0.000452404 -0.00184988 0.999975 -0.00680685 -0.000464602 0.00680615 0.999976 -0.0170001 0.178873 0.0771514
FixedParameters: 0 0 0

#Transform 68
Transform: AffineTransform_float_3_3
Parameters: 0.999998 0.00196277 0.000427489 -0.00196023 0.999977 -0.00637885 -0.000440512 0.00637814 0.999979 -0.00602838 0.163342 0.0886198
FixedParameters: 0 0 0

#Transform 69
Transform: AffineTransform_float_3_3
Parameters: 0.999998 0.00194044 0.000375631 -0.00193756 0.999978 -0.00637874 -0.000388367 0.00637825 0.999979 -0.00447337 0.18049 0.097018
FixedParameters: 0 0 0

#Transform 70
Transform: AffineTransform_float_3_3
Parameters: 0.999998 0.00231863 8.7708e-05 -0.00231837 0.999975 -0.00659622 -0.000103294 0.00659578 0.999978 0.0121209 0.172052 0.033698
FixedParameters: 0 0 0

#Transform 71
Transform: AffineTransform_float_3_3
Parameters: 0.999998 0.00225882 0.00042528 -0.00225618 0.999976 -0.00652098 -0.000440721 0.00652002 0.999978 -0.00127442 0.180478 0.108336
FixedParameters: 0 0 0

#Transform 72
Transform: AffineTransform_float_3_3
Parameters: 0.999998 0.00225851 0.000386602 -0.00225649 0.999977 -0.00637889 -0.000400401 0.00637811 0.999979 -0.023366 0.164115 0.0171453
FixedParameters: 0 0 0

#Transform 73
Transform: AffineTransform_float_3_3
Parameters: 0.999998 0.0022592 0.000520315 -0.0022558 0.999979 -0.00606219 -0.000534683 0.00606081 0.999981 -0.0220748 0.163977 0.0607993
FixedParameters: 0 0 0

#Transform 74
Transform: AffineTransform_float_3_3
Parameters: 0.999998 0.0022571 0.000165607 -0.0022559 0.999977 -0.00637839 -0.000179394 0.00637861 0.999979 -0.0212656 0.179481 0.000506322
FixedParameters: 0 0 0

#Transform 75
Transform: AffineTransform_float_3_3
Parameters: 0.999998 0.00193084 -0.000406411 -0.00193316 0.999983 -0.00538822 0.000396589 0.00538878 0.999986 0.0241773 0.142245 0.063338
FixedParameters: 0 0 0

#Transform 76
Transform: AffineTransform_float_3_3
Parameters: 0.999998 0.00225609 6.25428e-06 -0.00225591 0.999976 -0.00653603 -2.07451e-05 0.00653597 0.999978 -0.0188482 0.17618 0.0193034
FixedParameters: 0 0 0

#Transform 77
Transform: AffineTransform_float_3_3
Parameters: 0.999998 0.00225783 0.000290099 -0.00225617 0.999979 -0.00615967 -0.000303903 0.00615933 0.999981 -0.0165566 0.170794 0.077587
FixedParameters: 0 0 0

#Transform 78
Transform: AffineTransform_float_3_3
Parameters: 0.999998 0.00225757 0.000213033 -0.00225644 0.999973 -0.0070755 -0.00022897 0.0070745 0.999975 -0.0137835 0.166847 0.00410432
FixedParameters: 0 0 0

#Transform 79
Transform: AffineTransform_float_3_3
Parameters: 0.999999 0.00183296 -1.22325e-05 -0.00183305 0.999973 -0.00721899 -2.32791e-07 0.00721901 0.999974 -0.012259 0.171304 0.0614394
FixedParameters: 0 0 0

#Transform 80
Transform: AffineTransform_float_3_3
Parameters: 0.999997 0.00216452 0.000190405 -0.00216347 0.999968 -0.00766943 -0.000207599 0.00766957 0.99997 -0.0227275 0.178366 0.0354848
FixedParameters: 0 0 0

#Transform 81
Transform: AffineTransform_float_3_3
Parameters: 0.999998 0.00188001 0.000130225 -0.001879 0.999972 -0.00732926 -0.000143775 0.00732875 0.999973 -0.00607064 0.185525 0.107136
FixedParameters: 0 0 0

#Transform 82
Transform: AffineTransform_float_3_3
Parameters: 0.999997 0.0021409 -2.1749e-05 -0.0021411 0.99997 -0.00735597 6.25016e-06 0.00735603 0.999973 -0.0104342 0.176853 0.0480541
FixedParameters: 0 0 0

#Transform 83
Transform: AffineTransform_float_3_3
Parameters: 0.999998 0.00225541 -9.09817e-05 -0.00225659 0.999973 -0.00708481 7.50137e-05 0.00708519 0.999975 -0.00745325 0.166681 0.0785959
FixedParameters: 0 0 0

#Transform 84
Transform: AffineTransform_float_3_3
Parameters: 0.999998 0.00225295 -0.000412993 -0.00225605 0.999969 -0.00753708 0.000396006 0.00753791 0.999971 -0.00829766 0.183662 0.0463751
FixedParameters: 0 0 0

#Transform 85
Transform: AffineTransform_float_3_3
Parameters: 0.999998 0.00225612 8.71322e-06 -0.00225589 0.999972 -0.00721904 -2.42859e-05 0.00721897 0.999974 0.0072097 0.179681 0.0783241
FixedParameters: 0 0 0

#Transform 86
Transform: AffineTransform_float_3_3
Parameters: 0.999997 0.00246525 0.000155241 -0.00246374 0.999968 -0.00761141 -0.000174756 0.00761059 0.999971 0.00512333 0.229691 0.0422039
FixedParameters: 0 0 0

#Transform 87
Transform: AffineTransform_float_3_3
Parameters: 0.999997 0.00219968 9.07493e-05 -0.00219832 0.999973 -0.00693421 -0.000105248 0.00693478 0.999976 0.00319804 0.178559 0.0512245
FixedParameters: 0 0 0

#Transform 88
Transform: AffineTransform_float_3_3
Parameters: 0.999997 0.0024563 0.00029231 -0.00245371 0.999968 -0.00761274 -0.000310686 0.00761126 0.999971 -0.0224193 0.205258 0.0188338
FixedParameters: 0 0 0

#Transform 89
Transform: AffineTransform_float_3_3
Parameters: 0.999998 0.00233213 -0.000127119 -0.00233287 0.999971 -0.00733873 0.000109882 0.00733928 0.999973 -0.00901189 0.19473 0.0607894
FixedParameters: 0 0 0

#Transform 90
Transform: AffineTransform_float_3_3
Parameters: 0.999997 0.00218492 -0.000157777 -0.00218608 0.999971 -0.00721867 0.000142222 0.00721932 0.999974 -0.0102128 0.190534 0.0102748
FixedParameters: 0 0 0

#Transform 91
Transform: AffineTransform_float_3_3
Parameters: 0.999997 0.00214346 0.000196677 -0.00214154 0.999972 -0.00715144 -0.000212321 0.00715157 0.999975 -0.00578586 0.190144 0.055111
FixedParameters: 0 0 0

#Transform 92
Transform: AffineTransform_float_3_3
Parameters: 0.999997 0.0021458 0.000228659 -0.00214419 0.999968 -0.00761851 -0.000245343 0.00761849 0.999971 -0.00682856 0.205389 -0.0135234
FixedParameters: 0 0 0

#Transform 93
Transform: AffineTransform_float_3_3
Parameters: 0.999998 0.00202119 0.000296416 -0.0020188 0.999972 -0.00721961 -0.000311583 0.00721938 0.999974 -0.0257828 0.190125 0.0460084
FixedParameters: 0 0 0

#Transform 94
Transform: AffineTransform_float_3_3
Parameters: 0.99999 -0.000371602 -0.0044795 0.000452408 0.999834 0.0181841 0.00447251 -0.0181858 0.999824 0.108185 -0.61138 -0.247778
FixedParameters: 0 0 0

#Transform 95
Transform: AffineTransform_float_3_3
Parameters: 0.997367 -0.0699328 -0.0191998 0.0711832 0.994653 0.0748314 0.0138642 -0.0760007 0.997012 1.11782 -2.59161 -0.644168
FixedParameters: 0 0 0

#Transform 96
Transform: AffineTransform_float_3_3
Parameters: 0.995392 -0.0930053 -0.0233409 0.0946326 0.992084 0.0825556 0.015477 -0.0843843 0.996313 1.40525 -2.72661 -0.792959
FixedParameters: 0 0 0

#Transform 97
Transform: AffineTransform_float_3_3
Parameters: 0.995892 -0.0880022 -0.0213538 0.0894009 0.993004 0.0771389 0.0144163 -0.0787301 0.996791 1.30072 -2.39699 -0.753736
FixedParameters: 0 0 0

#Transform 98
Transform: AffineTransform_float_3_3
Parameters: 0.999253 -0.0379769 -0.00715734 0.0381902 0.998738 0.032633 0.00590869 -0.032882 0.999442 0.61099 -0.930138 -0.409627
FixedParameters: 0 0 0

#Transform 99
Transform: AffineTransform_float_3_3
Parameters: 0.99941 -0.0343486 7.98556e-05 0.0343384 0.999181 0.0214044 -0.000815119 -0.0213886 0.999771 0.371871 -0.568996 -0.135607
FixedParameters: 0 0 0

#Transform 100
Transform: AffineTransform_float_3_3
Parameters: 0.999403 -0.0345483 -0.00054382 0.0345516 0.999165 0.0217772 -0.000209804 -0.0217827 0.999762 0.410105 -0.536602 -0.172507
FixedParameters: 0 0 0

#Transform 101
Transform: AffineTransform_float_3_3
Parameters: 0.999425 -0.0339042 -0.000388859 0.0339048 0.999212 0.0206627 -0.000311832 -0.0206633 0.999787 0.40347 -0.510904 -0.0991588
FixedParameters: 0 0 0

#Transform 102
Transform: AffineTransform_float_3_3
Parameters: 0.999473 -0.0324666 -0.000332036 0.0324664 0.999287 0.0192444 -0.000293044 -0.0192456 0.999814 0.382991 -0.503716 -0.148211
FixedParameters: 0 0 0

#Transform 103
Transform: AffineTransform_float_3_3
Parameters: 0.999498 -0.0316383 -0.00174335 0.0316667 0.999314 0.0191904 0.00113562 -0.0192366 0.999815 0.435468 -0.492188 -0.159634
FixedParameters: 0 0 0

#Transform 104
Transform: AffineTransform_float_3_3
Parameters: 0.9995 -0.0315843 -0.00104547 0.0315977 0.999338 0.01804 0.000475532 -0.018064 0.999836 0.39877 -0.527791 -0.261912
FixedParameters: 0 0 0

#Transform 105
Transform: AffineTransform_float_3_3
Parameters: 0.999519 -0.0309836 -0.00132538 0.0310015 0.999367 0.0174783 0.00078264 -0.0175107 0.999847 0.439261 -0.470967 -0.173105
FixedParameters: 0 0 0

#Transform 106
Transform: AffineTransform_float_3_3
Parameters: 0.999849 -0.0172874 -0.00137467 0.0172976 0.999823 0.00731332 0.00124833 -0.00733568 0.999973 0.337781 -0.110426 -0.121685
FixedParameters: 0 0 0

#Transform 107
Transform: AffineTransform_float_3_3
Parameters: 0.99998 -0.00619707 0.00133422 0.00621792 0.999848 -0.0163 -0.00123279 0.016308 0.999867 0.0928 0.542841 0.363151
FixedParameters: 0 0 0

#Transform 108
Transform: AffineTransform_float_3_3
Parameters: 0.999991 -0.00425602 -0.000359192 0.00425197 0.999936 -0.0105336 0.000404805 0.0105314 0.999944 0.0895614 0.340771 0.368766
FixedParameters: 0 0 0

#Transform 109
Transform: AffineTransform_float_3_3
Parameters: 0.999998 -0.00213396 -0.000859918 0.00212704 0.999965 -0.00801884 0.000877083 0.00801714 0.999967 -0.058111 0.512329 0.0728708
FixedParameters: 0 0 0

#Transform 110
Transform: AffineTransform_float_3_3
Parameters: 0.999999 -0.001678 -0.000457569 0.001674 0.999962 -0.00861078 0.000471432 0.00861022 0.999963 -0.0251429 0.392485 0.108123
FixedParameters: 0 0 0

#Transform 111
Transform: AffineTransform_float_3_3
Parameters: 0.999999 -0.00125724 -0.000888458 0.00124877 0.999957 -0.00921112 0.00089954 0.00920988 0.999957 0.0112976 0.392855 0.19104
FixedParameters: 0 0 0

#Transform 112
Transform: AffineTransform_float_3_3
Parameters: 0.999998 -0.00131344 -0.00143975 0.00130057 0.999962 -0.00860689 0.00145025 0.00860511 0.999962 0.00701996 0.346679 0.105626
FixedParameters: 0 0 0

#Transform 113
Transform: AffineTransform_float_3_3
Parameters: 0.999998 -0.00128804 -0.00112258 0.00127796 0.999959 -0.00890244 0.00113342 0.00890055 0.999959 0.00503899 0.370865 0.147858
FixedParameters: 0 0 0

#Transform 114
Transform: AffineTransform_float_3_3
Parameters: 0.999999 -0.000850282 -0.00127691 0.000837716 0.999953 -0.00958908 0.00128509 0.00958792 0.999953 0.0400786 0.363555 0.102109
FixedParameters: 0 0 0

#Transform 115
Transform: AffineTransform_float_3_3
Parameters: 0.999999 -0.00125324 -0.00127307 0.00124076 0.999954 -0.0095706 0.00128493 0.00956941 0.999954 0.0335391 0.372535 0.162403
FixedParameters: 0 0 0

#Transform 116
Transform: AffineTransform_float_3_3
Parameters: 0.999999 -0.000888568 -0.00107132 0.000877435 0.999952 -0.00982495 0.00107967 0.00982406 0.999951 -0.00752937 0.365158 0.0895983
FixedParameters: 0 0 0

#Transform 117
Transform: AffineTransform_float_3_3
Parameters: 0.999999 -0.000718961 -9.7134e-05 0.00071804 0.999954 -0.00955608 0.000103866 0.00955593 0.999955 -0.0557377 0.354762 0.177354
FixedParameters: 0 0 0

#Transform 118
Transform: AffineTransform_float_3_3
Parameters: 0.999999 -0.000722721 -0.000487067 0.00071728 0.999954 -0.00962435 0.000493926 0.00962465 0.999953 -0.0482769 0.341217 0.122177
FixedParameters: 0 0 0

#Transform 119
Transform: AffineTransform_float_3_3
Parameters: 1 -0.00044203 -0.000314789 0.000438968 0.999954 -0.00956014 0.000319211 0.00955986 0.999955 -0.0394144 0.355279 0.170506
FixedParameters: 0 0 0

#Transform 120
Transform: AffineTransform_float_3_3
Parameters: 1 -0.000439459 -0.000248705 0.000437548 0.999952 -0.00980111 0.0002523 0.00980089 0.999952 -0.0416966 0.330174 0.101527
FixedParameters: 0 0 0

#Transform 121
Transform: AffineTransform_float_3_3
Parameters: 1 -0.000452692 -0.000170574 0.000450303 0.999952 -0.00979508 0.000175419 0.00979492 0.999952 -0.0277572 0.334289 0.132559
FixedParameters: 0 0 0

#Transform 122
Transform: AffineTransform_float_3_3
Parameters: 0.999999 -0.000700476 -0.000147137 0.000699524 0.999951 -0.0098071 0.000153868 0.00980689 0.999952 -0.0325543 0.334991 0.0808337
FixedParameters: 0 0 0

#Transform 123
Transform: AffineTransform_float_3_3
Parameters: 0.999999 -0.000379401 -0.000984428 0.000369593 0.999954 -0.00953237 0.000988568 0.00953263 0.999954 0.00332579 0.301841 0.0572318
FixedParameters: 0 0 0

#Transform 124
Transform: AffineTransform_float_3_3
Parameters: 1 -0.000373627 -0.000360275 0.000369375 0.99995 -0.0100171 0.000363718 0.0100169 0.99995 0.00773546 0.343264 0.0529769
FixedParameters: 0 0 0

#Transform 125
Transform: AffineTransform_float_3_3
Parameters: 1 -0.000208398 -0.000424871 0.000203601 0.999946 -0.0103251 0.000427125 0.0103249 0.999946 -0.0240705 0.311496 0.0194477
FixedParameters: 0 0 0

#Transform 126
Transform: AffineTransform_float_3_3
Parameters: 0.999999 0.000147536 -0.000842526 -0.000156459 0.99995 -0.0100549 0.000840469 0.0100551 0.999949 -0.032379 0.328274 0.041625
FixedParameters: 0 0 0

#Transform 127
Transform: AffineTransform_float_3_3
Parameters: 0.999999 0.000416343 -0.000826419 -0.000424663 0.999944 -0.0105037 0.000822585 0.0105033 0.999945 -0.0268334 0.305841 0.0258219
FixedParameters: 0 0 0

#Transform 128
Transform: AffineTransform_float_3_3
Parameters: 1 0.000499009 -0.00107816 -0.00050999 0.999947 -0.0102185 0.00107285 0.0102185 0.999947 -0.00419451 0.307659 0.0665953
FixedParameters: 0 0 0

#Transform 129
Transform: AffineTransform_float_3_3
Parameters: 0.999999 0.001532 7.95984e-05 -0.00153099 0.999935 -0.0113621 -9.74014e-05 0.0113619 0.999936 -0.0664208 0.328421 0.159554
FixedParameters: 0 0 0

#Transform 130
Transform: AffineTransform_float_3_3
Parameters: 0.999997 0.00193724 -0.000993274 -0.00194876 0.999938 -0.0109501 0.000971717 0.0109519 0.999939 -0.0525715 0.310874 0.327045
FixedParameters: 0 0 0

#Transform 131
Transform: AffineTransform_float_3_3
Parameters: 0.999998 0.00167838 -0.00099023 -0.00168862 0.99994 -0.0108263 0.000971775 0.0108277 0.999941 -0.0681247 0.31739 0.205185
FixedParameters: 0 0 0

#Transform 132
Transform: AffineTransform_float_3_3
Parameters: 0.999997 0.0019379 -0.000991985 -0.0019481 0.999945 -0.0102851 0.000972013 0.0102869 0.999946 -0.0653364 0.297595 0.228323
FixedParameters: 0 0 0

#Transform 133
Transform: AffineTransform_float_3_3
Parameters: 0.999997 0.00193724 -0.000993274 -0.00194876 0.999938 -0.0109501 0.000971717 0.0109519 0.999939 -0.063583 0.295029 0.134327
FixedParameters: 0 0 0

#Transform 134
Transform: AffineTransform_float_3_3
Parameters: 0.999997 0.0019376 -0.000992577 -0.0019484 0.999942 -0.0105901 0.000971419 0.0105919 0.999944 -0.0666373 0.286934 0.163634
FixedParameters: 0 0 0

#Transform 135
Transform: AffineTransform_float_3_3
Parameters: 0.999997 0.00193673 -0.00103927 -0.00194826 0.999938 -0.01095 0.00101772 0.010952 0.999939 -0.0733615 0.295552 0.0928586
FixedParameters: 0 0 0

#Transform 136
Transform: AffineTransform_float_3_3
Parameters: 0.999997 0.00196761 -0.00136892 -0.00198139 0.999942 -0.0105933 0.00134808 0.0105957 0.999943 -0.0511068 0.281897 0.152314
FixedParameters: 0 0 0

#Transform 137
Transform: AffineTransform_float_3_3
Parameters: 0.999997 0.00193177 -0.00153959 -0.00194822 0.999942 -0.010611 0.00151841 0.010614 0.999942 -0.0417191 0.271484 0.0978963
FixedParameters: 0 0 0

#Transform 138
Transform: AffineTransform_float_3_3
Parameters: 0.999995 0.00192353 -0.00252185 -0.00194847 0.99995 -0.00973514 0.00250315 0.00973987 0.99995 -0.0332752 0.250663 0.118206
FixedParameters: 0 0 0

#Transform 139
Transform: AffineTransform_float_3_3
Parameters: 0.999993 0.00242527 -0.00257643 -0.00245173 0.999942 -0.0104237 0.00255057 0.0104303 0.999943 -0.0343478 0.276303 0.155389
FixedParameters: 0 0 0

#Transform 140
Transform: AffineTransform_float_3_3
Parameters: 0.999995 0.00285254 -0.00122717 -0.00286745 0.999924 -0.0119445 0.00119283 0.0119475 0.999928 -0.0801739 0.39037 0.0240975
FixedParameters: 0 0 0

#Transform 141
Transform: AffineTransform_float_3_3
Parameters: 0.999989 0.00469254 -0.000982934 -0.00470746 0.999855 -0.0163646 0.000906078 0.0163684 0.999865 -0.248392 0.50019 -0.149595
FixedParameters: 0 0 0

#Transform 142
Transform: AffineTransform_float_3_3
Parameters: 0.999983 0.0057669 -0.000770283 -0.0057781 0.999867 -0.0152908 0.000681714 0.0152952 0.999883 -0.283483 0.458142 -0.0768656
FixedParameters: 0 0 0

#Transform 143
Transform: AffineTransform_float_3_3
Parameters: 0.999983 0.00576224 -0.00103677 -0.00577876 0.999857 -0.0159003 0.00094522 0.0159057 0.999873 -0.273382 0.493579 -0.202315
FixedParameters: 0 0 0

#Transform 144
Transform: AffineTransform_float_3_3
Parameters: 0.999982 0.0057592 -0.00122774 -0.0057778 0.999857 -0.0158992 0.00113626 0.0159058 0.999873 -0.272586 0.492886 -0.152729
FixedParameters: 0 0 0

#Transform 145
Transform: AffineTransform_float_3_3
Parameters: 0.999982 0.00604088 -0.000843048 -0.00605412 0.999845 -0.0165402 0.000742945 0.0165458 0.999863 -0.262638 0.498013 -0.211186
FixedParameters: 0 0 0

#Transform 146
Transform: AffineTransform_float_3_3
Parameters: 0.999984 0.00558142 -0.00104143 -0.00559559 0.999878 -0.0145664 0.000960581 0.0145716 0.999894 -0.249292 0.431779 -0.238552
FixedParameters: 0 0 0

#Transform 147
Transform: AffineTransform_float_3_3
Parameters: 0.999992 0.00376534 -0.0014578 -0.00373665 0.999813 0.0189806 0.00152919 -0.0189744 0.999819 -0.218132 -0.685937 -0.370298
FixedParameters: 0 0 0

#Transform 148
Transform: AffineTransform_float_3_3
Parameters: 0.99997 0.00691422 0.0036841 -0.00690979 0.999976 -0.00115549 -0.0036919 0.00113051 0.999992 -0.242295 -0.00695133 -0.595929
FixedParameters: 0 0 0

#Transform 149
Transform: AffineTransform_float_3_3
Parameters: 0.999964 0.0077076 0.00350827 -0.0076934 0.999963 -0.00387413 -0.00353873 0.00384686 0.999987 -0.266694 0.213765 -0.281703
FixedParameters: 0 0 0

#Transform 150
Transform: AffineTransform_float_3_3
Parameters: 0.999959 0.0084051 0.00340782 -0.00838589 0.999947 -0.00587282 -0.00345718 0.00584318 0.999977 -0.291172 0.298674 -0.191347
FixedParameters: 0 0 0

#Transform 151
Transform: AffineTransform_float_3_3
Parameters: 0.999957 0.00851677 0.0037297 -0.00849123 0.999941 -0.00687097 -0.0037883 0.00683904 0.99997 -0.292333 0.329563 -0.185387
FixedParameters: 0 0 0

#Transform 152
Transform: AffineTransform_float_3_3
Parameters: 0.999955 0.00896052 0.00293175 -0.00891147 0.999825 -0.0164909 -0.00307926 0.0164641 0.999859 -0.268853 0.603425 -0.217845
FixedParameters: 0 0 0

#Transform 153
Transform: AffineTransform_float_3_3
Parameters: 0.999972 0.00736814 0.000651332 -0.00734587 0.999548 -0.0291746 -0.000865659 0.0291684 0.999574 -0.16098 0.819968 -0.245839
FixedParameters: 0 0 0

#Transform 154
Transform: AffineTransform_float_3_3
Parameters: 0.999966 0.00813265 0.000756176 -0.00811334 0.999699 -0.0231229 -0.000943832 0.0231161 0.999733 -0.178425 0.691566 0.0648545
FixedParameters: 0 0 0

#Transform 155
Transform: AffineTransform_float_3_3
Parameters: 0.999971 0.0073523 0.00229585 -0.0072977 0.999713 -0.0228244 -0.00246315 0.0228076 0.999737 -0.221097 0.634186 0.0418199
FixedParameters: 0 0 0

#Transform 156
Transform: AffineTransform_float_3_3
Parameters: 0.999962 0.00811944 0.00309788 -0.00804756 0.999717 -0.0224148 -0.00327911 0.0223892 0.999744 -0.2293 0.57946 -0.0728915
FixedParameters: 0 0 0

#Transform 157
Transform: AffineTransform_float_3_3
Parameters: 0.999964 0.00705242 0.00468331 -0.00694958 0.999744 -0.0215373 -0.00483368 0.0215037 0.999757 -0.235585 0.571582 -0.0446253
FixedParameters: 0 0 0

#Transform 158
Transform: AffineTransform_float_3_3
Parameters: 0.999892 0.0144353 0.00252849 -0.0143778 0.999669 -0.0213606 -0.00283549 0.0213214 0.999768 -0.489248 0.988042 0.00882954
FixedParameters: 0 0 0

#Transform 159
Transform: AffineTransform_float_3_3
Parameters: 0.99985 0.0172379 -0.00115512 -0.0172601 0.999585 -0.0230675 0.000756892 0.0230835 0.999733 -0.487092 0.775149 -0.287375
FixedParameters: 0 0 0
