#Insight Transform File V1.0
#Transform 0
Transform: AffineTransform_float_3_3
Parameters: 1 0.000246971 8.5084e-05 -0.000247029 1 0.000339979 -8.4916e-05 -0.000340021 1 -0.000839314 -0.0118898 -0.203968
FixedParameters: 0 0 0

#Transform 1
Transform: AffineTransform_float_3_3
Parameters: 0.999999 0.000761779 0.000527877 -0.00076022 0.999998 -0.0014744 -0.000529121 0.0014746 0.999999 -0.00550848 0.0654658 -0.0553165
FixedParameters: 0 0 0

#Transform 2
Transform: AffineTransform_float_3_3
Parameters: 1 0.000227257 0.000402855 -0.000227743 1 -0.000638091 -0.000403145 0.000637908 0.999999 0.0115491 0.0454644 -0.132488
FixedParameters: 0 0 0

#Transform 3
Transform: AffineTransform_float_3_3
Parameters: 1 0.000845816 0.00086618 -0.000845184 0.999999 0.000212268 -0.00086582 -0.000212732 0.999999 -0.00910434 0.0449872 -0.140012
FixedParameters: 0 0 0

#Transform 4
Transform: AffineTransform_float_3_3
Parameters: 0.999998 -0.000142969 0.00167909 0.000144031 1 -0.000613759 -0.00167891 0.000614241 0.999999 0.0250202 0.0527681 -0.164404
FixedParameters: 0 0 0

#Transform 5
Transform: AffineTransform_float_3_3
Parameters: 0.999999 6.57348e-05 0.00140301 -6.52651e-05 1 0.000188909 -0.00140299 -0.000189092 0.999999 0.0176881 0.0474237 -0.206494
FixedParameters: 0 0 0

#Transform 6
Transform: AffineTransform_float_3_3
Parameters: 1 0.000402985 0.000300021 -0.000403015 1 5.18791e-05 -0.000299979 -5.11209e-05 1 -0.012204 0.0420622 -0.144403
FixedParameters: 0 0 0

#Transform 7
Transform: AffineTransform_float_3_3
Parameters: 1 5.78126e-05 0.000551019 -5.81873e-05 1 0.000339968 -0.00055098 -0.000340032 1 0.00939315 0.0390667 -0.136546
FixedParameters: 0 0 0

#Transform 8
Transform: AffineTransform_float_3_3
Parameters: 0.999999 0.000679981 0.000440028 -0.000680018 1 4.17008e-05 -0.000439971 -4.22992e-05 1 0.0334157 0.0500516 -0.130209
FixedParameters: 0 0 0

#Transform 9
Transform: AffineTransform_float_3_3
Parameters: 0.999999 -0.000336376 0.000842249 0.000336623 0.999999 -0.000739717 -0.000841751 0.000740283 1 0.057882 0.0633433 -0.116876
FixedParameters: 0 0 0

#Transform 10
Transform: AffineTransform_float_3_3
Parameters: 0.999999 0.000305908 0.000800035 -0.000306092 1 0.000114755 -0.000799964 -0.000115245 0.999999 0.0492262 0.0181668 -0.107446
FixedParameters: 0 0 0

#Transform 11
Transform: AffineTransform_float_3_3
Parameters: 0.999999 0.000313944 0.000802021 -0.000314056 1 6.97481e-05 -0.000801977 -7.02518e-05 0.999999 0.0300825 0.0234103 -0.117291
FixedParameters: 0 0 0

#Transform 12
Transform: AffineTransform_float_3_3
Parameters: 0.999999 0.000706481 0.00117371 -0.00070652 0.999999 -0.00040983 -0.00117329 0.000409171 0.999999 0.0262922 0.0329218 -0.182739
FixedParameters: 0 0 0

#Transform 13
Transform: AffineTransform_float_3_3
Parameters: 1 0.000522635 0.000894213 -0.000522365 1 0.000407533 -0.000893787 -0.000408467 0.999999 0.0471903 0.0397641 -0.139441
FixedParameters: 0 0 0

#Transform 14
Transform: AffineTransform_float_3_3
Parameters: 0.999999 0.00092494 0.00115505 -0.00092506 0.999999 5.19316e-05 -0.00115495 -5.20683e-05 1 0.0190057 0.0258717 -0.166439
FixedParameters: 0 0 0

#Transform 15
Transform: AffineTransform_float_3_3
Parameters: 0.999999 0.000793012 0.000198948 -0.000792987 0.999999 -6.51578e-05 -0.000199051 6.48421e-05 1 0.0366778 0.0515344 -0.133661
FixedParameters: 0 0 0

#Transform 16
Transform: AffineTransform_float_3_3
Parameters: 1 0.000502955 0.000248091 -0.000503045 1 0.000180875 -0.000247909 -0.000181125 1 0.0230152 0.0373089 -0.0845045
FixedParameters: 0 0 0

#Transform 17
Transform: AffineTransform_float_3_3
Parameters: 0.999999 0.000639683 0.000644314 -0.000639316 0.999999 0.000490588 -0.000643686 -0.000491412 0.999999 0.0106281 0.0467947 -0.0603682
FixedParameters: 0 0 0

#Transform 18
Transform: AffineTransform_float_3_3
Parameters: 0.999998 0.000228524 0.0015895 -0.000231476 0.999997 0.00218763 -0.0015885 -0.00218737 0.999997 0.021815 0.0397292 -0.0750329
FixedParameters: 0 0 0

#Transform 19
Transform: AffineTransform_float_3_3
Parameters: 0.999998 0.00035648 0.00170395 -0.000361521 0.999997 0.00265339 -0.00170305 -0.00265361 0.999995 0.0425005 0.0396611 -0.0899612
FixedParameters: 0 0 0

#Transform 20
Transform: AffineTransform_float_3_3
Parameters: 0.999999 0.000407825 0.00125871 -0.000409176 0.999998 0.00172848 -0.00125829 -0.00172851 0.999997 0.0234248 0.0402812 -0.0547873
FixedParameters: 0 0 0

#Transform 21
Transform: AffineTransform_float_3_3
Parameters: 0.999999 0.000230621 0.00133324 -0.000231378 1 0.00103369 -0.00133276 -0.00103431 0.999998 0.023227 0.0659443 -0.0528252
FixedParameters: 0 0 0

#Transform 22
Transform: AffineTransform_float_3_3
Parameters: 0.999999 0.000465028 0.00119577 -0.000466973 0.999999 0.00164944 -0.00119523 -0.00165056 0.999998 0.00127136 0.0382307 -0.0659486
FixedParameters: 0 0 0

#Transform 23
Transform: AffineTransform_float_3_3
Parameters: 0.999999 -0.000251406 0.00147059 0.000248594 0.999998 0.00163637 -0.00147041 -0.00163563 0.999997 0.037959 0.0444599 -0.105468
FixedParameters: 0 0 0

#Transform 24
Transform: AffineTransform_float_3_3
Parameters: 0.999998 -0.000345097 0.00163756 0.000342904 0.999999 0.00128056 -0.00163744 -0.00128044 0.999998 0.0609893 0.0619492 -0.0842839
FixedParameters: 0 0 0

#Transform 25
Transform: AffineTransform_float_3_3
Parameters: 0.999999 -0.000249585 0.00173692 0.000248414 1 0.000337432 -0.00173709 -0.000336567 0.999999 0.0729402 0.0606636 -0.076526
FixedParameters: 0 0 0

#Transform 26
Transform: AffineTransform_float_3_3
Parameters: 0.999998 -0.000483757 0.00201658 0.000482243 0.999999 0.000871974 -0.00201642 -0.000871026 0.999997 0.101316 0.043233 -0.0480783
FixedParameters: 0 0 0

#Transform 27
Transform: AffineTransform_float_3_3
Parameters: 0.999998 -0.000437608 0.00223149 0.000435393 0.999999 0.00116897 -0.00223151 -0.00116803 0.999997 0.104181 0.0335302 -0.0692999
FixedParameters: 0 0 0

#Transform 28
Transform: AffineTransform_float_3_3
Parameters: 0.999997 1.06963e-05 0.00265401 -1.33036e-05 0.999999 0.000867968 -0.00265399 -0.000868031 0.999996 0.0997189 0.0338361 -0.112161
FixedParameters: 0 0 0

#Transform 29
Transform: AffineTransform_float_3_3
Parameters: 0.999996 -0.000720909 0.0027585 0.000719091 1 0.000692987 -0.0027595 -0.000691014 0.999996 0.115303 0.02962 -0.125993
FixedParameters: 0 0 0

#Transform 30
Transform: AffineTransform_float_3_3
Parameters: 0.999995 -0.000666303 0.00291848 0.000663697 1 0.000789941 -0.00291952 -0.000788059 0.999996 0.129209 0.0558012 -0.0823909
FixedParameters: 0 0 0

#Transform 31
Transform: AffineTransform_float_3_3
Parameters: 0.999996 -0.000721567 0.00248225 0.000719431 0.999999 0.00103579 -0.00248275 -0.00103321 0.999997 0.105427 0.0631627 -0.0676282
FixedParameters: 0 0 0

#Transform 32
Transform: AffineTransform_float_3_3
Parameters: 0.999996 -0.00119837 0.00248186 0.00119563 0.999999 0.000954971 -0.00248314 -0.000952028 0.999997 0.11782 0.0670189 -0.0676451
FixedParameters: 0 0 0

#Transform 33
Transform: AffineTransform_float_3_3
Parameters: 0.999997 -0.00100748 0.00248159 0.00100352 0.999998 0.00140449 -0.00248341 -0.0014025 0.999996 0.133945 0.071841 -0.0568279
FixedParameters: 0 0 0

#Transform 34
Transform: AffineTransform_float_3_3
Parameters: 0.999995 -0.000794508 0.00289704 0.000791493 0.999999 0.0012113 -0.00289796 -0.0012097 0.999995 0.136799 0.0544557 -0.0848332
FixedParameters: 0 0 0

#Transform 35
Transform: AffineTransform_float_3_3
Parameters: 0.999996 -0.000648425 0.00268117 0.000644574 0.999999 0.00127873 -0.00268182 -0.00127627 0.999995 0.131923 0.0534145 -0.0639926
FixedParameters: 0 0 0

#Transform 36
Transform: AffineTransform_float_3_3
Parameters: 0.999995 -0.000580403 0.00306536 0.000576594 0.999999 0.00111177 -0.00306664 -0.00110923 0.999994 0.137842 0.0597643 -0.060978
FixedParameters: 0 0 0

#Transform 37
Transform: AffineTransform_float_3_3
Parameters: 0.999993 -0.000486954 0.00387788 0.000486047 1 0.000246887 -0.00387712 -0.000245114 0.999993 0.147537 0.0854544 -0.0414723
FixedParameters: 0 0 0

#Transform 38
Transform: AffineTransform_float_3_3
Parameters: 0.999994 -2.33814e-06 0.003503 6.61842e-07 1 0.000382005 -0.003503 -0.000381994 0.999994 0.0400069 0.000652926 -0.0964479
FixedParameters: 0 0 0

#Transform 39
Transform: AffineTransform_float_3_3
Parameters: 0.999992 0.000815614 0.00387913 -0.000821385 0.999998 0.00138682 -0.00387786 -0.00139017 0.999991 0.0109063 0.0118013 -0.0144314
FixedParameters: 0 0 0

#Transform 40
Transform: AffineTransform_float_3_3
Parameters: 0.999998 0.000332435 0.00207125 -0.000333565 0.999999 0.00075531 -0.00207175 -0.00075569 0.999997 0.0957116 0.120223 -0.145303
FixedParameters: 0 0 0

#Transform 41
Transform: AffineTransform_float_3_3
Parameters: 0.999999 -0.00048695 0.00137766 0.000486048 0.999999 0.00069067 -0.00137834 -0.000689329 0.999999 0.0963634 0.119159 -0.153055
FixedParameters: 0 0 0

#Transform 42
Transform: AffineTransform_float_3_3
Parameters: 0.999999 -0.000488274 0.00131216 0.000485727 0.999999 0.00173264 -0.00131284 -0.00173236 0.999997 0.0752117 0.107489 -0.130224
FixedParameters: 0 0 0

#Transform 43
Transform: AffineTransform_float_3_3
Parameters: 0.999999 -0.000238691 0.0012735 0.000236309 0.999997 0.0021133 -0.0012735 -0.0021127 0.999997 0.085007 0.0840019 -0.165415
FixedParameters: 0 0 0

#Transform 44
Transform: AffineTransform_float_3_3
Parameters: 0.999999 5.24873e-05 0.00128306 -5.45139e-05 1 0.00117993 -0.00128294 -0.00117907 0.999999 0.124124 0.0997591 -0.121707
FixedParameters: 0 0 0

#Transform 45
Transform: AffineTransform_float_3_3
Parameters: 0.999999 -0.000695986 0.00128192 0.000694012 0.999998 0.00154989 -0.00128308 -0.00154811 0.999998 0.108541 0.0886043 -0.0975567
FixedParameters: 0 0 0

#Transform 46
Transform: AffineTransform_float_3_3
Parameters: 0.999998 5.53495e-05 0.00160602 -5.66503e-05 1 0.000404909 -0.00160598 -0.000405089 0.999998 0.121081 0.137548 -0.0700591
FixedParameters: 0 0 0

#Transform 47
Transform: AffineTransform_float_3_3
Parameters: 0.999999 -7.67523e-05 0.00128302 7.72476e-05 1 -0.000192901 -0.00128299 0.000193099 0.999999 0.148603 0.10441 0.0336421
FixedParameters: 0 0 0

#Transform 48
Transform: AffineTransform_float_3_3
Parameters: 0.999999 -0.000377024 0.000764495 0.000375976 0.999999 0.00133929 -0.000764504 -0.00133871 0.999999 0.152598 0.122557 0.110212
FixedParameters: 0 0 0

#Transform 49
Transform: AffineTransform_float_3_3
Parameters: 0.999999 9.18999e-05 0.00128323 -9.50994e-05 0.999997 0.00241588 -0.00128277 -0.00241612 0.999997 0.16345 0.126616 0.181094
FixedParameters: 0 0 0

#Transform 50
Transform: AffineTransform_float_3_3
Parameters: 0.999998 -0.000666746 0.0014673 0.000663255 0.999997 0.00255198 -0.0014687 -0.00255102 0.999995 0.14118 0.105276 0.178228
FixedParameters: 0 0 0

#Transform 51
Transform: AffineTransform_float_3_3
Parameters: 0.999998 -0.000609226 0.00214124 0.000602774 0.999995 0.0029063 -0.00214376 -0.0029057 0.999994 0.154065 0.119865 0.176561
FixedParameters: 0 0 0

#Transform 52
Transform: AffineTransform_float_3_3
Parameters: 0.999998 -0.000450981 0.00185279 0.000446017 0.999997 0.00268883 -0.00185421 -0.00268717 0.999994 0.124881 0.12633 0.21327
FixedParameters: 0 0 0

#Transform 53
Transform: AffineTransform_float_3_3
Parameters: 0.999998 -0.000930616 0.00141763 0.000927384 0.999997 0.00254832 -0.00142037 -0.00254768 0.999995 0.134051 0.152875 0.258935
FixedParameters: 0 0 0

#Transform 54
Transform: AffineTransform_float_3_3
Parameters: 0.999999 -0.000524977 0.00141927 0.000523022 0.999999 0.00139274 -0.00142073 -0.00139226 0.999998 0.117174 0.139748 0.274718
FixedParameters: 0 0 0

#Transform 55
Transform: AffineTransform_float_3_3
Parameters: 0.999999 -0.000727151 0.00156901 0.000724849 0.999999 0.00137114 -0.00157 -0.00136986 0.999998 0.100114 0.11863 0.28482
FixedParameters: 0 0 0

#Transform 56
Transform: AffineTransform_float_3_3
Parameters: 0.999999 -0.000360067 0.00141748 0.000357933 0.999999 0.00145751 -0.00141852 -0.00145749 0.999998 0.0682005 0.121695 0.31164
FixedParameters: 0 0 0

#Transform 57
Transform: AffineTransform_float_3_3
Parameters: 0.999999 -0.000531671 0.00172487 0.000527329 0.999997 0.00212791 -0.00172613 -0.00212709 0.999996 0.0696587 0.134103 0.26918
FixedParameters: 0 0 0

#Transform 58
Transform: AffineTransform_float_3_3
Parameters: 0.999998 -0.000326942 0.00219327 0.00032206 0.999998 0.00225271 -0.00219373 -0.00225229 0.999995 0.042499 0.106848 0.192125
FixedParameters: 0 0 0

#Transform 59
Transform: AffineTransform_float_3_3
Parameters: 0.999999 0.000867976 0.00108743 -0.000865025 0.999998 -0.00181594 -0.00108857 0.00181506 0.999998 0.0564432 0.118508 0.224014
FixedParameters: 0 0 0

#Transform 60
Transform: AffineTransform_float_3_3
Parameters: 0.999998 0.00125189 0.00104193 -0.0012511 0.999999 -0.000859305 -0.00104307 0.000857695 0.999999 0.0231155 0.167213 0.000552327
FixedParameters: 0 0 0

#Transform 61
Transform: AffineTransform_float_3_3
Parameters: 0.999999 0.000497492 0.00114479 -0.000496508 1 -0.000429569 -0.00114521 0.000429431 1 0.0802436 0.165604 0.0102309
FixedParameters: 0 0 0

#Transform 62
Transform: AffineTransform_float_3_3
Parameters: 0.999999 0.000496287 0.00122829 -0.000496712 0.999999 0.00057939 -0.00122771 -0.00058061 0.999999 0.0698216 0.117751 -0.0486598
FixedParameters: 0 0 0

#Transform 63
Transform: AffineTransform_float_3_3
Parameters: 0.999999 -6.30264e-05 0.000901929 6.19755e-05 1 0.00113706 -0.000901071 -0.00113794 0.999999 0.0932029 0.0887046 -0.0659509
FixedParameters: 0 0 0

#Transform 64
Transform: AffineTransform_float_3_3
Parameters: 0.999998 0.000453835 0.00160633 -0.000455163 0.999999 0.00072427 -0.00160567 -0.00072573 0.999999 0.0793063 0.114134 -0.101708
FixedParameters: 0 0 0

#Transform 65
Transform: AffineTransform_float_3_3
Parameters: 0.999999 0.000441176 0.00129394 -0.000441824 1 -0.000136572 -0.00129406 0.000135429 0.999999 0.103161 0.139588 -0.0360841
FixedParameters: 0 0 0

#Transform 66
Transform: AffineTransform_float_3_3
Parameters: 0.999998 4.79035e-05 0.001663 -4.80964e-05 1 5.79201e-05 -0.001663 -5.80797e-05 0.999998 0.141386 0.151125 -0.0288826
FixedParameters: 0 0 0

#Transform 67
Transform: AffineTransform_float_3_3
Parameters: 0.999999 -0.000641651 0.00128568 0.000641349 0.999999 0.000506825 -0.00128533 -0.000506176 0.999999 0.158257 0.17449 0.0793339
FixedParameters: 0 0 0

#Transform 68
Transform: AffineTransform_float_3_3
Parameters: 0.999999 -0.000566557 0.0015838 0.000566443 1 0.000351897 -0.0015842 -0.000351103 0.999998 0.136821 0.166119 0.0659353
FixedParameters: 0 0 0

#Transform 69
Transform: AffineTransform_float_3_3
Parameters: 0.999998 -0.00010758 0.00162996 0.000106421 1 0.000355174 -0.00163004 -0.000355825 0.999998 0.121442 0.160014 0.0688442
FixedParameters: 0 0 0

#Transform 70
Transform: AffineTransform_float_3_3
Parameters: 0.999999 -0.000696844 0.00166723 0.000695157 0.999999 0.00110616 -0.00166777 -0.00110484 0.999998 0.120815 0.174882 0.0574043
FixedParameters: 0 0 0

#Transform 71
Transform: AffineTransform_float_3_3
Parameters: 0.999999 -0.000549051 0.00169234 0.000546949 0.999999 0.00121193 -0.00169366 -0.00121107 0.999998 0.136848 0.156951 0.0836663
FixedParameters: 0 0 0

#Transform 72
Transform: AffineTransform_float_3_3
Parameters: 0.999998 -0.000575869 0.00187743 0.00057413 1 0.00099608 -0.00187857 -0.00099492 0.999997 0.140953 0.176374 0.12597
FixedParameters: 0 0 0

#Transform 73
Transform: AffineTransform_float_3_3
Parameters: 0.999999 -0.000399832 0.00143577 0.000399167 1 0.000580573 -0.00143523 -0.000579427 0.999999 0.121203 0.174196 0.144367
FixedParameters: 0 0 0

#Transform 74
Transform: AffineTransform_float_3_3
Parameters: 1 -0.00017698 -0.000132027 0.00017702 1 0.000150977 0.000131973 -0.000151023 1 0.115705 0.183329 0.17984
FixedParameters: 0 0 0

#Transform 75
Transform: AffineTransform_float_3_3
Parameters: 1 0.00013088 -0.000238066 -0.00013112 1 -0.000502969 0.000237934 0.000503031 1 0.0912627 0.172618 0.190996
FixedParameters: 0 0 0

#Transform 76
Transform: AffineTransform_float_3_3
Parameters: 1 0.000299175 0.000241783 -0.000298824 0.999999 -0.000725072 -0.000242217 0.000724927 0.999999 0.124645 0.194497 0.214782
FixedParameters: 0 0 0

#Transform 77
Transform: AffineTransform_float_3_3
Parameters: 1 -0.000270959 -4.62374e-05 0.00027104 0.999999 0.000875987 4.57626e-05 -0.000876012 0.999999 0.133944 0.204027 0.214628
FixedParameters: 0 0 0

#Transform 78
Transform: AffineTransform_float_3_3
Parameters: 1 -0.000234026 0.000158962 0.000233974 1 0.000163037 -0.000159038 -0.000162963 1 0.125495 0.18224 0.196433
FixedParameters: 0 0 0

#Transform 79
Transform: AffineTransform_float_3_3
Parameters: 1 0.000250008 6.49697e-05 -0.000249992 1 -0.000121016 -6.50302e-05 0.000120984 1 0.119264 0.1967 0.14121
FixedParameters: 0 0 0

#Transform 80
Transform: AffineTransform_float_3_3
Parameters: 1 0.000234902 0.000453051 -0.000235099 1 0.000217893 -0.000452949 -0.000217106 1 0.137675 0.191946 0.209461
FixedParameters: 0 0 0

#Transform 81
Transform: AffineTransform_float_3_3
Parameters: 1 -7.1612e-05 0.000599927 7.1388e-05 1 0.00102004 -0.000600073 -0.00101996 1 0.137513 0.199042 0.160611
FixedParameters: 0 0 0

#Transform 82
Transform: AffineTransform_float_3_3
Parameters: 1 -0.000172022 0.000241985 0.000171978 1 8.90416e-05 -0.000242015 -8.89584e-05 1 0.146908 0.192917 0.139026
FixedParameters: 0 0 0

#Transform 83
Transform: AffineTransform_float_3_3
Parameters: 1 -0.000139839 0.000520043 0.000140161 1 -0.000309927 -0.000519956 0.000310073 1 0.127002 0.197342 0.166021
FixedParameters: 0 0 0

#Transform 84
Transform: AffineTransform_float_3_3
Parameters: 1 0.000180732 0.00100705 -0.000180268 1 0.000265819 -0.00100695 -0.000266182 1 0.134041 0.197779 0.167086
FixedParameters: 0 0 0

#Transform 85
Transform: AffineTransform_float_3_3
Parameters: 1 -5.1855e-05 0.00100701 5.2145e-05 1 -0.000143948 -0.00100699 0.000144052 1 0.1435 0.192078 0.14876
FixedParameters: 0 0 0

#Transform 86
Transform: AffineTransform_float_3_3
Parameters: 1 4.84481e-05 0.00100698 -4.75519e-05 1 -0.000445048 -0.00100702 0.000444952 1 0.130835 0.202685 0.158152
FixedParameters: 0 0 0

#Transform 87
Transform: AffineTransform_float_3_3
Parameters: 1 -8.48928e-05 0.00108301 8.51072e-05 1 -9.89079e-05 -0.00108299 9.9092e-05 1 0.113135 0.186928 0.143391
FixedParameters: 0 0 0

#Transform 88
Transform: AffineTransform_float_3_3
Parameters: 0.999998 0.000363057 0.0019448 -0.000361943 1 -0.000543705 -0.0019452 0.000543295 0.999998 0.123964 0.178104 0.100439
FixedParameters: 0 0 0

#Transform 89
Transform: AffineTransform_float_3_3
Parameters: 0.999998 -8.84853e-05 0.00210002 8.85166e-05 1 -0.000245815 -0.00210098 0.000245186 0.999998 0.12213 0.183307 0.0793146
FixedParameters: 0 0 0

#Transform 90
Transform: AffineTransform_float_3_3
Parameters: 0.999997 0.000175135 0.00219099 -0.000174864 1 -6.23832e-05 -0.00219101 6.16164e-05 0.999997 0.152383 0.182054 0.0794678
FixedParameters: 0 0 0

#Transform 91
Transform: AffineTransform_float_3_3
Parameters: 0.999999 5.94891e-05 0.00157798 -5.95107e-05 1 -0.000310094 -0.00157802 0.000309906 0.999998 0.155288 0.186988 0.114319
FixedParameters: 0 0 0

#Transform 92
Transform: AffineTransform_float_3_3
Parameters: 0.999999 -8.90224e-05 0.001498 8.89774e-05 1 1.51333e-05 -0.001498 -1.48667e-05 0.999999 0.15616 0.20136 0.136973
FixedParameters: 0 0 0

#Transform 93
Transform: AffineTransform_float_3_3
Parameters: 0.999999 5.76283e-05 0.00137497 -5.73716e-05 1 -0.000457079 -0.00137503 0.000456921 0.999999 0.149404 0.173476 0.102773
FixedParameters: 0 0 0

#Transform 94
Transform: AffineTransform_float_3_3
Parameters: 0.999999 -1.81276e-05 0.00186699 1.68723e-05 1 0.000604032 -0.00186701 -0.000603967 0.999998 0.133014 0.190374 0.12953
FixedParameters: 0 0 0

#Transform 95
Transform: AffineTransform_float_3_3
Parameters: 0.999998 -9.97061e-05 0.00233897 9.82957e-05 1 0.000301231 -0.00233903 -0.000301768 0.999997 0.14189 0.172772 0.0818233
FixedParameters: 0 0 0

#Transform 96
Transform: AffineTransform_float_3_3
Parameters: 1 0.000309371 0.00113863 -0.000307628 0.999999 -0.00120435 -0.00113937 0.00120365 0.999998 0.129192 0.167867 0.0988689
FixedParameters: 0 0 0

#Transform 97
Transform: AffineTransform_float_3_3
Parameters: 0.999998 0.00215703 0.000862055 -0.00215097 0.999973 -0.00693887 -0.000876945 0.00693712 0.999975 -0.00495136 0.0601916 -0.0274318
FixedParameters: 0 0 0

#Transform 98
Transform: AffineTransform_float_3_3
Parameters: 0.999999 0.00032755 0.000795774 -0.000327449 0.999999 -0.000692261 -0.000796227 0.00069174 1 0.0104177 0.178724 -0.0752365
FixedParameters: 0 0 0

#Transform 99
Transform: AffineTransform_float_3_3
Parameters: 0.999998 0.00126943 0.000963805 -0.00126657 0.999996 -0.00252022 -0.000967194 0.00251878 0.999997 0.0223544 0.226361 -0.354572
FixedParameters: 0 0 0

#Transform 100
Transform: AffineTransform_float_3_3
Parameters: 0.999999 0.00117537 0.00086177 -0.00117262 0.999995 -0.00275101 -0.000865228 0.00274998 0.999996 0.0468371 0.229002 -0.455202
FixedParameters: 0 0 0

#Transform 101
Transform: AffineTransform_float_3_3
Parameters: 0.999975 -0.000409222 -0.00707716 0.00037678 0.999989 -0.00469478 0.00707885 0.00469222 0.999964 0.222228 0.26163 0.860295
FixedParameters: 0 0 0

#Transform 102
Transform: AffineTransform_float_3_3
Parameters: 0.999985 -0.000577632 -0.00533128 0.00055237 0.999989 -0.00480802 0.00533372 0.00480499 0.999974 0.246008 0.265789 0.704918
FixedParameters: 0 0 0

#Transform 103
Transform: AffineTransform_float_3_3
Parameters: 0.999986 -0.000482166 -0.00512704 0.000437837 0.999963 -0.00861136 0.00513096 0.00860964 0.99995 0.270046 0.278022 0.708024
FixedParameters: 0 0 0

#Transform 104
Transform: AffineTransform_float_3_3
Parameters: 0.99999 -0.000375709 -0.00450701 0.000351292 0.999985 -0.00548164 0.00450899 0.00548036 0.999975 0.21187 0.243074 0.665607
FixedParameters: 0 0 0

#Transform 105
Transform: AffineTransform_float_3_3
Parameters: 0.999981 -0.000571101 -0.00604684 0.000580902 0.999999 0.00147051 0.00604615 -0.00147348 0.99998 0.262759 0.283567 0.805067
FixedParameters: 0 0 0

#Transform 106
Transform: AffineTransform_float_3_3
Parameters: 0.999975 -0.000980365 -0.00691298 0.000965637 0.999998 -0.00208073 0.00691502 0.00207427 0.999974 0.332282 0.236629 0.773227
FixedParameters: 0 0 0

#Transform 107
Transform: AffineTransform_float_3_3
Parameters: 0.99999 0.000533912 -0.00454095 -0.000620091 0.999819 -0.0189784 0.00453005 0.0189806 0.999809 0.350135 0.285653 0.662855
FixedParameters: 0 0 0

#Transform 108
Transform: AffineTransform_float_3_3
Parameters: 0.999978 -0.00469707 -0.00464046 0.00482896 0.999573 0.0288422 0.00450355 -0.0288638 0.999573 0.155181 0.043137 0.536899
FixedParameters: 0 0 0

#Transform 109
Transform: AffineTransform_float_3_3
Parameters: 0.999983 -0.0041405 -0.00395311 0.00429949 0.999141 0.0412297 0.00377891 -0.0412463 0.999142 0.138824 0.285005 0.554805
FixedParameters: 0 0 0

#Transform 110
Transform: AffineTransform_float_3_3
Parameters: 0.999989 -0.00181885 -0.00444936 0.00194217 0.99961 0.0278337 0.00439764 -0.0278413 0.999602 0.144671 0.408858 0.668615
FixedParameters: 0 0 0

#Transform 111
Transform: AffineTransform_float_3_3
Parameters: 0.999989 -0.00173529 -0.00439066 0.00184872 0.99966 0.0260282 0.00434434 -0.0260358 0.999651 0.11383 0.446424 0.676966
FixedParameters: 0 0 0

#Transform 112
Transform: AffineTransform_float_3_3
Parameters: 0.999992 -0.0013471 -0.00379909 0.0014369 0.999716 0.0237607 0.00376592 -0.0237663 0.999711 0.14004 0.485886 0.707637
FixedParameters: 0 0 0

#Transform 113
Transform: AffineTransform_float_3_3
Parameters: 0.999992 -0.00112864 -0.00400687 0.00122036 0.999737 0.0228723 0.00398013 -0.0228767 0.999731 0.130035 0.493842 0.734854
FixedParameters: 0 0 0

#Transform 114
Transform: AffineTransform_float_3_3
Parameters: 0.999988 -0.000686817 -0.00471419 0.000790177 0.99976 0.0219205 0.0046978 -0.0219245 0.999748 0.122309 0.478879 0.672061
FixedParameters: 0 0 0

#Transform 115
Transform: AffineTransform_float_3_3
Parameters: 0.999986 -0.000787895 -0.00520387 0.000898106 0.999775 0.0211896 0.00518613 -0.0211944 0.999762 0.149806 0.507444 0.681384
FixedParameters: 0 0 0

#Transform 116
Transform: AffineTransform_float_3_3
Parameters: 0.999986 -0.000844467 -0.00520332 0.000945544 0.999813 0.0193484 0.00518668 -0.0193537 0.9998 0.149505 0.532644 0.732021
FixedParameters: 0 0 0

#Transform 117
Transform: AffineTransform_float_3_3
Parameters: 0.999987 -0.000461635 -0.00519579 0.000560366 0.999816 0.0191383 0.00518623 -0.0191417 0.999804 0.167571 0.535758 0.733679
FixedParameters: 0 0 0

#Transform 118
Transform: AffineTransform_float_3_3
Parameters: 0.999987 -0.000617087 -0.00519911 0.000718934 0.999807 0.0196235 0.00518689 -0.0196265 0.999794 0.144531 0.527223 0.733306
FixedParameters: 0 0 0

#Transform 119
Transform: AffineTransform_float_3_3
Parameters: 0.999986 -0.00111885 -0.0052097 0.00122416 0.999794 0.0202249 0.0051863 -0.0202311 0.999782 0.178378 0.564717 0.775313
FixedParameters: 0 0 0

#Transform 120
Transform: AffineTransform_float_3_3
Parameters: 0.999987 -0.00229708 -0.00467302 0.00239992 0.999752 0.0221401 0.00462099 -0.0221509 0.999744 0.206287 0.660104 0.824532
FixedParameters: 0 0 0

#Transform 121
Transform: AffineTransform_float_3_3
Parameters: 0.999986 -0.00136289 -0.00499668 0.0014631 0.999793 0.020288 0.00496733 -0.020295 0.999781 0.175855 0.617224 0.819334
FixedParameters: 0 0 0

#Transform 122
Transform: AffineTransform_float_3_3
Parameters: 0.999989 8.03493e-05 -0.00464131 -2.65966e-06 0.999861 0.0166622 0.00464169 -0.0166628 0.999851 0.178621 0.524978 0.855866
FixedParameters: 0 0 0

#Transform 123
Transform: AffineTransform_float_3_3
Parameters: 0.999993 -0.000398786 -0.00383774 0.00045922 0.999876 0.0157024 0.00383126 -0.0157036 0.99987 0.185095 0.535651 0.818489
FixedParameters: 0 0 0

#Transform 124
Transform: AffineTransform_float_3_3
Parameters: 0.999992 -0.000393708 -0.00397176 0.000448297 0.999907 0.0136783 0.00396624 -0.0136797 0.999898 0.186355 0.524191 0.834213
FixedParameters: 0 0 0

#Transform 125
Transform: AffineTransform_float_3_3
Parameters: 0.999989 -0.000848 -0.00475377 0.000927004 0.999861 0.0166408 0.00473923 -0.0166452 0.99985 0.194623 0.583158 0.795047
FixedParameters: 0 0 0

#Transform 126
Transform: AffineTransform_float_3_3
Parameters: 0.999987 -0.000533477 -0.00494186 0.000610525 0.999879 0.0154962 0.00493313 -0.0154988 0.999867 0.214352 0.607336 0.838824
FixedParameters: 0 0 0

#Transform 127
Transform: AffineTransform_float_3_3
Parameters: 0.999988 0.000113694 -0.00490598 -5.43038e-05 0.999926 0.0121664 0.00490702 -0.0121656 0.999914 0.203316 0.530969 0.821913
FixedParameters: 0 0 0

#Transform 128
Transform: AffineTransform_float_3_3
Parameters: 0.999989 0.000111666 -0.00467098 -5.43314e-05 0.999924 0.0123444 0.00467203 -0.0123436 0.999913 0.217815 0.534075 0.864173
FixedParameters: 0 0 0

#Transform 129
Transform: AffineTransform_float_3_3
Parameters: 0.999991 0.000104437 -0.00426506 -5.45623e-05 0.99993 0.0118243 0.00426594 -0.0118237 0.999921 0.207914 0.523107 0.845808
FixedParameters: 0 0 0

#Transform 130
Transform: AffineTransform_float_3_3
Parameters: 0.999992 0.000352601 -0.00397707 -0.000305399 0.999929 0.0119633 0.00398094 -0.0119617 0.999921 0.220915 0.521974 0.855799
FixedParameters: 0 0 0

#Transform 131
Transform: AffineTransform_float_3_3
Parameters: 0.999989 0.00036338 -0.00451716 -0.000311619 0.999936 0.0113705 0.00452083 -0.0113685 0.999925 0.237979 0.515657 0.901431
FixedParameters: 0 0 0

#Transform 132
Transform: AffineTransform_float_3_3
Parameters: 0.99999 0.000878727 -0.00443199 -0.000832274 0.999944 0.0105338 0.00444101 -0.0105302 0.999934 0.204324 0.49063 0.842547
FixedParameters: 0 0 0

#Transform 133
Transform: AffineTransform_float_3_3
Parameters: 0.999992 0.000755826 -0.00388083 -0.000718173 0.999953 0.00973887 0.00388818 -0.00973614 0.999945 0.205683 0.489833 0.788977
FixedParameters: 0 0 0

#Transform 134
Transform: AffineTransform_float_3_3
Parameters: 0.999991 0.000468646 -0.0040691 -0.000424355 0.99994 0.0109658 0.00407389 -0.0109642 0.999931 0.222327 0.484191 0.779676
FixedParameters: 0 0 0

#Transform 135
Transform: AffineTransform_float_3_3
Parameters: 0.999992 0.00030482 -0.00394219 -0.000265186 0.999952 0.00984313 0.0039448 -0.00984288 0.999944 0.216426 0.469786 0.729977
FixedParameters: 0 0 0

#Transform 136
Transform: AffineTransform_float_3_3
Parameters: 0.999992 0.000791107 -0.00376539 -0.000753897 0.999951 0.00984592 0.0037726 -0.0098431 0.999945 0.212516 0.491337 0.690451
FixedParameters: 0 0 0

#Transform 137
Transform: AffineTransform_float_3_3
Parameters: 0.999991 0.000860286 -0.00411759 -0.000824713 0.999961 0.00880547 0.00412542 -0.00880253 0.999953 0.225174 0.50804 0.708466
FixedParameters: 0 0 0

#Transform 138
Transform: AffineTransform_float_3_3
Parameters: 0.999992 0.000944133 -0.00384926 -0.000911871 0.999965 0.00834057 0.00385674 -0.00833742 0.999958 0.204573 0.488191 0.685665
FixedParameters: 0 0 0

#Transform 139
Transform: AffineTransform_float_3_3
Parameters: 0.999992 0.00060436 -0.0039409 -0.000577642 0.999976 0.00693933 0.0039451 -0.00693767 0.999968 0.201644 0.419878 0.609123
FixedParameters: 0 0 0

#Transform 140
Transform: AffineTransform_float_3_3
Parameters: 0.999984 -0.000477934 -0.0056396 0.000540071 0.99994 0.0110091 0.00563439 -0.0110119 0.999923 0.174278 0.398642 0.5545
FixedParameters: 0 0 0

#Transform 141
Transform: AffineTransform_float_3_3
Parameters: 0.999981 -0.000652097 -0.0061597 0.000737892 0.999903 0.0139537 0.0061493 -0.0139583 0.999883 0.193109 0.494589 0.798295
FixedParameters: 0 0 0

#Transform 142
Transform: AffineTransform_float_3_3
Parameters: 0.999978 -0.000970945 -0.00647699 0.00105406 0.999917 0.0128324 0.006464 -0.0128385 0.999896 0.221405 0.525785 0.744341
FixedParameters: 0 0 0

#Transform 143
Transform: AffineTransform_float_3_3
Parameters: 0.999972 -0.00185059 -0.00719322 0.0019684 0.999865 0.0163493 0.00716175 -0.0163627 0.99984 0.20894 0.45266 0.78096
FixedParameters: 0 0 0

#Transform 144
Transform: AffineTransform_float_3_3
Parameters: 0.999976 -0.00167105 -0.00662269 0.00179195 0.999831 0.0182986 0.0065913 -0.0183104 0.99981 0.218594 0.458898 0.786519
FixedParameters: 0 0 0

#Transform 145
Transform: AffineTransform_float_3_3
Parameters: 0.999978 -0.00129089 -0.00659323 0.00140913 0.999838 0.0179411 0.00656978 -0.0179499 0.999818 0.209279 0.500405 0.798011
FixedParameters: 0 0 0

#Transform 146
Transform: AffineTransform_float_3_3
Parameters: 0.999982 -0.000370565 -0.00611108 0.000460445 0.999892 0.0146395 0.00610592 -0.0146425 0.999874 0.182602 0.529042 0.723799
FixedParameters: 0 0 0

#Transform 147
Transform: AffineTransform_float_3_3
Parameters: 0.999982 -0.000334909 -0.0059515 0.000407084 0.999926 0.0121158 0.0059465 -0.0121182 0.999909 0.199853 0.549636 0.798937
FixedParameters: 0 0 0

#Transform 148
Transform: AffineTransform_float_3_3
Parameters: 0.999982 -0.000166182 -0.00592237 0.000235823 0.99993 0.0117898 0.00592063 -0.0117912 0.999913 0.215954 0.560337 0.778611
FixedParameters: 0 0 0

#Transform 149
Transform: AffineTransform_float_3_3
Parameters: 0.999983 -0.000236189 -0.0057978 0.00029681 0.999945 0.0104895 0.00579521 -0.0104915 0.999928 0.238688 0.55402 0.787977
FixedParameters: 0 0 0

#Transform 150
Transform: AffineTransform_float_3_3
Parameters: 0.999983 -0.000351321 -0.00594246 0.000419684 0.999933 0.0115597 0.00593855 -0.0115623 0.999916 0.224878 0.530088 0.773479
FixedParameters: 0 0 0

#Transform 151
Transform: AffineTransform_float_3_3
Parameters: 0.999982 -0.000626695 -0.00584596 0.000696306 0.999928 0.0120321 0.00583804 -0.0120359 0.99991 0.223766 0.520108 0.768153
FixedParameters: 0 0 0

#Transform 152
Transform: AffineTransform_float_3_3
Parameters: 0.999982 -0.000759553 -0.00605392 0.00084245 0.999907 0.0136281 0.00604308 -0.0136328 0.999889 0.225951 0.539653 0.76815
FixedParameters: 0 0 0

#Transform 153
Transform: AffineTransform_float_3_3
Parameters: 0.999979 -0.000649975 -0.00651981 0.000733024 0.999918 0.0127395 0.00651119 -0.0127445 0.999897 0.235892 0.549464 0.783164
FixedParameters: 0 0 0

#Transform 154
Transform: AffineTransform_float_3_3
Parameters: 0.999981 -0.000796187 -0.00610251 0.000865807 0.999934 0.0114459 0.00609249 -0.0114511 0.999916 0.210221 0.527065 0.774166
FixedParameters: 0 0 0

#Transform 155
Transform: AffineTransform_float_3_3
Parameters: 0.999982 -0.000750831 -0.00602503 0.00082017 0.999933 0.0114863 0.00601598 -0.0114907 0.999916 0.209382 0.538782 0.785486
FixedParameters: 0 0 0

#Transform 156
Transform: AffineTransform_float_3_3
Parameters: 0.999983 -0.000655456 -0.00587669 0.000720536 0.999937 0.011158 0.00586833 -0.011162 0.999921 0.226048 0.537998 0.813207
FixedParameters: 0 0 0

#Transform 157
Transform: AffineTransform_float_3_3
Parameters: 0.99998 -0.000720666 -0.00630968 0.000792328 0.999934 0.0114692 0.00630033 -0.0114738 0.999915 0.212452 0.524497 0.772034
FixedParameters: 0 0 0

#Transform 158
Transform: AffineTransform_float_3_3
Parameters: 0.999983 -0.000530723 -0.00567848 0.00059527 0.999933 0.0114998 0.00567153 -0.0115032 0.999918 0.205765 0.524451 0.779187
FixedParameters: 0 0 0

#Transform 159
Transform: AffineTransform_float_3_3
Parameters: 0.999984 -0.000588364 -0.00572722 0.000646637 0.999949 0.0100675 0.00572078 -0.0100705 0.999933 0.227344 0.550997 0.798538
FixedParameters: 0 0 0
