#Insight Transform File V1.0
#Transform 0
Transform: AffineTransform_float_3_3
Parameters: 1 4.116e-08 0.000294 4.116e-08 1 -0.00014 -0.000294 0.00014 1 -0.012705 -0.0267991 -0.226461
FixedParameters: 0 0 0

#Transform 1
Transform: AffineTransform_float_3_3
Parameters: 0.999999 0.000601977 0.000536906 -0.000601024 0.999998 -0.00181832 -0.000537094 0.00181868 0.999998 -0.0355245 0.19802 0.0449819
FixedParameters: 0 0 0

#Transform 2
Transform: AffineTransform_float_3_3
Parameters: 0.999999 0.000944996 -2.56378e-06 -0.000945004 0.999996 -0.002713 4.36203e-07 0.002713 0.999997 -0.00907205 0.237676 0.020937
FixedParameters: 0 0 0

#Transform 3
Transform: AffineTransform_float_3_3
Parameters: 1 0.00119899 -3.9555e-06 -0.00119901 0.999994 -0.003299 4.4475e-08 0.003299 0.999994 0.00619296 0.272586 -0.00519738
FixedParameters: 0 0 0

#Transform 4
Transform: AffineTransform_float_3_3
Parameters: 0.999999 0.00123499 -5.05238e-06 -0.00123501 0.999991 -0.00409099 -5.243e-08 0.004091 0.999991 0.00736097 0.289605 -0.0296968
FixedParameters: 0 0 0

#Transform 5
Transform: AffineTransform_float_3_3
Parameters: 0.999998 0.0020316 -0.000969052 -0.0020344 0.999995 -0.00248404 0.000963948 0.00248597 0.999997 0.0145623 0.263224 -0.00386163
FixedParameters: 0 0 0

#Transform 6
Transform: AffineTransform_float_3_3
Parameters: 0.999998 0.00194888 -0.000761631 -0.00195312 0.999983 -0.00544852 0.000750367 0.00545047 0.999985 0.0396489 0.302117 0.0609333
FixedParameters: 0 0 0

#Transform 7
Transform: AffineTransform_float_3_3
Parameters: 0.999998 0.00168843 5.87056e-05 -0.00168857 0.999976 -0.00669011 -6.9298e-05 0.00668989 0.999977 0.00230571 0.349153 0.0361745
FixedParameters: 0 0 0

#Transform 8
Transform: AffineTransform_float_3_3
Parameters: 0.999999 0.00172091 0.000231192 -0.00171908 0.999967 -0.00802841 -0.000245808 0.00802759 0.999967 -0.00410924 0.427001 0.0367175
FixedParameters: 0 0 0

#Transform 9
Transform: AffineTransform_float_3_3
Parameters: 0.999998 0.00221136 0.00052492 -0.00220564 0.999947 -0.00999718 -0.000547076 0.00999581 0.99995 -0.0191314 0.39151 0.0259615
FixedParameters: 0 0 0

#Transform 10
Transform: AffineTransform_float_3_3
Parameters: 0.999987 0.000521923 -0.00519543 -0.000440086 0.999876 0.0157565 0.00520258 -0.0157545 0.999863 0.127034 -0.467794 -0.346842
FixedParameters: 0 0 0

#Transform 11
Transform: AffineTransform_float_3_3
Parameters: 0.999993 0.00165156 0.00336293 -0.00157644 0.999749 -0.0223484 -0.00339907 0.0223435 0.999744 -0.100076 0.72784 0.56775
FixedParameters: 0 0 0

#Transform 12
Transform: AffineTransform_float_3_3
Parameters: 0.999999 0.00162431 0.000480672 -0.00162069 0.999959 -0.00883279 -0.000495334 0.0088322 0.999961 -0.00857428 0.468906 0.157386
FixedParameters: 0 0 0

#Transform 13
Transform: AffineTransform_float_3_3
Parameters: 0.999998 0.00207862 0.000272722 -0.00207539 0.999918 -0.0126526 -0.000298283 0.0126524 0.99992 0.0127909 0.598527 0.149024
FixedParameters: 0 0 0

#Transform 14
Transform: AffineTransform_float_3_3
Parameters: 0.999998 0.00205616 0.000958186 -0.00204185 0.999892 -0.01455 -0.000987812 0.014548 0.999893 -0.0197573 0.647946 0.21271
FixedParameters: 0 0 0

#Transform 15
Transform: AffineTransform_float_3_3
Parameters: 0.999997 0.00210114 0.00137577 -0.00207886 0.999872 -0.0159009 -0.00140923 0.0158981 0.999872 -0.00375193 0.64903 0.247249
FixedParameters: 0 0 0

#Transform 16
Transform: AffineTransform_float_3_3
Parameters: 0.999995 0.00228563 0.00187203 -0.00225337 0.999857 -0.0167273 -0.00190995 0.0167227 0.999859 -0.0132989 0.638992 0.220675
FixedParameters: 0 0 0

#Transform 17
Transform: AffineTransform_float_3_3
Parameters: 0.999996 0.00228003 0.00170575 -0.00225398 0.999884 -0.0151099 -0.00173925 0.0151061 0.999884 -0.0141802 0.564698 0.197034
FixedParameters: 0 0 0

#Transform 18
Transform: AffineTransform_float_3_3
Parameters: 0.999997 0.00153397 0.0018924 -0.00151204 0.999932 -0.0115559 -0.0019096 0.0115531 0.999932 -0.0205568 0.417701 0.217933
FixedParameters: 0 0 0

#Transform 19
Transform: AffineTransform_float_3_3
Parameters: 0.999996 0.00202664 0.00188384 -0.00200236 0.999913 -0.0129908 -0.00191017 0.0129872 0.999914 -0.00530895 0.480408 0.203224
FixedParameters: 0 0 0

#Transform 20
Transform: AffineTransform_float_3_3
Parameters: 0.999996 0.00201801 0.00187826 -0.00198799 0.999872 -0.0158458 -0.00190974 0.0158412 0.999872 -0.0238211 0.584337 0.228403
FixedParameters: 0 0 0

#Transform 21
Transform: AffineTransform_float_3_3
Parameters: 0.999996 0.00221566 0.00187434 -0.00218534 0.999867 -0.0162062 -0.00190966 0.0162018 0.999867 -0.0117806 0.602015 0.240342
FixedParameters: 0 0 0

#Transform 22
Transform: AffineTransform_float_3_3
Parameters: 0.999995 0.00229076 0.00224006 -0.00225024 0.999835 -0.0180321 -0.00228094 0.0180269 0.999835 -0.0142552 0.646546 0.297103
FixedParameters: 0 0 0

#Transform 23
Transform: AffineTransform_float_3_3
Parameters: 0.999997 0.00164743 0.00188639 -0.00162058 0.999895 -0.0144511 -0.00190962 0.0144479 0.999894 -0.00790224 0.560503 0.28786
FixedParameters: 0 0 0

#Transform 24
Transform: AffineTransform_float_3_3
Parameters: 0.999995 0.00110747 0.00272568 -0.00106852 0.999901 -0.014076 -0.00274131 0.014073 0.999897 -0.0650519 0.546992 0.317356
FixedParameters: 0 0 0

#Transform 25
Transform: AffineTransform_float_3_3
Parameters: 0.999995 0.00212547 0.00208043 -0.00208554 0.999821 -0.0187924 -0.00211956 0.0187886 0.999821 0.00230724 0.65853 0.371061
FixedParameters: 0 0 0

#Transform 26
Transform: AffineTransform_float_3_3
Parameters: 0.999997 0.00179155 0.00180726 -0.00176045 0.999848 -0.0173112 -0.00183775 0.0173087 0.999848 -0.0152055 0.660837 0.286581
FixedParameters: 0 0 0

#Transform 27
Transform: AffineTransform_float_3_3
Parameters: 0.999996 0.00237483 0.00193958 -0.00233716 0.999812 -0.0192796 -0.00198543 0.0192754 0.999812 -0.0097872 0.71059 0.251733
FixedParameters: 0 0 0

#Transform 28
Transform: AffineTransform_float_3_3
Parameters: 0.999994 0.00271586 0.00188816 -0.00267414 0.999758 -0.0218322 -0.00194684 0.0218268 0.99976 -0.00427593 0.733421 0.289444
FixedParameters: 0 0 0

#Transform 29
Transform: AffineTransform_float_3_3
Parameters: 0.999997 0.00112377 0.00181913 -0.00110122 0.999921 -0.01247 -0.00183387 0.012468 0.99992 -0.022291 0.319683 0.257723
FixedParameters: 0 0 0

#Transform 30
Transform: AffineTransform_float_3_3
Parameters: 0.999996 0.00214593 0.00219381 -0.00210307 0.99981 -0.0193877 -0.00223519 0.0193833 0.999809 -0.03868 0.671242 0.325979
FixedParameters: 0 0 0

#Transform 31
Transform: AffineTransform_float_3_3
Parameters: 0.999995 0.00282582 0.00144317 -0.00279516 0.999777 -0.0209311 -0.00150283 0.0209269 0.99978 0.0176601 0.75146 0.356589
FixedParameters: 0 0 0

#Transform 32
Transform: AffineTransform_float_3_3
Parameters: 0.999993 0.00320783 0.00216725 -0.00316117 0.999768 -0.021277 -0.00223476 0.02127 0.999772 -0.010903 0.699634 0.360013
FixedParameters: 0 0 0

#Transform 33
Transform: AffineTransform_float_3_3
Parameters: 0.999993 0.00287853 0.00210716 -0.00283345 0.999769 -0.0213031 -0.00216884 0.0212969 0.999771 0.00808334 0.712833 0.396367
FixedParameters: 0 0 0

#Transform 34
Transform: AffineTransform_float_3_3
Parameters: 0.999993 0.0030923 0.00174408 -0.00305267 0.999751 -0.0221055 -0.00181292 0.0221005 0.999754 0.0138299 0.721922 0.394797
FixedParameters: 0 0 0

#Transform 35
Transform: AffineTransform_float_3_3
Parameters: 0.999992 0.0033096 0.00194087 -0.00326542 0.999741 -0.0225505 -0.00201414 0.0225435 0.999744 0.00596405 0.703962 0.382007
FixedParameters: 0 0 0

#Transform 36
Transform: AffineTransform_float_3_3
Parameters: 0.999995 0.0023812 0.00233286 -0.0023298 0.999761 -0.0217095 -0.00238413 0.0217034 0.999761 -0.0194011 0.747907 0.36526
FixedParameters: 0 0 0

#Transform 37
Transform: AffineTransform_float_3_3
Parameters: 0.999994 0.00241189 0.00218215 -0.00236311 0.999752 -0.0221363 -0.00223485 0.0221307 0.999752 -0.0142474 0.761621 0.402009
FixedParameters: 0 0 0

#Transform 38
Transform: AffineTransform_float_3_3
Parameters: 0.999994 0.00264234 0.00222735 -0.00258967 0.999728 -0.0231809 -0.00228764 0.0231751 0.999729 0.000729104 0.763857 0.412199
FixedParameters: 0 0 0

#Transform 39
Transform: AffineTransform_float_3_3
Parameters: 0.999995 0.00255474 0.00217797 -0.00250526 0.999743 -0.0225416 -0.00223503 0.0225364 0.999743 -0.00548817 0.752953 0.401613
FixedParameters: 0 0 0

#Transform 40
Transform: AffineTransform_float_3_3
Parameters: 0.999995 0.00262873 0.00210576 -0.00258126 0.999746 -0.0223586 -0.00216425 0.0223534 0.999748 -0.00145632 0.737471 0.378394
FixedParameters: 0 0 0

#Transform 41
Transform: AffineTransform_float_3_3
Parameters: 0.999993 0.00261793 0.00238199 -0.00256307 0.999738 -0.0227782 -0.00244101 0.0227718 0.999737 -0.0116088 0.736939 0.389259
FixedParameters: 0 0 0

#Transform 42
Transform: AffineTransform_float_3_3
Parameters: 0.999994 0.00264631 0.00234417 -0.0025937 0.999745 -0.0224582 -0.00240285 0.0224518 0.999745 -0.0106515 0.736066 0.370568
FixedParameters: 0 0 0

#Transform 43
Transform: AffineTransform_float_3_3
Parameters: 0.999994 0.00243345 0.00219197 -0.00239454 0.999838 -0.0178263 -0.00223503 0.0178207 0.999838 0.0058175 0.582873 0.358248
FixedParameters: 0 0 0

#Transform 44
Transform: AffineTransform_float_3_3
Parameters: 0.999994 0.00279933 0.00175595 -0.00276567 0.999821 -0.018705 -0.00180804 0.0187001 0.999824 0.0243408 0.593608 0.380671
FixedParameters: 0 0 0

#Transform 45
Transform: AffineTransform_float_3_3
Parameters: 0.999995 0.00243491 0.00205476 -0.0023961 0.999821 -0.018732 -0.00209925 0.018727 0.999823 0.0118794 0.600984 0.387599
FixedParameters: 0 0 0

#Transform 46
Transform: AffineTransform_float_3_3
Parameters: 0.999994 0.00249232 0.00218658 -0.00244866 0.999805 -0.0195985 -0.00223541 0.0195925 0.999805 0.00033805 0.636824 0.382852
FixedParameters: 0 0 0

#Transform 47
Transform: AffineTransform_float_3_3
Parameters: 0.999996 0.00208157 0.00219541 -0.00203844 0.999814 -0.0192156 -0.00223458 0.0192114 0.999813 -0.00502641 0.654361 0.387703
FixedParameters: 0 0 0

#Transform 48
Transform: AffineTransform_float_3_3
Parameters: 0.999994 0.00044163 0.0032167 -0.000393364 0.999886 -0.0151033 -0.00322331 0.0151017 0.999881 -0.168167 0.47193 0.42418
FixedParameters: 0 0 0

#Transform 49
Transform: AffineTransform_float_3_3
Parameters: 0.999888 -0.0149612 -0.000370997 0.0149368 0.99612 0.0867282 -0.000927992 -0.0867248 0.996232 -0.364153 -2.43051 -2.40373
FixedParameters: 0 0 0

#Transform 50
Transform: AffineTransform_float_3_3
Parameters: 0.998962 -0.0455137 -0.00179287 0.0455493 0.998205 0.0389037 1.91031e-05 -0.0389453 0.999242 -1.68998 -1.09923 -5.08858
FixedParameters: 0 0 0

#Transform 51
Transform: AffineTransform_float_3_3
Parameters: 0.998833 -0.0481505 -0.00394301 0.0482245 0.998601 0.0216922 0.00289297 -0.0218578 0.999757 -1.85083 -0.227751 -3.10337
FixedParameters: 0 0 0

#Transform 52
Transform: AffineTransform_float_3_3
Parameters: 0.998703 -0.050468 -0.00674556 0.0507049 0.997854 0.0414337 0.00463949 -0.0417213 0.999119 -1.81243 -0.671167 -3.24634
FixedParameters: 0 0 0

#Transform 53
Transform: AffineTransform_float_3_3
Parameters: 0.998702 -0.0502362 -0.00848393 0.0505399 0.9979 0.0405108 0.00643108 -0.0408872 0.999143 -1.76998 -0.64525 -3.10822
FixedParameters: 0 0 0

#Transform 54
Transform: AffineTransform_float_3_3
Parameters: 0.998606 -0.0515469 -0.0114152 0.0520981 0.997135 0.0548528 0.00855478 -0.0553712 0.998429 -1.73502 -1.05376 -3.35724
FixedParameters: 0 0 0

#Transform 55
Transform: AffineTransform_float_3_3
Parameters: 0.99863 -0.0513127 -0.0101827 0.0517743 0.997309 0.0519039 0.0074913 -0.0523591 0.9986 -1.77545 -0.92651 -3.22485
FixedParameters: 0 0 0

#Transform 56
Transform: AffineTransform_float_3_3
Parameters: 0.99868 -0.050358 -0.010058 0.0507679 0.997658 0.0458218 0.00772694 -0.0462722 0.998899 -1.72544 -0.688302 -3.11181
FixedParameters: 0 0 0

#Transform 57
Transform: AffineTransform_float_3_3
Parameters: 0.998687 -0.0503594 -0.00932553 0.0507245 0.997729 0.0443282 0.0070715 -0.0447429 0.998974 -1.77338 -0.6224 -3.15548
FixedParameters: 0 0 0

#Transform 58
Transform: AffineTransform_float_3_3
Parameters: 0.998654 -0.0511028 -0.00879802 0.0514442 0.997692 0.044317 0.00651296 -0.04471 0.998979 -1.81055 -0.607726 -3.15652
FixedParameters: 0 0 0

#Transform 59
Transform: AffineTransform_float_3_3
Parameters: 0.998703 -0.0500084 -0.0095667 0.0503866 0.997734 0.0445928 0.00731532 -0.0450172 0.99896 -1.79768 -0.578816 -3.19344
FixedParameters: 0 0 0

#Transform 60
Transform: AffineTransform_float_3_3
Parameters: 0.998659 -0.050763 -0.0102131 0.0511651 0.997722 0.0439664 0.00795789 -0.0444296 0.998981 -1.75454 -0.586923 -3.18369
FixedParameters: 0 0 0

#Transform 61
Transform: AffineTransform_float_3_3
Parameters: 0.998687 -0.0504639 -0.00873687 0.0507911 0.997798 0.0426372 0.00656618 -0.0430248 0.999053 -1.78877 -0.520826 -3.1253
FixedParameters: 0 0 0

#Transform 62
Transform: AffineTransform_float_3_3
Parameters: 0.99868 -0.0506337 -0.00863954 0.0509542 0.997814 0.0420994 0.00648842 -0.0424846 0.999076 -1.80804 -0.500549 -3.12978
FixedParameters: 0 0 0

#Transform 63
Transform: AffineTransform_float_3_3
Parameters: 0.998697 -0.0503324 -0.00844611 0.0506415 0.997847 0.0416616 0.00633194 -0.0420345 0.999096 -1.80017 -0.459765 -3.11392
FixedParameters: 0 0 0

#Transform 64
Transform: AffineTransform_float_3_3
Parameters: 0.998672 -0.0507383 -0.00895665 0.0510706 0.997819 0.0418051 0.00681533 -0.0422068 0.999085 -1.77811 -0.448857 -3.12905
FixedParameters: 0 0 0

#Transform 65
Transform: AffineTransform_float_3_3
Parameters: 0.9986 -0.0520453 -0.00937263 0.0524207 0.997586 0.0455564 0.0069793 -0.0459846 0.998918 -1.78822 -0.35043 -3.17851
FixedParameters: 0 0 0

#Transform 66
Transform: AffineTransform_float_3_3
Parameters: 0.99863 -0.0514798 -0.00930025 0.0518501 0.997627 0.0453028 0.00694573 -0.0457232 0.99893 -1.78575 -0.357747 -3.15315
FixedParameters: 0 0 0

#Transform 67
Transform: AffineTransform_float_3_3
Parameters: 0.998662 -0.0506229 -0.0105565 0.0510461 0.997698 0.0446469 0.00827253 -0.0451262 0.998947 -1.73919 -0.381367 -3.14056
FixedParameters: 0 0 0

#Transform 68
Transform: AffineTransform_float_3_3
Parameters: 0.998733 -0.050306 -0.00128474 0.0503049 0.998733 -0.000832683 0.00132528 0.000767302 0.999999 -2.05486 0.850857 -1.8116
FixedParameters: 0 0 0

#Transform 69
Transform: AffineTransform_float_3_3
Parameters: 0.999181 -0.0291335 0.0281074 0.0332645 0.986565 -0.159946 -0.0230697 0.16075 0.986726 -2.15056 3.64322 3.33739
FixedParameters: 0 0 0

#Transform 70
Transform: AffineTransform_float_3_3
Parameters: 0.999489 -0.0240338 0.0210482 0.0272721 0.985016 -0.170293 -0.0166398 0.17078 0.985168 -1.95755 4.58442 4.20988
FixedParameters: 0 0 0

#Transform 71
Transform: AffineTransform_float_3_3
Parameters: 0.999522 -0.0270203 0.0150225 0.0288757 0.989524 -0.141455 -0.0110425 0.141821 0.98983 -1.79232 3.9303 2.30243
FixedParameters: 0 0 0

#Transform 72
Transform: AffineTransform_float_3_3
Parameters: 0.998658 -0.0506619 -0.0107748 0.0513241 0.995907 0.0743888 0.00696228 -0.0748422 0.997171 -1.45404 -1.85328 -1.41827
FixedParameters: 0 0 0

#Transform 73
Transform: AffineTransform_float_3_3
Parameters: 0.998766 -0.0493611 -0.00559378 0.0495759 0.997572 0.0489091 0.00316522 -0.0491259 0.998787 -1.508 -1.20801 -1.05713
FixedParameters: 0 0 0

#Transform 74
Transform: AffineTransform_float_3_3
Parameters: 0.998862 -0.0475926 -0.00309606 0.0476754 0.998167 0.0372828 0.00131591 -0.0373882 0.9993 -1.55132 -0.723302 -0.900507
FixedParameters: 0 0 0

#Transform 75
Transform: AffineTransform_float_3_3
Parameters: 0.999154 -0.0410458 -0.00254239 0.0410992 0.9988 0.026637 0.00144661 -0.026719 0.999642 -1.47631 -0.504375 -0.91354
FixedParameters: 0 0 0

#Transform 76
Transform: AffineTransform_float_3_3
Parameters: 0.999714 0.0111841 -0.0211346 -0.015624 0.974625 -0.223295 0.0181014 0.223561 0.974522 -0.701803 4.78502 4.54734
FixedParameters: 0 0 0

#Transform 77
Transform: AffineTransform_float_3_3
Parameters: 0.999795 -0.0177337 0.00976623 0.0187933 0.992358 -0.121948 -0.00752875 0.122107 0.992489 -1.84317 4.22877 3.93215
FixedParameters: 0 0 0

#Transform 78
Transform: AffineTransform_float_3_3
Parameters: 0.999778 -0.0195545 0.00777633 0.0201795 0.995669 -0.0907542 -0.00596771 0.0908908 0.995843 -1.46983 3.08936 3.33922
FixedParameters: 0 0 0

#Transform 79
Transform: AffineTransform_float_3_3
Parameters: 0.999802 -0.0188445 0.00647332 0.0193935 0.9949 -0.0989841 -0.00457462 0.0990909 0.995068 -1.39489 3.10069 3.31652
FixedParameters: 0 0 0

#Transform 80
Transform: AffineTransform_float_3_3
Parameters: 0.999789 -0.0195371 0.00634311 0.0200819 0.994592 -0.101899 -0.00431789 0.102005 0.994774 -1.43123 3.49481 3.20881
FixedParameters: 0 0 0

#Transform 81
Transform: AffineTransform_float_3_3
Parameters: 0.999811 -0.0183961 0.00640183 0.018963 0.994382 -0.104145 -0.00445018 0.104247 0.994541 -1.37963 3.42662 3.14395
FixedParameters: 0 0 0

#Transform 82
Transform: AffineTransform_float_3_3
Parameters: 0.999818 -0.0176557 0.00713482 0.0183083 0.994296 -0.105072 -0.00523913 0.105185 0.994439 -1.41865 3.41211 3.00224
FixedParameters: 0 0 0

#Transform 83
Transform: AffineTransform_float_3_3
Parameters: 0.999811 -0.0175252 0.00834509 0.0183088 0.994256 -0.105457 -0.0064488 0.105591 0.994389 -1.45222 3.36202 2.90791
FixedParameters: 0 0 0

#Transform 84
Transform: AffineTransform_float_3_3
Parameters: 0.999824 -0.0170976 0.00770154 0.0178123 0.994315 -0.104971 -0.00586244 0.10509 0.994446 -1.41668 3.31189 2.80681
FixedParameters: 0 0 0

#Transform 85
Transform: AffineTransform_float_3_3
Parameters: 0.999821 -0.0174904 0.00712426 0.0181386 0.994369 -0.104408 -0.00525779 0.104519 0.994509 -1.40418 3.26844 2.77878
FixedParameters: 0 0 0

#Transform 86
Transform: AffineTransform_float_3_3
Parameters: 0.999825 -0.017368 0.00705191 0.0180071 0.994425 -0.103903 -0.00520808 0.104013 0.994563 -1.3902 3.24314 2.77121
FixedParameters: 0 0 0

#Transform 87
Transform: AffineTransform_float_3_3
Parameters: 0.999833 -0.0167964 0.00714323 0.0174495 0.994397 -0.104261 -0.00535183 0.104367 0.994525 -1.37764 3.16705 2.73501
FixedParameters: 0 0 0

#Transform 88
Transform: AffineTransform_float_3_3
Parameters: 0.999834 -0.0169402 0.00680163 0.0175578 0.994382 -0.104391 -0.0049954 0.104493 0.994513 -1.36561 3.18549 2.72057
FixedParameters: 0 0 0

#Transform 89
Transform: AffineTransform_float_3_3
Parameters: 0.999833 -0.0169334 0.00685899 0.0175536 0.994448 -0.103754 -0.00506405 0.103857 0.99458 -1.36605 3.16528 2.72939
FixedParameters: 0 0 0

#Transform 90
Transform: AffineTransform_float_3_3
Parameters: 0.999835 -0.0168854 0.00673315 0.0174935 0.994433 -0.103915 -0.00494091 0.104016 0.994564 -1.36351 3.16384 2.71122
FixedParameters: 0 0 0

#Transform 91
Transform: AffineTransform_float_3_3
Parameters: 0.999836 -0.0168962 0.00652716 0.0174838 0.994438 -0.103861 -0.00473576 0.103958 0.994571 -1.35423 3.1579 2.69854
FixedParameters: 0 0 0

#Transform 92
Transform: AffineTransform_float_3_3
Parameters: 0.999837 -0.0168995 0.00643592 0.0174755 0.994456 -0.103685 -0.00464814 0.103782 0.99459 -1.34711 3.18125 2.69442
FixedParameters: 0 0 0

#Transform 93
Transform: AffineTransform_float_3_3
Parameters: 0.999821 -0.0172916 0.00769058 0.0179934 0.994505 -0.103132 -0.00586538 0.103252 0.994638 -1.41481 3.17801 2.66006
FixedParameters: 0 0 0

#Transform 94
Transform: AffineTransform_float_3_3
Parameters: 0.999951 -0.00942742 0.0032357 0.00973761 0.993318 -0.114992 -0.00213024 0.115018 0.993361 -1.13628 3.72623 5.93791
FixedParameters: 0 0 0

#Transform 95
Transform: AffineTransform_float_3_3
Parameters: 0.999976 0.00193789 0.00665457 -0.000887043 0.988004 -0.15443 -0.00687445 0.15442 0.987982 -0.984663 4.54391 6.56661
FixedParameters: 0 0 0

#Transform 96
Transform: AffineTransform_float_3_3
Parameters: 0.999846 -0.00873285 0.0152216 0.0105362 0.992385 -0.122722 -0.0140344 0.122864 0.992325 -1.37859 3.59942 3.97926
FixedParameters: 0 0 0

#Transform 97
Transform: AffineTransform_float_3_3
Parameters: 0.999891 -0.0101111 0.0107766 0.01103 0.995977 -0.0889339 -0.00983443 0.0890432 0.995979 -1.14378 2.84688 3.28364
FixedParameters: 0 0 0

#Transform 98
Transform: AffineTransform_float_3_3
Parameters: 0.999799 -0.0109762 0.0167658 0.0127678 0.993761 -0.110803 -0.0154452 0.110995 0.993701 -1.45849 3.44723 3.66474
FixedParameters: 0 0 0

#Transform 99
Transform: AffineTransform_float_3_3
Parameters: 0.999574 -0.0291926 -0.000945804 0.0291924 0.999573 0.000390556 0.000933212 -0.000417421 0.999999 -1.001 1.15216 1.89932
FixedParameters: 0 0 0

#Transform 100
Transform: AffineTransform_float_3_3
Parameters: 0.998664 -0.0416743 0.0305584 0.0346938 0.978934 0.201211 -0.0382995 -0.199882 0.979071 -2.26836 -5.01605 -4.87866
FixedParameters: 0 0 0

#Transform 101
Transform: AffineTransform_float_3_3
Parameters: 0.998951 -0.0355906 0.0288133 0.0305263 0.986593 0.160324 -0.0341338 -0.159276 0.986644 -2.06065 -3.57937 -3.90159
FixedParameters: 0 0 0

#Transform 102
Transform: AffineTransform_float_3_3
Parameters: 0.998856 -0.040107 0.0260394 0.037858 0.995932 0.0817684 -0.0292126 -0.0806887 0.996311 -1.93199 -1.34851 -2.76797
FixedParameters: 0 0 0

#Transform 103
Transform: AffineTransform_float_3_3
Parameters: 0.998963 -0.0423001 0.0168454 0.041619 0.998376 0.0389124 -0.0184636 -0.0381716 0.9991 -1.69909 0.169971 -1.24563
FixedParameters: 0 0 0

#Transform 104
Transform: AffineTransform_float_3_3
Parameters: 0.998934 -0.0428306 0.0172116 0.0420573 0.998187 0.0430437 -0.0190244 -0.0422742 0.998925 -1.72086 0.0618163 -1.27828
FixedParameters: 0 0 0

#Transform 105
Transform: AffineTransform_float_3_3
Parameters: 0.998898 -0.0449985 0.0133893 0.0444235 0.998192 0.0404885 -0.0151877 -0.0398495 0.999091 -1.30868 0.540767 -1.40704
FixedParameters: 0 0 0

#Transform 106
Transform: AffineTransform_float_3_3
Parameters: 0.99756 -0.055267 0.0426715 0.049431 0.990615 0.127435 -0.0493144 -0.125015 0.990928 -2.6541 -2.23688 -4.40569
FixedParameters: 0 0 0

#Transform 107
Transform: AffineTransform_float_3_3
Parameters: 0.99802 -0.0499344 0.0382451 0.0458035 0.993712 0.102162 -0.0431059 -0.100208 0.994033 -2.45069 -1.34861 -3.66681
FixedParameters: 0 0 0

#Transform 108
Transform: AffineTransform_float_3_3
Parameters: 0.998323 -0.0489004 0.0309804 0.0462477 0.995624 0.08121 -0.0348156 -0.0796411 0.996216 -2.17736 -0.763593 -3.44513
FixedParameters: 0 0 0

#Transform 109
Transform: AffineTransform_float_3_3
Parameters: 0.998317 -0.0485349 0.0317455 0.0460971 0.996231 0.073476 -0.0351925 -0.0718889 0.996791 -2.17607 -0.453642 -3.2788
FixedParameters: 0 0 0

#Transform 110
Transform: AffineTransform_float_3_3
Parameters: 0.998254 -0.048265 0.0340461 0.0458359 0.996575 0.0688387 -0.0372529 -0.0671582 0.997046 -2.27119 -0.304075 -3.08732
FixedParameters: 0 0 0

#Transform 111
Transform: AffineTransform_float_3_3
Parameters: 0.998218 -0.0477413 0.0358186 0.0453127 0.996804 0.0657894 -0.0388454 -0.0640487 0.997191 -2.32577 -0.232834 -2.91215
FixedParameters: 0 0 0

#Transform 112
Transform: AffineTransform_float_3_3
Parameters: 0.998223 -0.0473535 0.0361708 0.0449864 0.996957 0.0636543 -0.0390752 -0.0619137 0.997317 -2.32966 -0.153751 -2.86771
FixedParameters: 0 0 0

#Transform 113
Transform: AffineTransform_float_3_3
Parameters: 0.998198 -0.0479469 0.0360617 0.045571 0.996906 0.0640477 -0.0390213 -0.0622882 0.997295 -2.34453 -0.0643051 -2.88002
FixedParameters: 0 0 0

#Transform 114
Transform: AffineTransform_float_3_3
Parameters: 0.998116 -0.0473747 0.0389855 0.0457672 0.998105 0.0411478 -0.0408614 -0.0392852 0.998392 -2.40561 0.837761 -2.04227
FixedParameters: 0 0 0

#Transform 115
Transform: AffineTransform_float_3_3
Parameters: 0.998745 -0.0455695 0.0207748 0.0452386 0.998846 0.0161541 -0.0214872 -0.0151939 0.999653 -1.66053 1.54049 -1.96087
FixedParameters: 0 0 0

#Transform 116
Transform: AffineTransform_float_3_3
Parameters: 0.998751 -0.0455508 0.0205019 0.0452752 0.998881 0.0137224 -0.0211031 -0.0127767 0.999695 -1.66188 1.5923 -1.91238
FixedParameters: 0 0 0

#Transform 117
Transform: AffineTransform_float_3_3
Parameters: 0.998734 -0.0462073 0.0198706 0.0458667 0.998798 0.0172532 -0.0206443 -0.0163197 0.999653 -1.66909 1.45945 -1.95695
FixedParameters: 0 0 0

#Transform 118
Transform: AffineTransform_float_3_3
Parameters: 0.998963 -0.045176 0.00562238 0.044978 0.998494 0.0314124 -0.00703265 -0.0311276 0.99949 -1.3715 0.959479 -4.80981
FixedParameters: 0 0 0

#Transform 119
Transform: AffineTransform_float_3_3
Parameters: 0.998783 -0.0435453 0.023158 0.0427486 0.998512 0.0338381 -0.024597 -0.0328068 0.999159 -2.1359 0.782434 -4.71201
FixedParameters: 0 0 0

#Transform 120
Transform: AffineTransform_float_3_3
Parameters: 0.999456 -0.0320737 -0.00769202 0.0323033 0.998967 0.0319599 0.006659 -0.0321911 0.999459 -0.88141 -0.473758 -13.6367
FixedParameters: 0 0 0

#Transform 121
Transform: AffineTransform_float_3_3
Parameters: 0.999541 -0.0214198 0.0214322 0.0197782 0.997056 0.0740849 -0.0229558 -0.0736271 0.997021 -1.96743 -7.90841 -23.3699
FixedParameters: 0 0 0

#Transform 122
Transform: AffineTransform_float_3_3
Parameters: 0.975129 -0.0322235 -0.21928 0.101935 -0.813319 0.572819 -0.196802 -0.580925 -0.789807 2.36192 -123.63 18.2933
FixedParameters: 0 0 0

#Transform 123
Transform: AffineTransform_float_3_3
Parameters: 0.993955 0.00438983 0.109701 -0.109467 -0.0368141 0.993309 0.00839916 -0.999313 -0.0361109 -10.9064 -119.369 -57.3231
FixedParameters: 0 0 0

#Transform 124
Transform: AffineTransform_float_3_3
Parameters: 0.991609 0.0010736 0.12927 -0.129272 0.00196167 0.991607 0.000810496 -0.999997 0.00208325 -14.7111 -110.077 -48.1175
FixedParameters: 0 0 0

#Transform 125
Transform: AffineTransform_float_3_3
Parameters: 0.997066 0.032671 0.0692167 -0.0765304 0.411832 0.908041 0.00116121 -0.910674 0.413124 -5.42646 -42.822 -50.0088
FixedParameters: 0 0 0

#Transform 126
Transform: AffineTransform_float_3_3
Parameters: 0.998732 0.00074128 -0.050323 0.050324 -0.00143752 0.998732 0.000667695 -0.999998 -0.00147347 -2.5389 -71.7527 -61.2807
FixedParameters: 0 0 0

#Transform 127
Transform: AffineTransform_float_3_3
Parameters: 0.993892 0.000706873 0.110349 -0.110351 0.00974652 0.993845 -0.000372813 -0.999953 0.0097645 -14.7691 -111.348 -61.6958
FixedParameters: 0 0 0

#Transform 128
Transform: AffineTransform_float_3_3
Parameters: 0.999995 -0.00258518 -0.00151829 0.00152271 0.00143307 0.999998 -0.00258382 -0.999995 0.00143693 -4.91141 -48.9861 -60.8684
FixedParameters: 0 0 0

#Transform 129
Transform: AffineTransform_float_3_3
Parameters: 0.979955 0.190534 0.0581829 -0.177252 0.700567 0.691221 0.0909402 -0.687679 0.720296 -0.93454 -43.9617 -82.185
FixedParameters: 0 0 0

#Transform 130
Transform: AffineTransform_float_3_3
Parameters: 0.996944 -0.0744373 0.0237259 -0.00906721 0.191383 0.981473 -0.0775985 -0.978689 0.190123 -10.2701 -46.504 -53.6593
FixedParameters: 0 0 0

#Transform 131
Transform: AffineTransform_float_3_3
Parameters: 0.99652 0.0717575 0.0424259 -0.0449281 0.0336211 0.998425 0.0702176 -0.996856 0.0367279 -2.7462 -49.5181 -43.0695
FixedParameters: 0 0 0

#Transform 132
Transform: AffineTransform_float_3_3
Parameters: 0.999181 0.0139837 -0.0379526 -0.00116844 0.947918 0.318513 0.0404294 -0.318208 0.947158 -1.44598 -4.95503 -28.1027
FixedParameters: 0 0 0

#Transform 133
Transform: AffineTransform_float_3_3
Parameters: 0.997168 0.0192593 -0.0726898 -0.00490263 0.981239 0.192735 0.0750383 -0.191833 0.978554 -0.628318 -0.744312 -17.5281
FixedParameters: 0 0 0

#Transform 134
Transform: AffineTransform_float_3_3
Parameters: 0.997459 0.015563 -0.0695194 -0.00169105 0.980743 0.195293 0.0712197 -0.194679 0.978278 -0.540101 -1.7935 -19.2701
FixedParameters: 0 0 0

#Transform 135
Transform: AffineTransform_float_3_3
Parameters: 0.998559 -0.00551352 0.0533694 0.00723845 0.999456 -0.032172 -0.0531636 0.032513 0.998057 -10.4136 4.27692 -51.9003
FixedParameters: 0 0 0

#Transform 136
Transform: AffineTransform_float_3_3
Parameters: 0.71419 -0.0372907 -0.698957 0.0669873 0.997637 0.0152211 0.696739 -0.0576917 0.715002 33.4218 1.38425 -88.4156
FixedParameters: 0 0 0

#Transform 137
Transform: AffineTransform_float_3_3
Parameters: 0.798462 0.271058 -0.537575 -0.21943 0.962518 0.159405 0.560634 -0.00931859 0.828011 33.141 -7.00406 -76.9786
FixedParameters: 0 0 0

#Transform 138
Transform: AffineTransform_float_3_3
Parameters: 0.830324 0.125701 -0.542919 -0.158913 0.987186 -0.0144752 0.534143 0.0982966 0.83966 22.8492 1.46664 -63.5373
FixedParameters: 0 0 0

#Transform 139
Transform: AffineTransform_float_3_3
Parameters: 0.947063 0.112116 -0.300837 -0.1282 0.991158 -0.0341992 0.294343 0.0709559 0.953062 9.22917 5.66092 -81.8993
FixedParameters: 0 0 0

#Transform 140
Transform: AffineTransform_float_3_3
Parameters: 0.94956 0.0584022 -0.308099 -0.0799697 0.995118 -0.0578325 0.303216 0.0795542 0.949595 8.18366 6.78726 -82.5208
FixedParameters: 0 0 0

#Transform 141
Transform: AffineTransform_float_3_3
Parameters: 0.948416 0.0711154 -0.308951 -0.0745215 0.997219 0.000776549 0.308147 0.0222877 0.951077 8.91638 5.65031 -81.7481
FixedParameters: 0 0 0

#Transform 142
Transform: AffineTransform_float_3_3
Parameters: 0.878554 0.0809914 -0.470726 -0.0434099 0.994979 0.0901722 0.475666 -0.0587876 0.87766 15.7834 3.28639 -40.4576
FixedParameters: 0 0 0

#Transform 143
Transform: AffineTransform_float_3_3
Parameters: 0.873088 0.0365255 -0.486193 -0.0644933 0.99708 -0.0409075 0.48328 0.0670724 0.872893 14.9625 7.65455 -37.4135
FixedParameters: 0 0 0

#Transform 144
Transform: AffineTransform_float_3_3
Parameters: 0.751695 -0.0708431 -0.655695 -0.334543 0.815848 -0.47167 0.568362 0.57391 0.589569 20.924 17.4137 -39.5825
FixedParameters: 0 0 0

#Transform 145
Transform: AffineTransform_float_3_3
Parameters: 0.995013 0.0611764 -0.0787725 -0.0480316 0.98609 0.159117 0.0874106 -0.15454 0.984112 1.68097 7.6083 -96.4685
FixedParameters: 0 0 0

#Transform 146
Transform: AffineTransform_float_3_3
Parameters: 0.992897 0.112607 -0.0384055 -0.107563 0.987552 0.114766 0.0508515 -0.10982 0.99265 1.03897 9.91734 -100.25
FixedParameters: 0 0 0

#Transform 147
Transform: AffineTransform_float_3_3
Parameters: 0.991753 0.11816 -0.0496278 -0.11569 0.992026 0.0499998 0.0551393 -0.0438464 0.997516 0.65441 11.9995 -92.7368
FixedParameters: 0 0 0

#Transform 148
Transform: AffineTransform_float_3_3
Parameters: 0.997381 0.0566968 -0.0449096 -0.0569252 0.998371 -0.00381751 0.0446194 0.00636444 0.998984 0.146556 11.6716 -92.8063
FixedParameters: 0 0 0

#Transform 149
Transform: AffineTransform_float_3_3
Parameters: 0.994773 0.0740241 -0.070337 -0.0633208 0.987577 0.143814 0.0801091 -0.138609 0.987102 3.93938 8.51032 -98.1736
FixedParameters: 0 0 0

#Transform 150
Transform: AffineTransform_float_3_3
Parameters: -0.842674 -0.51661 -0.151709 0.499338 -0.644438 -0.579103 0.201403 -0.563749 0.801015 2.9179 -68.8821 -145.157
FixedParameters: 0 0 0

#Transform 151
Transform: AffineTransform_float_3_3
Parameters: 0.983849 0.123806 -0.129274 -0.0460731 0.873038 0.485471 0.172967 -0.471674 0.864643 17.2643 9.08203 -135.945
FixedParameters: 0 0 0

#Transform 152
Transform: AffineTransform_float_3_3
Parameters: 0.990213 0.0621548 -0.124965 0.0111266 0.857362 0.514593 0.139124 -0.510947 0.848279 14.6534 -2.8747 -133.585
FixedParameters: 0 0 0

#Transform 153
Transform: AffineTransform_float_3_3
Parameters: 0.988422 0.0669078 -0.136185 0.0163129 0.845467 0.533778 0.150854 -0.529818 0.834587 15.9695 -7.15156 -133.548
FixedParameters: 0 0 0

#Transform 154
Transform: AffineTransform_float_3_3
Parameters: 0.988043 0.0652377 -0.139692 0.0244708 0.828219 0.559871 0.15222 -0.556596 0.81672 16.3999 -12.1359 -134.37
FixedParameters: 0 0 0

#Transform 155
Transform: AffineTransform_float_3_3
Parameters: 0.949107 0.280157 0.143903 -0.279707 0.53974 0.794005 0.144776 -0.793847 0.590632 9.92136 -57.0267 -142.406
FixedParameters: 0 0 0

#Transform 156
Transform: AffineTransform_float_3_3
Parameters: 0.999351 0.0261558 0.0247893 -0.035999 0.755987 0.653596 -0.00164471 -0.654064 0.756438 -1.91317 -13.8263 -109.392
FixedParameters: 0 0 0

#Transform 157
Transform: AffineTransform_float_3_3
Parameters: 0.951363 0.0425626 -0.305117 0.164828 0.766407 0.620847 0.260268 -0.640944 0.722116 21.2102 7.37924 -133.866
FixedParameters: 0 0 0

#Transform 158
Transform: AffineTransform_float_3_3
Parameters: 0.966308 0.245479 -0.0773862 -0.0891959 0.601402 0.793952 0.241439 -0.7603 0.603035 24.0335 -60.7004 -147.995
FixedParameters: 0 0 0

#Transform 159
Transform: AffineTransform_float_3_3
Parameters: 0.973817 0.227222 0.00713173 -0.227334 0.973328 0.0308751 7.39383e-05 -0.0316889 0.999498 -53.3799 15.447 -4.38745
FixedParameters: 0 0 0
