#Insight Transform File V1.0
#Transform 0
Transform: AffineTransform_float_3_3
Parameters: 1 -0.000409 1.00614e-07 0.000409 1 -0.000246 1.00614e-07 0.000246 1 -0.00804701 -0.0318421 -0.186249
FixedParameters: 0 0 0

#Transform 1
Transform: AffineTransform_float_3_3
Parameters: 1 0.00105316 0.000287434 -0.00105285 1 -0.000537303 -0.000287565 0.000536698 1 0.00144346 0.0600913 0.0207768
FixedParameters: 0 0 0

#Transform 2
Transform: AffineTransform_float_3_3
Parameters: 0.999999 0.000776122 0.000416771 -0.000775877 0.999999 -0.000294323 -0.000417228 0.000293676 1 -0.00316406 0.0865456 -0.0435813
FixedParameters: 0 0 0

#Transform 3
Transform: AffineTransform_float_3_3
Parameters: 0.999999 0.000758661 0.00068627 -0.000758339 0.999999 -0.000962521 -0.00068673 0.00096248 1 -0.00382858 0.0926235 -0.0553634
FixedParameters: 0 0 0

#Transform 4
Transform: AffineTransform_float_3_3
Parameters: 1 0.000677931 0.000829241 -0.00067707 0.999999 -0.00112156 -0.00082976 0.00112144 0.999999 0.00596944 0.098054 -0.0753477
FixedParameters: 0 0 0

#Transform 5
Transform: AffineTransform_float_3_3
Parameters: 1 0.000700029 0.000829133 -0.000698972 0.999999 -0.00124058 -0.000829867 0.00123942 0.999999 -0.0162074 0.0716451 -0.110328
FixedParameters: 0 0 0

#Transform 6
Transform: AffineTransform_float_3_3
Parameters: 0.999999 0.000700618 0.00107395 -0.000699382 0.999998 -0.00150575 -0.00107505 0.00150525 0.999999 -0.0119037 0.110594 -0.0796255
FixedParameters: 0 0 0

#Transform 7
Transform: AffineTransform_float_3_3
Parameters: 0.999999 0.000890242 0.00154971 -0.000887757 0.999998 -0.00144738 -0.00155129 0.00144562 0.999998 0.00380923 0.0865528 -0.0804009
FixedParameters: 0 0 0

#Transform 8
Transform: AffineTransform_float_3_3
Parameters: 0.999998 0.0011848 0.00154962 -0.0011832 0.999998 -0.00116284 -0.00155138 0.00116016 0.999998 -0.00152183 0.0640217 -0.117445
FixedParameters: 0 0 0

#Transform 9
Transform: AffineTransform_float_3_3
Parameters: 0.999996 0.00158019 0.00223864 -0.00157381 0.999995 -0.00276353 -0.00224235 0.00275947 0.999993 -0.039857 0.0564818 -0.156879
FixedParameters: 0 0 0

#Transform 10
Transform: AffineTransform_float_3_3
Parameters: 0.999995 0.00205446 0.00249133 -0.00203854 0.999979 -0.00619111 -0.00250366 0.00618589 0.999977 -0.0242466 0.0523437 -0.178392
FixedParameters: 0 0 0

#Transform 11
Transform: AffineTransform_float_3_3
Parameters: 0.999994 0.00172941 0.00296534 -0.00171159 0.99998 -0.00620012 -0.00297567 0.00619489 0.999977 -0.0109989 0.0413601 -0.170111
FixedParameters: 0 0 0

#Transform 12
Transform: AffineTransform_float_3_3
Parameters: 0.999993 0.00174785 0.00315654 -0.00172715 0.999977 -0.00659549 -0.00316846 0.00659051 0.999974 0.0152616 0.0664546 -0.133707
FixedParameters: 0 0 0

#Transform 13
Transform: AffineTransform_float_3_3
Parameters: 0.999994 0.00184938 0.00316661 -0.00182862 0.999975 -0.00673984 -0.00317939 0.00673416 0.999973 0.0153626 0.0302613 -0.17429
FixedParameters: 0 0 0

#Transform 14
Transform: AffineTransform_float_3_3
Parameters: 0.999994 0.00176734 0.00314701 -0.00174466 0.999971 -0.00740454 -0.00316 0.00739846 0.999967 0.029076 0.0509796 -0.203757
FixedParameters: 0 0 0

#Transform 15
Transform: AffineTransform_float_3_3
Parameters: 0.999992 0.00172117 0.0036741 -0.00168883 0.999961 -0.00874228 -0.0036889 0.00873573 0.999955 0.0179284 0.0625985 -0.174422
FixedParameters: 0 0 0

#Transform 16
Transform: AffineTransform_float_3_3
Parameters: 0.999994 0.00205235 0.0028318 -0.00202665 0.999958 -0.0089268 -0.0028502 0.00892121 0.999956 0.0374999 0.0362181 -0.0817764
FixedParameters: 0 0 0

#Transform 17
Transform: AffineTransform_float_3_3
Parameters: 0.999993 0.00196491 0.00314032 -0.00193708 0.999961 -0.00855113 -0.00315767 0.00854485 0.999958 0.0015053 -0.00396417 -0.121624
FixedParameters: 0 0 0

#Transform 18
Transform: AffineTransform_float_3_3
Parameters: 0.999993 0.00219655 0.00309573 -0.00217145 0.999967 -0.00790978 -0.00311327 0.00790322 0.999964 0.0211181 0.0220059 -0.14096
FixedParameters: 0 0 0

#Transform 19
Transform: AffineTransform_float_3_3
Parameters: 0.999992 0.00198391 0.00367035 -0.0019491 0.999953 -0.00949024 -0.00368866 0.00948377 0.999948 0.0288072 0.0276855 -0.12753
FixedParameters: 0 0 0

#Transform 20
Transform: AffineTransform_float_3_3
Parameters: 0.999993 0.00199699 0.00337226 -0.00196501 0.999954 -0.0094647 -0.00339074 0.0094573 0.999949 0.0315049 -0.00675967 -0.126851
FixedParameters: 0 0 0

#Transform 21
Transform: AffineTransform_float_3_3
Parameters: 0.999992 0.00207012 0.00346602 -0.00203888 0.999955 -0.00924415 -0.00348499 0.00923787 0.999952 0.0322795 0.038455 -0.115419
FixedParameters: 0 0 0

#Transform 22
Transform: AffineTransform_float_3_3
Parameters: 0.999991 0.0020644 0.00364071 -0.00202961 0.999954 -0.00942548 -0.00366029 0.00941853 0.999949 0.0212558 0.00488302 -0.118534
FixedParameters: 0 0 0

#Transform 23
Transform: AffineTransform_float_3_3
Parameters: 0.999989 0.00201546 0.00408424 -0.00197754 0.999954 -0.00940018 -0.00410276 0.00939183 0.999948 0.00659147 0.0308043 -0.19181
FixedParameters: 0 0 0

#Transform 24
Transform: AffineTransform_float_3_3
Parameters: 0.999989 0.00220845 0.00419093 -0.00216855 0.999952 -0.0096312 -0.00421207 0.00962181 0.999945 0.016763 0.0358819 -0.180163
FixedParameters: 0 0 0

#Transform 25
Transform: AffineTransform_float_3_3
Parameters: 0.999989 0.00218181 0.00410557 -0.00214119 0.999948 -0.0099199 -0.00412643 0.0099101 0.999943 0.017005 0.0187965 -0.192593
FixedParameters: 0 0 0

#Transform 26
Transform: AffineTransform_float_3_3
Parameters: 0.999989 0.00200713 0.00409505 -0.00196787 0.999952 -0.00953716 -0.00411395 0.00952884 0.999946 0.0251939 0.010927 -0.171983
FixedParameters: 0 0 0

#Transform 27
Transform: AffineTransform_float_3_3
Parameters: 0.999987 0.00215016 0.00446654 -0.00210484 0.999947 -0.0100905 -0.00448846 0.0100815 0.999939 0.0249448 0.0568991 -0.173056
FixedParameters: 0 0 0

#Transform 28
Transform: AffineTransform_float_3_3
Parameters: 0.999985 0.00254075 0.00469653 -0.00249525 0.999949 -0.00972185 -0.00472046 0.00971014 0.999941 0.0305723 0.0394316 -0.181121
FixedParameters: 0 0 0

#Transform 29
Transform: AffineTransform_float_3_3
Parameters: 0.999984 0.00231599 0.00515552 -0.00226302 0.999945 -0.0102598 -0.00517848 0.0102482 0.999934 0.0403018 0.0749398 -0.192259
FixedParameters: 0 0 0

#Transform 30
Transform: AffineTransform_float_3_3
Parameters: 0.999982 0.0021485 0.00549535 -0.00208649 0.999936 -0.0111727 -0.00551964 0.0111603 0.999923 0.0364207 0.0388477 -0.174068
FixedParameters: 0 0 0

#Transform 31
Transform: AffineTransform_float_3_3
Parameters: 0.999984 0.00217371 0.0051057 -0.00210628 0.999911 -0.01323 -0.0051343 0.0132191 0.9999 0.049507 0.0265769 -0.187636
FixedParameters: 0 0 0

#Transform 32
Transform: AffineTransform_float_3_3
Parameters: 0.999984 0.00219754 0.00507487 -0.00212846 0.999907 -0.013472 -0.00510413 0.013461 0.999897 0.0502364 0.00512605 -0.165949
FixedParameters: 0 0 0

#Transform 33
Transform: AffineTransform_float_3_3
Parameters: 0.999984 0.00225985 0.00508323 -0.00218715 0.999896 -0.0142923 -0.00511477 0.0142807 0.999885 0.051213 -0.0126244 -0.168834
FixedParameters: 0 0 0

#Transform 34
Transform: AffineTransform_float_3_3
Parameters: 0.999985 0.00219163 0.00513497 -0.00211537 0.999887 -0.0148811 -0.00516704 0.0148699 0.999876 0.033938 0.0384256 -0.18372
FixedParameters: 0 0 0

#Transform 35
Transform: AffineTransform_float_3_3
Parameters: 0.999986 0.00236162 0.00486381 -0.00229238 0.999895 -0.0142704 -0.0048972 0.0142596 0.999887 0.0394017 0.00993834 -0.196056
FixedParameters: 0 0 0

#Transform 36
Transform: AffineTransform_float_3_3
Parameters: 0.999984 0.00215735 0.00511247 -0.00208564 0.999901 -0.0139209 -0.00514252 0.0139101 0.99989 0.0488791 0.0146256 -0.193039
FixedParameters: 0 0 0

#Transform 37
Transform: AffineTransform_float_3_3
Parameters: 0.999986 0.0022527 0.00492749 -0.0021873 0.999909 -0.013298 -0.00495752 0.013287 0.9999 0.0342264 -0.00243287 -0.198752
FixedParameters: 0 0 0

#Transform 38
Transform: AffineTransform_float_3_3
Parameters: 0.999985 0.00230912 0.00501564 -0.00224288 0.999909 -0.0133465 -0.00504637 0.0133346 0.999899 0.0463871 -0.00662875 -0.216159
FixedParameters: 0 0 0

#Transform 39
Transform: AffineTransform_float_3_3
Parameters: 0.999985 0.00223409 0.00495687 -0.00216591 0.999904 -0.0136999 -0.00498713 0.0136891 0.999894 0.035508 0.0329606 -0.194733
FixedParameters: 0 0 0

#Transform 40
Transform: AffineTransform_float_3_3
Parameters: 0.999986 0.0023696 0.00487815 -0.00230441 0.99991 -0.0132044 -0.00490885 0.0131936 0.999901 0.0362439 -0.00503044 -0.196853
FixedParameters: 0 0 0

#Transform 41
Transform: AffineTransform_float_3_3
Parameters: 0.999985 0.00266744 0.00482392 -0.00260256 0.999908 -0.0133158 -0.00485906 0.0133022 0.999899 0.0339419 0.0232411 -0.186252
FixedParameters: 0 0 0

#Transform 42
Transform: AffineTransform_float_3_3
Parameters: 0.999987 0.00288081 0.00422849 -0.00283019 0.999927 -0.0117381 -0.0042625 0.0117269 0.999922 0.0272998 0.0321329 -0.200876
FixedParameters: 0 0 0

#Transform 43
Transform: AffineTransform_float_3_3
Parameters: 0.999985 0.00273576 0.00464331 -0.00268224 0.999932 -0.0113316 -0.00467368 0.0113194 0.999925 0.0435535 0.0293382 -0.223775
FixedParameters: 0 0 0

#Transform 44
Transform: AffineTransform_float_3_3
Parameters: 0.999985 0.00256399 0.00484124 -0.00250701 0.999928 -0.0117423 -0.00487076 0.0117297 0.99992 0.0384973 0.0312618 -0.231126
FixedParameters: 0 0 0

#Transform 45
Transform: AffineTransform_float_3_3
Parameters: 0.999985 0.00276491 0.00471668 -0.0027021 0.999908 -0.0132929 -0.00475232 0.0132801 0.9999 0.0468477 -0.0145342 -0.240415
FixedParameters: 0 0 0

#Transform 46
Transform: AffineTransform_float_3_3
Parameters: 0.999983 0.00264253 0.00524 -0.00257347 0.999911 -0.0130417 -0.00527399 0.0130283 0.999901 0.0361142 0.0121844 -0.269118
FixedParameters: 0 0 0

#Transform 47
Transform: AffineTransform_float_3_3
Parameters: 0.999982 0.00256907 0.00542865 -0.00249294 0.9999 -0.0139738 -0.00546335 0.0139602 0.999887 0.0326689 -0.0126787 -0.324543
FixedParameters: 0 0 0

#Transform 48
Transform: AffineTransform_float_3_3
Parameters: 0.999984 0.00268464 0.00500075 -0.00261636 0.999903 -0.0136833 -0.00503625 0.0136697 0.999894 0.0390629 -0.0166462 -0.253431
FixedParameters: 0 0 0

#Transform 49
Transform: AffineTransform_float_3_3
Parameters: 0.999984 0.00256041 0.00506699 -0.00249359 0.999911 -0.0130688 -0.00510001 0.0130561 0.999902 0.0362029 0.00706235 -0.237748
FixedParameters: 0 0 0

#Transform 50
Transform: AffineTransform_float_3_3
Parameters: 0.999983 0.00250909 0.00514896 -0.00243791 0.999903 -0.0137658 -0.00518303 0.0137532 0.999892 0.0344841 0.0227909 -0.225208
FixedParameters: 0 0 0

#Transform 51
Transform: AffineTransform_float_3_3
Parameters: 0.999983 0.00250495 0.00523882 -0.00243005 0.999896 -0.014264 -0.00527418 0.014251 0.999884 0.0122076 -0.00425589 -0.234157
FixedParameters: 0 0 0

#Transform 52
Transform: AffineTransform_float_3_3
Parameters: 0.999984 0.00254795 0.00504125 -0.00247805 0.999901 -0.0138347 -0.00507575 0.0138213 0.999891 0.0233111 0.009194 -0.249082
FixedParameters: 0 0 0

#Transform 53
Transform: AffineTransform_float_3_3
Parameters: 0.999984 0.00253142 0.00517935 -0.00245459 0.999889 -0.014708 -0.00521565 0.014695 0.999879 0.0236126 0.0224551 -0.204518
FixedParameters: 0 0 0

#Transform 54
Transform: AffineTransform_float_3_3
Parameters: 0.999986 0.00245809 0.00472319 -0.00239191 0.9999 -0.0139475 -0.00475681 0.0139355 0.999891 0.00705765 -0.0241035 -0.201391
FixedParameters: 0 0 0

#Transform 55
Transform: AffineTransform_float_3_3
Parameters: 0.999983 0.00265336 0.00523502 -0.00257465 0.999886 -0.0149177 -0.00527398 0.0149043 0.999875 0.0365846 0.0118405 -0.178617
FixedParameters: 0 0 0

#Transform 56
Transform: AffineTransform_float_3_3
Parameters: 0.999984 0.00298291 0.00465469 -0.00291109 0.999878 -0.0153788 -0.0047003 0.0153652 0.999871 0.0348219 -0.0238283 -0.245778
FixedParameters: 0 0 0

#Transform 57
Transform: AffineTransform_float_3_3
Parameters: 0.999983 0.00281632 0.00523051 -0.00273369 0.999874 -0.0156796 -0.0052735 0.0156654 0.999864 0.0337781 0.0187136 -0.230361
FixedParameters: 0 0 0

#Transform 58
Transform: AffineTransform_float_3_3
Parameters: 0.999982 0.00296638 0.00522866 -0.00288461 0.999875 -0.0155034 -0.00527433 0.0154886 0.999866 0.0356462 -0.0277295 -0.234049
FixedParameters: 0 0 0

#Transform 59
Transform: AffineTransform_float_3_3
Parameters: 0.999983 0.00277098 0.00508926 -0.00269101 0.999874 -0.015656 -0.00513274 0.015642 0.999865 0.0397119 -0.026901 -0.24009
FixedParameters: 0 0 0

#Transform 60
Transform: AffineTransform_float_3_3
Parameters: 0.999982 0.00289211 0.00522943 -0.0028099 0.999873 -0.015641 -0.00527357 0.015626 0.999864 0.0370371 -0.00663095 -0.212643
FixedParameters: 0 0 0

#Transform 61
Transform: AffineTransform_float_3_3
Parameters: 0.999983 0.00280698 0.00522979 -0.00272301 0.999869 -0.0159975 -0.00527422 0.0159825 0.999859 0.0331245 0.00685341 -0.221701
FixedParameters: 0 0 0

#Transform 62
Transform: AffineTransform_float_3_3
Parameters: 0.999985 0.00264267 0.00482453 -0.00255532 0.999837 -0.0178836 -0.00487146 0.0178714 0.999829 0.0393768 -0.0141997 -0.194935
FixedParameters: 0 0 0

#Transform 63
Transform: AffineTransform_float_3_3
Parameters: 0.999982 0.0029633 0.0052205 -0.00286771 0.999828 -0.0183593 -0.00527351 0.0183437 0.999818 0.0422608 -0.00456806 -0.209363
FixedParameters: 0 0 0

#Transform 64
Transform: AffineTransform_float_3_3
Parameters: 0.999982 0.00295773 0.00521927 -0.00285927 0.999818 -0.0188243 -0.00527374 0.0188087 0.999809 0.0420517 -0.0388719 -0.201636
FixedParameters: 0 0 0

#Transform 65
Transform: AffineTransform_float_3_3
Parameters: 0.999982 0.00293162 0.00522091 -0.00283538 0.999827 -0.0184191 -0.0052741 0.0184039 0.999816 0.0296656 -0.0211857 -0.216895
FixedParameters: 0 0 0

#Transform 66
Transform: AffineTransform_float_3_3
Parameters: 0.999981 0.0030822 0.00521836 -0.0029858 0.999828 -0.0183439 -0.00527363 0.0183281 0.999818 0.0445158 0.00443884 -0.220697
FixedParameters: 0 0 0

#Transform 67
Transform: AffineTransform_float_3_3
Parameters: 0.999982 0.00297947 0.00522011 -0.00288253 0.999826 -0.0183914 -0.00527388 0.0183756 0.999817 0.0360528 -0.021796 -0.212748
FixedParameters: 0 0 0

#Transform 68
Transform: AffineTransform_float_3_3
Parameters: 0.999982 0.00298423 0.00508922 -0.00288678 0.999815 -0.019006 -0.00514477 0.018991 0.999807 0.0435788 -0.00171293 -0.216475
FixedParameters: 0 0 0

#Transform 69
Transform: AffineTransform_float_3_3
Parameters: 0.999982 0.003045 0.00521747 -0.00294601 0.999818 -0.0188787 -0.00527353 0.0188633 0.999808 0.0436556 -0.0132492 -0.233178
FixedParameters: 0 0 0

#Transform 70
Transform: AffineTransform_float_3_3
Parameters: 0.999981 0.00324592 0.00521129 -0.00314309 0.999802 -0.0196377 -0.00527371 0.0196202 0.999793 0.0429367 -0.0301699 -0.253467
FixedParameters: 0 0 0

#Transform 71
Transform: AffineTransform_float_3_3
Parameters: 0.999983 0.00331832 0.00481028 -0.00322368 0.999805 -0.0194858 -0.00487371 0.0194702 0.999798 0.0524124 -0.0322168 -0.226504
FixedParameters: 0 0 0

#Transform 72
Transform: AffineTransform_float_3_3
Parameters: 0.999983 0.00316918 0.00503755 -0.00307083 0.999807 -0.0193788 -0.00509744 0.0193632 0.999799 0.0402125 -0.0352123 -0.231018
FixedParameters: 0 0 0

#Transform 73
Transform: AffineTransform_float_3_3
Parameters: 0.999984 0.0030494 0.00461664 -0.00295558 0.999793 -0.0201059 -0.00467735 0.020092 0.999787 0.0484586 -0.0669358 -0.247828
FixedParameters: 0 0 0

#Transform 74
Transform: AffineTransform_float_3_3
Parameters: 0.999982 0.00294285 0.00521187 -0.00283015 0.999764 -0.0215291 -0.00527413 0.0215139 0.999754 0.0413556 -0.044426 -0.21531
FixedParameters: 0 0 0

#Transform 75
Transform: AffineTransform_float_3_3
Parameters: 0.999983 0.0031164 0.00496317 -0.00300461 0.999743 -0.0224953 -0.00503184 0.0224797 0.999734 0.0249562 -0.0909922 -0.254192
FixedParameters: 0 0 0

#Transform 76
Transform: AffineTransform_float_3_3
Parameters: 0.999985 0.00295474 0.00459656 -0.00285228 0.999749 -0.0221984 -0.00466045 0.0221856 0.999743 0.0475161 -0.0646153 -0.0679286
FixedParameters: 0 0 0

#Transform 77
Transform: AffineTransform_float_3_3
Parameters: 0.999981 0.00308636 0.00520733 -0.00297065 0.999753 -0.0220169 -0.00527366 0.0220011 0.999744 0.0511699 -0.0260629 -0.0537766
FixedParameters: 0 0 0

#Transform 78
Transform: AffineTransform_float_3_3
Parameters: 0.99998 0.00340816 0.00520031 -0.00329284 0.999752 -0.0219965 -0.00527367 0.0219784 0.999744 0.0508592 -0.0576805 -0.127223
FixedParameters: 0 0 0

#Transform 79
Transform: AffineTransform_float_3_3
Parameters: 0.99998 0.00340807 0.00520038 -0.00329294 0.999753 -0.0219765 -0.00527361 0.0219595 0.999745 0.0507257 -0.0367486 -0.16599
FixedParameters: 0 0 0

#Transform 80
Transform: AffineTransform_float_3_3
Parameters: 0.999984 0.00290507 0.00495554 -0.00279392 0.999748 -0.0222752 -0.00501946 0.0222608 0.999739 0.0428875 -0.0452483 -0.18835
FixedParameters: 0 0 0

#Transform 81
Transform: AffineTransform_float_3_3
Parameters: 0.999982 0.00322212 0.00520328 -0.00310589 0.999745 -0.0223616 -0.00527375 0.0223454 0.999737 0.0686334 -0.0304997 -0.205056
FixedParameters: 0 0 0

#Transform 82
Transform: AffineTransform_float_3_3
Parameters: 0.999983 0.0034015 0.00488928 -0.00329251 0.999752 -0.0220305 -0.00496271 0.0220135 0.999746 0.045198 -0.0795406 -0.215537
FixedParameters: 0 0 0

#Transform 83
Transform: AffineTransform_float_3_3
Parameters: 0.99998 0.00340722 0.00520093 -0.00329277 0.999756 -0.0218145 -0.00527405 0.0217964 0.999748 0.0514622 -0.0357438 -0.179601
FixedParameters: 0 0 0

#Transform 84
Transform: AffineTransform_float_3_3
Parameters: 0.999981 0.00339773 0.00511395 -0.00329327 0.999787 -0.0203492 -0.00518206 0.0203328 0.99978 0.0573163 -0.0385438 -0.18888
FixedParameters: 0 0 0

#Transform 85
Transform: AffineTransform_float_3_3
Parameters: 0.999979 0.00340183 0.00538881 -0.00329317 0.999793 -0.0200772 -0.00545618 0.0200588 0.999784 0.0564754 -0.0534159 -0.214904
FixedParameters: 0 0 0

#Transform 86
Transform: AffineTransform_float_3_3
Parameters: 0.999982 0.00339744 0.00504725 -0.00329255 0.999783 -0.020559 -0.00511675 0.020542 0.999776 0.0532042 -0.0954987 -0.247353
FixedParameters: 0 0 0

#Transform 87
Transform: AffineTransform_float_3_3
Parameters: 0.999985 0.00277922 0.00471718 -0.00268379 0.999795 -0.020073 -0.00477182 0.02006 0.999788 0.0204925 -0.0634921 -0.272234
FixedParameters: 0 0 0

#Transform 88
Transform: AffineTransform_float_3_3
Parameters: 0.99998 0.00340248 0.00521519 -0.00329252 0.999777 -0.0208596 -0.0052848 0.0208414 0.999769 0.0139489 -0.0611964 -0.257527
FixedParameters: 0 0 0

#Transform 89
Transform: AffineTransform_float_3_3
Parameters: 0.99998 0.00342371 0.00519721 -0.00329327 0.999683 -0.0249536 -0.00528179 0.0249364 0.999675 0.0203864 -0.126344 -0.214998
FixedParameters: 0 0 0

#Transform 90
Transform: AffineTransform_float_3_3
Parameters: 0.999979 0.00343114 0.00561387 -0.00329286 0.999696 -0.024433 -0.00569612 0.024414 0.999685 0.0418962 -0.0847477 -0.215811
FixedParameters: 0 0 0

#Transform 91
Transform: AffineTransform_float_3_3
Parameters: 0.999979 0.00343315 0.00561264 -0.00329284 0.999687 -0.024792 -0.00569636 0.024773 0.999677 0.0300472 -0.0875525 -0.19361
FixedParameters: 0 0 0

#Transform 92
Transform: AffineTransform_float_3_3
Parameters: 0.999979 0.00342781 0.00561591 -0.0032932 0.999711 -0.02384 -0.0056961 0.023821 0.9997 0.0419132 -0.103898 -0.202116
FixedParameters: 0 0 0

#Transform 93
Transform: AffineTransform_float_3_3
Parameters: 0.999977 0.00343473 0.00574764 -0.00329326 0.999694 -0.0244885 -0.00583036 0.0244695 0.999683 0.0407093 -0.0869784 -0.209023
FixedParameters: 0 0 0

#Transform 94
Transform: AffineTransform_float_3_3
Parameters: 0.999978 0.00343513 0.00567334 -0.00329287 0.999685 -0.0248752 -0.00575666 0.0248558 0.999675 0.0413486 -0.11852 -0.204359
FixedParameters: 0 0 0

#Transform 95
Transform: AffineTransform_float_3_3
Parameters: 0.999979 0.00343005 0.00561454 -0.00329294 0.999701 -0.024239 -0.00569646 0.02422 0.999691 0.041812 -0.093503 -0.226246
FixedParameters: 0 0 0

#Transform 96
Transform: AffineTransform_float_3_3
Parameters: 0.999978 0.0034339 0.00568524 -0.0032931 0.999691 -0.0246103 -0.00576776 0.0245907 0.999681 0.0549213 -0.0876075 -0.225535
FixedParameters: 0 0 0

#Transform 97
Transform: AffineTransform_float_3_3
Parameters: 0.999974 0.00472724 0.00533128 -0.00457276 0.999575 -0.0287651 -0.00546474 0.0287399 0.999572 0.035727 -0.195743 -0.44432
FixedParameters: 0 0 0

#Transform 98
Transform: AffineTransform_float_3_3
Parameters: 0.999972 0.00344981 0.00664432 -0.00326018 0.999597 -0.0282205 -0.00673965 0.0281985 0.999579 0.0546508 -0.0713735 -0.417508
FixedParameters: 0 0 0

#Transform 99
Transform: AffineTransform_float_3_3
Parameters: 0.999973 0.00333275 0.00657056 -0.00314627 0.999597 -0.0282304 -0.00666144 0.0282096 0.99958 0.0931405 -0.0672753 -0.349988
FixedParameters: 0 0 0

#Transform 100
Transform: AffineTransform_float_3_3
Parameters: 0.999974 0.00332915 0.00642386 -0.00314484 0.99959 -0.0284669 -0.00651613 0.028446 0.999574 0.0942637 -0.0972096 -0.329674
FixedParameters: 0 0 0

#Transform 101
Transform: AffineTransform_float_3_3
Parameters: 0.999972 0.00358993 0.00658344 -0.00340109 0.999589 -0.0284862 -0.00668255 0.0284638 0.999572 0.0978185 -0.118792 -0.35895
FixedParameters: 0 0 0

#Transform 102
Transform: AffineTransform_float_3_3
Parameters: 0.999967 0.00344354 0.00727268 -0.00322949 0.999569 -0.0291714 -0.0073693 0.0291476 0.999548 0.108907 -0.101692 -0.43059
FixedParameters: 0 0 0

#Transform 103
Transform: AffineTransform_float_3_3
Parameters: 0.999964 0.00355829 0.00767784 -0.00332871 0.999554 -0.0296726 -0.00778016 0.0296464 0.99953 0.108599 -0.123738 -0.444496
FixedParameters: 0 0 0

#Transform 104
Transform: AffineTransform_float_3_3
Parameters: 0.999966 0.00365669 0.00738578 -0.00343629 0.999553 -0.0296764 -0.00749123 0.0296496 0.999533 0.116753 -0.126911 -0.47665
FixedParameters: 0 0 0

#Transform 105
Transform: AffineTransform_float_3_3
Parameters: 0.999964 0.00386832 0.00756629 -0.00364968 0.999582 -0.0286586 -0.00767369 0.0286303 0.99956 0.112127 -0.137155 -0.485665
FixedParameters: 0 0 0

#Transform 106
Transform: AffineTransform_float_3_3
Parameters: 0.999962 0.00420589 0.00766648 -0.00399213 0.999608 -0.0277037 -0.00777952 0.0276723 0.999587 0.105513 -0.163637 -0.480804
FixedParameters: 0 0 0

#Transform 107
Transform: AffineTransform_float_3_3
Parameters: 0.999962 0.0041792 0.00766758 -0.00396681 0.999611 -0.0276135 -0.00777944 0.0275815 0.99959 0.0915702 -0.164417 -0.489722
FixedParameters: 0 0 0

#Transform 108
Transform: AffineTransform_float_3_3
Parameters: 0.999963 0.00386867 0.00767361 -0.00364934 0.999592 -0.028309 -0.00777937 0.0282799 0.99957 0.101264 -0.140094 -0.445205
FixedParameters: 0 0 0

#Transform 109
Transform: AffineTransform_float_3_3
Parameters: 0.999964 0.00387157 0.00756869 -0.00364942 0.99957 -0.0290727 -0.00767829 0.0290443 0.999548 0.0980869 -0.169355 -0.404761
FixedParameters: 0 0 0

#Transform 110
Transform: AffineTransform_float_3_3
Parameters: 0.999966 0.00386469 0.00727292 -0.00365031 0.999564 -0.0293035 -0.00738309 0.0292765 0.999544 0.103577 -0.184528 -0.372658
FixedParameters: 0 0 0

#Transform 111
Transform: AffineTransform_float_3_3
Parameters: 0.999963 0.00387366 0.0076711 -0.00364935 0.999574 -0.0289581 -0.00777989 0.0289289 0.999551 0.0982231 -0.133034 -0.342359
FixedParameters: 0 0 0

#Transform 112
Transform: AffineTransform_float_3_3
Parameters: 0.999964 0.00467009 0.00709112 -0.00449392 0.999686 -0.0246478 -0.00720388 0.0246152 0.999671 0.0768792 -0.0986479 -0.352286
FixedParameters: 0 0 0

#Transform 113
Transform: AffineTransform_float_3_3
Parameters: 0.999964 0.00480293 0.00697828 -0.00464008 0.999724 -0.0230382 -0.0070867 0.0230048 0.99971 0.0445131 -0.105892 -0.356675
FixedParameters: 0 0 0

#Transform 114
Transform: AffineTransform_float_3_3
Parameters: 0.999965 0.00470707 0.00684047 -0.00452991 0.99966 -0.0256749 -0.00695952 0.0256431 0.999647 0.0583631 -0.135998 -0.379624
FixedParameters: 0 0 0

#Transform 115
Transform: AffineTransform_float_3_3
Parameters: 0.999959 0.00480482 0.00775402 -0.00459719 0.999635 -0.0265997 -0.00787899 0.0265632 0.999616 0.068663 -0.137884 -0.396039
FixedParameters: 0 0 0

#Transform 116
Transform: AffineTransform_float_3_3
Parameters: 0.999962 0.00470176 0.00732153 -0.00450724 0.999642 -0.026393 -0.00744347 0.026359 0.999625 0.0779823 -0.104968 -0.362048
FixedParameters: 0 0 0

#Transform 117
Transform: AffineTransform_float_3_3
Parameters: 0.999959 0.00487891 0.00755679 -0.00467609 0.999634 -0.0266394 -0.0076842 0.0266036 0.999616 0.0493129 -0.135003 -0.424444
FixedParameters: 0 0 0

#Transform 118
Transform: AffineTransform_float_3_3
Parameters: 0.99996 0.00429879 0.00776442 -0.00408522 0.999617 -0.0273438 -0.00787858 0.0273112 0.999596 0.0697728 -0.109635 -0.442575
FixedParameters: 0 0 0

#Transform 119
Transform: AffineTransform_float_3_3
Parameters: 0.999961 0.00435527 0.00776048 -0.00413675 0.999602 -0.0279232 -0.00787852 0.0278898 0.99958 0.0617493 -0.159613 -0.389243
FixedParameters: 0 0 0

#Transform 120
Transform: AffineTransform_float_3_3
Parameters: 0.999956 0.00406187 0.00838598 -0.00382212 0.999588 -0.0284253 -0.00849801 0.0283917 0.99956 0.109681 -0.107804 -0.340224
FixedParameters: 0 0 0

#Transform 121
Transform: AffineTransform_float_3_3
Parameters: 0.999953 0.00485043 0.00836586 -0.00461557 0.999599 -0.0279349 -0.00849816 0.0278951 0.999574 0.0622711 -0.113542 -0.362515
FixedParameters: 0 0 0

#Transform 122
Transform: AffineTransform_float_3_3
Parameters: 0.999956 0.00425639 0.008373 -0.00400062 0.999534 -0.0302848 -0.00849799 0.0302502 0.999506 0.115498 -0.141569 -0.312803
FixedParameters: 0 0 0

#Transform 123
Transform: AffineTransform_float_3_3
Parameters: 0.999956 0.00426794 0.00836001 -0.00400106 0.999489 -0.0316908 -0.00849099 0.0316561 0.999463 0.113722 -0.192946 -0.328496
FixedParameters: 0 0 0

#Transform 124
Transform: AffineTransform_float_3_3
Parameters: 0.999956 0.00426233 0.0082664 -0.00400065 0.999499 -0.0313764 -0.00839659 0.0313426 0.999474 0.108339 -0.168015 -0.333466
FixedParameters: 0 0 0

#Transform 125
Transform: AffineTransform_float_3_3
Parameters: 0.999956 0.0042739 0.00835696 -0.00400109 0.999467 -0.0324049 -0.00849104 0.0323691 0.99944 0.0960767 -0.174076 -0.290592
FixedParameters: 0 0 0

#Transform 126
Transform: AffineTransform_float_3_3
Parameters: 0.999952 0.00429546 0.00888964 -0.00400056 0.999452 -0.0328812 -0.00902535 0.0328438 0.999419 0.106921 -0.179393 -0.267045
FixedParameters: 0 0 0

#Transform 127
Transform: AffineTransform_float_3_3
Parameters: 0.99995 0.00430596 0.0090034 -0.00400105 0.999426 -0.0336197 -0.00914261 0.0335823 0.999394 0.117605 -0.168964 -0.289483
FixedParameters: 0 0 0

#Transform 128
Transform: AffineTransform_float_3_3
Parameters: 0.999951 0.0043016 0.00893238 -0.00400042 0.999434 -0.0334014 -0.00907061 0.0333646 0.999402 0.11608 -0.192807 -0.277155
FixedParameters: 0 0 0

#Transform 129
Transform: AffineTransform_float_3_3
Parameters: 0.999951 0.00429975 0.00891701 -0.00400025 0.999439 -0.0332553 -0.00905496 0.0332177 0.999407 0.123473 -0.185273 -0.282105
FixedParameters: 0 0 0

#Transform 130
Transform: AffineTransform_float_3_3
Parameters: 0.999949 0.0044639 0.00899853 -0.00416008 0.999429 -0.0335131 -0.00914346 0.0334739 0.999398 0.119766 -0.204991 -0.308897
FixedParameters: 0 0 0

#Transform 131
Transform: AffineTransform_float_3_3
Parameters: 0.99995 0.00441217 0.0089997 -0.00410782 0.999425 -0.0336497 -0.00914332 0.0336114 0.999393 0.122005 -0.189523 -0.329443
FixedParameters: 0 0 0

#Transform 132
Transform: AffineTransform_float_3_3
Parameters: 0.999949 0.00431805 0.00914186 -0.00400095 0.9994 -0.0344193 -0.00928513 0.0343817 0.999365 0.112104 -0.198946 -0.322645
FixedParameters: 0 0 0

#Transform 133
Transform: AffineTransform_float_3_3
Parameters: 0.999949 0.00443824 0.00899603 -0.00412776 0.999402 -0.0343259 -0.00914299 0.0342872 0.99937 0.111803 -0.206449 -0.337673
FixedParameters: 0 0 0

#Transform 134
Transform: AffineTransform_float_3_3
Parameters: 0.999953 0.00430259 0.00869111 -0.00400042 0.9994 -0.0344244 -0.00883388 0.0343886 0.99937 0.116954 -0.191442 -0.336342
FixedParameters: 0 0 0

#Transform 135
Transform: AffineTransform_float_3_3
Parameters: 0.999949 0.00443895 0.00899567 -0.00412703 0.9994 -0.0344059 -0.00914331 0.0343661 0.999367 0.120096 -0.191288 -0.314711
FixedParameters: 0 0 0

#Transform 136
Transform: AffineTransform_float_3_3
Parameters: 0.99995 0.00431162 0.00900069 -0.00400037 0.999406 -0.0342477 -0.00914329 0.0342103 0.999373 0.115388 -0.209589 -0.340988
FixedParameters: 0 0 0

#Transform 137
Transform: AffineTransform_float_3_3
Parameters: 0.999949 0.00431327 0.0091096 -0.00400071 0.999413 -0.0340242 -0.0092514 0.0339858 0.99938 0.143286 -0.207427 -0.324666
FixedParameters: 0 0 0

#Transform 138
Transform: AffineTransform_float_3_3
Parameters: 0.999946 0.00432802 0.00940021 -0.00400097 0.999395 -0.0345345 -0.00954378 0.0344945 0.99936 0.113264 -0.174721 -0.326671
FixedParameters: 0 0 0

#Transform 139
Transform: AffineTransform_float_3_3
Parameters: 0.999948 0.00431895 0.00916276 -0.00400104 0.999399 -0.0344394 -0.00930623 0.0344006 0.999365 0.117481 -0.211065 -0.34061
FixedParameters: 0 0 0

#Transform 140
Transform: AffineTransform_float_3_3
Parameters: 0.999948 0.004318 0.00924953 -0.00400102 0.999413 -0.0340208 -0.00939048 0.0339822 0.999379 0.120158 -0.207993 -0.348965
FixedParameters: 0 0 0

#Transform 141
Transform: AffineTransform_float_3_3
Parameters: 0.99995 0.00452657 0.00899134 -0.00421445 0.999397 -0.0344826 -0.00914168 0.0344434 0.999365 0.119478 -0.185607 -0.357061
FixedParameters: 0 0 0

#Transform 142
Transform: AffineTransform_float_3_3
Parameters: 0.999954 0.00431049 0.0086455 -0.00400054 0.999361 -0.0355002 -0.0087925 0.0354648 0.999333 0.118445 -0.199604 -0.317528
FixedParameters: 0 0 0

#Transform 143
Transform: AffineTransform_float_3_3
Parameters: 0.999954 0.00430717 0.00858511 -0.00400084 0.999367 -0.035366 -0.00873188 0.03533 0.999337 0.147528 -0.202761 -0.308274
FixedParameters: 0 0 0

#Transform 144
Transform: AffineTransform_float_3_3
Parameters: 0.999955 0.0040975 0.00858532 -0.00379052 0.999366 -0.0354172 -0.00872466 0.0353839 0.999335 0.131956 -0.175144 -0.331996
FixedParameters: 0 0 0

#Transform 145
Transform: AffineTransform_float_3_3
Parameters: 0.999955 0.00430428 0.00845128 -0.00400074 0.999359 -0.0355794 -0.00859872 0.0355446 0.999331 0.12088 -0.191654 -0.283333
FixedParameters: 0 0 0

#Transform 146
Transform: AffineTransform_float_3_3
Parameters: 0.999954 0.00424064 0.00858244 -0.00393837 0.999385 -0.0348634 -0.00872454 0.0348276 0.999355 0.123105 -0.217395 -0.315388
FixedParameters: 0 0 0

#Transform 147
Transform: AffineTransform_float_3_3
Parameters: 0.999954 0.00430443 0.00857936 -0.00400058 0.999376 -0.0350759 -0.00872462 0.03504 0.999348 0.138375 -0.181114 -0.341665
FixedParameters: 0 0 0

#Transform 148
Transform: AffineTransform_float_3_3
Parameters: 0.999951 0.0046527 0.00868047 -0.00434432 0.999369 -0.0352484 -0.00883853 0.0352096 0.999341 0.130803 -0.206051 -0.321273
FixedParameters: 0 0 0

#Transform 149
Transform: AffineTransform_float_3_3
Parameters: 0.999952 0.00463348 0.00864816 -0.00432652 0.99937 -0.0352411 -0.00880585 0.0352019 0.999341 0.130885 -0.224772 -0.35439
FixedParameters: 0 0 0

#Transform 150
Transform: AffineTransform_float_3_3
Parameters: 0.999955 0.00387421 0.00867606 -0.00356879 0.999383 -0.0349215 -0.00880594 0.0348895 0.999353 0.133594 -0.163734 -0.335848
FixedParameters: 0 0 0

#Transform 151
Transform: AffineTransform_float_3_3
Parameters: 0.99996 0.00435018 0.00787706 -0.00405283 0.999293 -0.0373574 -0.00803395 0.0373245 0.999271 0.10346 -0.253183 -0.011693
FixedParameters: 0 0 0

#Transform 152
Transform: AffineTransform_float_3_3
Parameters: 0.999952 0.00513116 0.0082627 -0.00482686 0.999325 -0.0364196 -0.00844329 0.0363784 0.999303 0.149957 -0.208893 -0.21485
FixedParameters: 0 0 0

#Transform 153
Transform: AffineTransform_float_3_3
Parameters: 0.999952 0.00513811 0.0083187 -0.00482688 0.999303 -0.0369969 -0.0085033 0.0369551 0.999281 0.128384 -0.214497 -0.236369
FixedParameters: 0 0 0

#Transform 154
Transform: AffineTransform_float_3_3
Parameters: 0.99995 0.00514229 0.00850109 -0.00482667 0.999314 -0.0367018 -0.00868489 0.0366591 0.99929 0.128749 -0.249983 -0.244225
FixedParameters: 0 0 0

#Transform 155
Transform: AffineTransform_float_3_3
Parameters: 0.999955 0.00482188 0.00822863 -0.00451312 0.9993 -0.0371508 -0.00840238 0.0371122 0.999276 0.16324 -0.229796 -0.26533
FixedParameters: 0 0 0

#Transform 156
Transform: AffineTransform_float_3_3
Parameters: 0.999953 0.0051398 0.00829006 -0.00482717 0.999291 -0.0373198 -0.00847696 0.0372782 0.999269 0.144539 -0.23018 -0.28732
FixedParameters: 0 0 0

#Transform 157
Transform: AffineTransform_float_3_3
Parameters: 0.999952 0.00514187 0.00834602 -0.00482712 0.999291 -0.0373191 -0.00853198 0.0372769 0.999268 0.13555 -0.24836 -0.289406
FixedParameters: 0 0 0

#Transform 158
Transform: AffineTransform_float_3_3
Parameters: 0.999944 0.00517646 0.00921319 -0.0048265 0.999283 -0.0375576 -0.00940179 0.0375104 0.999252 0.131105 -0.231795 -0.313125
FixedParameters: 0 0 0

#Transform 159
Transform: AffineTransform_float_3_3
Parameters: 0.999946 0.00532875 0.00894172 -0.00499123 0.999293 -0.0372696 -0.00913425 0.0372233 0.999265 0.128401 -0.257221 -0.334515
FixedParameters: 0 0 0
