# transform file /out/sourcedata/freesurfer/sub-v2s1x29867_ses-1/mri/transforms/cc_up.lta
# created by oesteban on Wed Mar 11 20:01:41 2026

type      = 0 # LINEAR_VOX_TO_VOX
nxforms   = 1
mean      = 131.0000 124.0000 126.0000
sigma     = 10000.0000
1 4 4
9.949254989624023e-01 9.378074854612350e-02 -3.644868358969688e-02 -9.918209075927734e+00 
-9.371788054704666e-02 9.955928921699524e-01 3.433316014707088e-03 3.150882339477539e+01 
3.661002963781357e-02 -4.656612873077393e-10 9.993296861648560e-01 -3.783997297286987e+00 
0.000000000000000e+00 0.000000000000000e+00 0.000000000000000e+00 1.000000000000000e+00 
src volume info
valid = 1  # volume info valid
filename = /out/sourcedata/freesurfer/sub-v2s1x29867_ses-1/mri/norm.mgz
volume = 256 256 256
voxelsize = 8.999999165534973e-01 8.999999165534973e-01 8.999999165534973e-01
xras   = -1.000000119209290e+00 0.000000000000000e+00 0.000000000000000e+00
yras   = 0.000000000000000e+00 0.000000000000000e+00 -1.000000000000000e+00
zras   = 0.000000000000000e+00 1.000000119209290e+00 0.000000000000000e+00
cras   = 4.401123046875000e+00 8.821411132812500e+00 1.961380004882812e+00
dst volume info
valid = 1  # volume info valid
filename = /out/sourcedata/freesurfer/sub-v2s1x29867_ses-1/mri/norm.mgz
volume = 256 256 256
voxelsize = 8.999999165534973e-01 8.999999165534973e-01 8.999999165534973e-01
xras   = -1.000000119209290e+00 0.000000000000000e+00 0.000000000000000e+00
yras   = 0.000000000000000e+00 0.000000000000000e+00 -1.000000000000000e+00
zras   = 0.000000000000000e+00 1.000000119209290e+00 0.000000000000000e+00
cras   = 4.401123046875000e+00 8.821411132812500e+00 1.961380004882812e+00
