#Insight Transform File V1.0
#Transform 0
Transform: AffineTransform_float_3_3
Parameters: 0.999999 0.000662716 -0.000744877 -0.000650298 0.999856 0.0169445 0.000755127 -0.0169435 0.999856 0.00606769 -0.0753358 0.373045
FixedParameters: 0 0 0

#Transform 1
Transform: AffineTransform_float_3_3
Parameters: 0.999987 -0.0014306 0.00488411 0.0013494 0.999863 0.0164668 -0.00490688 -0.0164592 0.999853 0.0680878 -0.0379575 -0.0778925
FixedParameters: 0 0 0

#Transform 2
Transform: AffineTransform_float_3_3
Parameters: 0.999992 -0.000815455 0.00397483 0.000758542 0.999899 0.0141841 -0.00398616 -0.0141809 0.999891 0.0491775 0.00732347 0.0170702
FixedParameters: 0 0 0

#Transform 3
Transform: AffineTransform_float_3_3
Parameters: 0.999997 -0.000741968 0.00262097 0.000713032 0.999939 0.0110359 -0.00262903 -0.0110341 0.999935 0.0293402 0.0353188 0.0713766
FixedParameters: 0 0 0

#Transform 4
Transform: AffineTransform_float_3_3
Parameters: 0.999998 -0.000436828 0.00155144 0.000424168 0.999966 0.00825866 -0.00155556 -0.00825833 0.999964 0.0260082 0.0442127 0.03494
FixedParameters: 0 0 0

#Transform 5
Transform: AffineTransform_float_3_3
Parameters: 0.999999 -0.000433693 0.00134491 0.000424306 0.999974 0.00719958 -0.00134809 -0.00719842 0.999973 0.0288217 0.0386418 0.0013188
FixedParameters: 0 0 0

#Transform 6
Transform: AffineTransform_float_3_3
Parameters: 0.999999 -0.000333845 0.000829065 0.000328149 0.999983 0.00583727 -0.000831929 -0.00583672 0.999982 0.0212885 0.0384533 0.0246056
FixedParameters: 0 0 0

#Transform 7
Transform: AffineTransform_float_3_3
Parameters: 0.999999 -2.82668e-05 0.000830866 2.47324e-05 0.999987 0.00513502 -0.000831138 -0.00513498 0.999987 0.0102201 0.0323717 0.0359341
FixedParameters: 0 0 0

#Transform 8
Transform: AffineTransform_float_3_3
Parameters: 1 -0.000429695 0.00110781 0.000424304 0.999986 0.00513547 -0.00111019 -0.00513553 0.999986 0.000171562 0.0182873 0.0464348
FixedParameters: 0 0 0

#Transform 9
Transform: AffineTransform_float_3_3
Parameters: 1 -0.000232049 0.000240994 0.000230951 0.99999 0.00434505 -0.000242006 -0.00434494 0.99999 0.00824247 -7.2857e-05 0.00995108
FixedParameters: 0 0 0

#Transform 10
Transform: AffineTransform_float_3_3
Parameters: 1 -0.0002108 0.000241303 0.0002102 0.999994 0.00331305 -0.000241698 -0.00331295 0.999994 -0.00022417 0.0141107 0.076827
FixedParameters: 0 0 0

#Transform 11
Transform: AffineTransform_float_3_3
Parameters: 1 -2.70978e-06 0.000241993 1.29021e-06 0.999995 0.002933 -0.000242005 -0.002933 0.999995 0.00216546 0.0185195 0.0741025
FixedParameters: 0 0 0

#Transform 12
Transform: AffineTransform_float_3_3
Parameters: 1 -9.46714e-05 0.000241738 9.33279e-05 0.999996 0.00277602 -0.00024226 -0.00277598 0.999996 0.0172827 -0.0209296 0.0192821
FixedParameters: 0 0 0

#Transform 13
Transform: AffineTransform_float_3_3
Parameters: 1 0.000142521 -0.000219663 -0.000142481 0.999997 0.00236903 0.000219338 -0.00236897 0.999997 0.018054 0.00461277 0.11673
FixedParameters: 0 0 0

#Transform 14
Transform: AffineTransform_float_3_3
Parameters: 1 -5.2744e-05 -0.000108125 5.32557e-05 0.999997 0.002369 0.000107874 -0.00236901 0.999997 0.00366686 0.0329997 0.109213
FixedParameters: 0 0 0

#Transform 15
Transform: AffineTransform_float_3_3
Parameters: 1 -0.00042446 0.000239186 0.000424539 0.999998 0.0019181 -0.000240815 -0.0019179 0.999998 0.000716519 0.0198754 0.0557215
FixedParameters: 0 0 0

#Transform 16
Transform: AffineTransform_float_3_3
Parameters: 1 1.43471e-05 -0.000219978 -1.46544e-05 0.999999 0.001578 0.000219023 -0.001578 0.999998 0.0253112 -0.00923018 -0.0159331
FixedParameters: 0 0 0

#Transform 17
Transform: AffineTransform_float_3_3
Parameters: 1 -0.000189189 0.000112683 0.00018881 0.999998 0.00167802 -0.000113317 -0.00167798 0.999998 0.0175854 -0.0121384 0.0150676
FixedParameters: 0 0 0

#Transform 18
Transform: AffineTransform_float_3_3
Parameters: 1 1.35294e-05 0.000309021 -1.44706e-05 0.999999 0.001523 -0.000308978 -0.001523 0.999999 0.0181548 -0.00817806 0.0773041
FixedParameters: 0 0 0

#Transform 19
Transform: AffineTransform_float_3_3
Parameters: 1 1.37272e-05 0.000248015 -1.42728e-05 1 0.0011 -0.000247985 -0.0011 1 0.00282388 -0.00717186 0.0194523
FixedParameters: 0 0 0

#Transform 20
Transform: AffineTransform_float_3_3
Parameters: 1 0.000106954 0.000179027 -0.000107046 1 0.000254981 -0.000178973 -0.000255019 1 0.00171182 0.0206892 -0.00362726
FixedParameters: 0 0 0

#Transform 21
Transform: AffineTransform_float_3_3
Parameters: 1 0.000190974 -0.000220023 -0.000191026 1 -0.000118958 0.000219977 0.000119042 1 -0.00130068 0.023137 -0.0358708
FixedParameters: 0 0 0

#Transform 22
Transform: AffineTransform_float_3_3
Parameters: 1 9.10264e-05 -6.4963e-05 -9.09735e-05 1 0.000407006 6.5037e-05 -0.000406994 1 0.0130745 -0.0119795 0.00853056
FixedParameters: 0 0 0

#Transform 23
Transform: AffineTransform_float_3_3
Parameters: 1 -0.000318998 1.4038e-05 0.000319002 1 -0.000118996 -1.3962e-05 0.000119004 1 0.012485 -0.0240878 0.0343418
FixedParameters: 0 0 0

#Transform 24
Transform: AffineTransform_float_3_3
Parameters: 1 -0.000319008 0.000283991 0.000318992 1 2.80906e-05 -0.000284009 -2.79094e-05 1 0.0088275 0.0146981 0.114461
FixedParameters: 0 0 0

#Transform 25
Transform: AffineTransform_float_3_3
Parameters: 0.999999 -0.000966977 0.00102408 0.000966023 0.999999 0.00095399 -0.00102492 -0.00095301 0.999999 -0.0113977 0.0370805 0.03773
FixedParameters: 0 0 0

#Transform 26
Transform: AffineTransform_float_3_3
Parameters: 0.999999 -0.000927125 0.000197411 0.000926875 1 0.000635183 -0.000197588 -0.000634817 1 0.00038682 -0.00786379 0.0721518
FixedParameters: 0 0 0

#Transform 27
Transform: AffineTransform_float_3_3
Parameters: 1 -0.000587664 0.000369535 0.000588337 1 -0.000910783 -0.000369464 0.000910217 0.999999 0.00341667 0.011859 0.0377337
FixedParameters: 0 0 0

#Transform 28
Transform: AffineTransform_float_3_3
Parameters: 1 -0.000168771 0.000198195 0.000168229 1 -0.00115697 -0.000197806 0.00115703 1 0.0124895 0.0138473 0.00392573
FixedParameters: 0 0 0

#Transform 29
Transform: AffineTransform_float_3_3
Parameters: 0.999999 -0.00089677 0.000199038 0.000897229 0.999999 -0.00115682 -0.000197962 0.00115718 1 0.00078585 0.0162818 -0.00439817
FixedParameters: 0 0 0

#Transform 30
Transform: AffineTransform_float_3_3
Parameters: 1 -0.00063677 0.000198737 0.000637229 0.999999 -0.00115687 -0.000197263 0.00115713 1 -0.0217556 0.0226027 -0.00605137
FixedParameters: 0 0 0

#Transform 31
Transform: AffineTransform_float_3_3
Parameters: 1 -0.000636702 0.000198955 0.000637297 0.999998 -0.00149987 -0.000198044 0.00150013 0.999999 -0.0217089 -0.0565826 -0.0249802
FixedParameters: 0 0 0

#Transform 32
Transform: AffineTransform_float_3_3
Parameters: 1 -0.000637215 -8.33689e-05 0.000636785 0.999996 -0.00256005 8.4631e-05 0.00256094 0.999996 0.0321096 -0.0423697 0.109801
FixedParameters: 0 0 0

#Transform 33
Transform: AffineTransform_float_3_3
Parameters: 0.999999 -0.000639141 -0.000618796 0.000636858 0.999994 -0.00345439 0.000621203 0.0034536 0.999994 0.00865899 -0.0182351 0.130565
FixedParameters: 0 0 0

#Transform 34
Transform: AffineTransform_float_3_3
Parameters: 0.999999 3.0267e-05 -0.000752115 -3.27326e-05 0.999994 -0.00363398 0.000751886 0.00363403 0.999993 0.0212224 -0.00796504 0.0279266
FixedParameters: 0 0 0

#Transform 35
Transform: AffineTransform_float_3_3
Parameters: 0.999999 -0.000447083 -0.000572379 0.000444915 0.999994 -0.00363426 0.000574621 0.00363375 0.999993 0.0112544 0.0123431 -0.00244685
FixedParameters: 0 0 0

#Transform 36
Transform: AffineTransform_float_3_3
Parameters: 1 -0.000446078 -0.00032151 0.000444924 0.999995 -0.00334415 0.00032249 0.00334386 0.999995 0.00786531 -0.00826076 0.0109424
FixedParameters: 0 0 0

#Transform 37
Transform: AffineTransform_float_3_3
Parameters: 0.999999 -0.00044773 -0.000750378 0.000444271 0.999994 -0.00363434 0.000751619 0.00363367 0.999993 0.0136233 -0.0148466 0.0051366
FixedParameters: 0 0 0

#Transform 38
Transform: AffineTransform_float_3_3
Parameters: 1 -0.000261575 -0.000433052 0.000259425 0.999994 -0.00363412 0.000433946 0.00363389 0.999994 0.0123189 -0.0103121 0.0249674
FixedParameters: 0 0 0

#Transform 39
Transform: AffineTransform_float_3_3
Parameters: 1 -0.000446422 -0.00039038 0.00044458 0.999994 -0.00363418 0.000391618 0.00363383 0.999994 0.00875973 -0.00976237 0.0416305
FixedParameters: 0 0 0

#Transform 40
Transform: AffineTransform_float_3_3
Parameters: 0.999999 -0.000447895 -0.00075028 0.000445107 0.999993 -0.00385334 0.000751721 0.00385367 0.999993 0.0135834 -0.00677284 0.0560148
FixedParameters: 0 0 0

#Transform 41
Transform: AffineTransform_float_3_3
Parameters: 1 -0.000447062 -0.000529265 0.000444939 0.999993 -0.00389024 0.000530735 0.00388977 0.999993 0.021412 -0.00640169 0.0740604
FixedParameters: 0 0 0

#Transform 42
Transform: AffineTransform_float_3_3
Parameters: 0.999999 -0.0004482 -0.000724028 0.0004448 0.99999 -0.00441432 0.00072597 0.00441368 0.99999 0.0131848 -0.0274435 0.109361
FixedParameters: 0 0 0

#Transform 43
Transform: AffineTransform_float_3_3
Parameters: 1 5.48326e-05 -0.000694258 -5.81661e-05 0.999989 -0.00456296 0.000693742 0.00456304 0.99999 0.0208689 -0.0504402 0.147274
FixedParameters: 0 0 0

#Transform 44
Transform: AffineTransform_float_3_3
Parameters: 0.999999 -0.000448163 -0.000691962 0.000444837 0.99999 -0.00456431 0.000694037 0.00456369 0.99999 0.0127976 -0.0382733 0.146686
FixedParameters: 0 0 0

#Transform 45
Transform: AffineTransform_float_3_3
Parameters: 1 0.000163393 -0.000605709 -0.000166609 0.99999 -0.0043079 0.000605288 0.0043071 0.99999 0.0213886 -0.0434424 0.0931181
FixedParameters: 0 0 0

#Transform 46
Transform: AffineTransform_float_3_3
Parameters: 0.999999 -0.000382784 -0.000692468 0.000380214 0.999992 -0.00401626 0.000694532 0.00401573 0.999991 0.013916 -0.0608577 0.0507611
FixedParameters: 0 0 0

#Transform 47
Transform: AffineTransform_float_3_3
Parameters: 0.999999 -0.000194068 -0.000693148 0.000190933 0.99999 -0.00442313 0.000693851 0.00442387 0.99999 0.0168461 -0.0169292 0.0801726
FixedParameters: 0 0 0

#Transform 48
Transform: AffineTransform_float_3_3
Parameters: 0.999999 -0.000383282 -0.000692192 0.000379719 0.999988 -0.00473526 0.000693806 0.00473573 0.999988 0.0245562 0.0103483 0.0964664
FixedParameters: 0 0 0

#Transform 49
Transform: AffineTransform_float_3_3
Parameters: 1 -0.000382236 -0.000442076 0.000379764 0.999987 -0.00504717 0.000443923 0.00504783 0.999987 0.0104883 0.010754 0.117354
FixedParameters: 0 0 0

#Transform 50
Transform: AffineTransform_float_3_3
Parameters: 0.999999 -0.000383498 -0.000692073 0.000379502 0.999987 -0.00504727 0.000693924 0.00504774 0.999987 0.0138758 0.0241402 0.0462891
FixedParameters: 0 0 0

#Transform 51
Transform: AffineTransform_float_3_3
Parameters: 1 8.36073e-05 -0.000694417 -8.63954e-05 0.999988 -0.00488694 0.000694586 0.00488706 0.999988 0.0213588 -0.00123273 0.00888616
FixedParameters: 0 0 0

#Transform 52
Transform: AffineTransform_float_3_3
Parameters: 1 8.65035e-05 -0.000217198 -8.64961e-05 0.999998 -0.00228698 0.000216803 0.00228702 0.999998 0.0170707 -0.00697165 -0.00440696
FixedParameters: 0 0 0

#Transform 53
Transform: AffineTransform_float_3_3
Parameters: 0.999999 0.000991806 -0.00116169 -0.000976189 0.999908 0.0135291 0.00117531 -0.0135278 0.999908 -0.0439121 -0.109314 0.122743
FixedParameters: 0 0 0

#Transform 54
Transform: AffineTransform_float_3_3
Parameters: 0.999998 0.00120207 -0.00112533 -0.00119293 0.999959 0.00891035 0.00113567 -0.00890864 0.999959 -0.0329518 -0.0516175 0.178612
FixedParameters: 0 0 0

#Transform 55
Transform: AffineTransform_float_3_3
Parameters: 1 0.000450477 -0.00113463 -0.000446526 0.999995 0.00306251 0.00113537 -0.00306249 0.999994 -0.0113439 -0.0304852 0.148259
FixedParameters: 0 0 0

#Transform 56
Transform: AffineTransform_float_3_3
Parameters: 0.999999 0.000567602 -0.000788566 -0.000567397 0.999999 0.000764448 0.000788434 -0.000763553 1 0.00205706 -0.0233183 0.109174
FixedParameters: 0 0 0

#Transform 57
Transform: AffineTransform_float_3_3
Parameters: 1 0.000159202 -0.000466931 -0.000158798 1 0.000433074 0.000467069 -0.000432926 1 0.0106022 -0.0363158 0.12916
FixedParameters: 0 0 0

#Transform 58
Transform: AffineTransform_float_3_3
Parameters: 1 -1.29108e-05 -0.000467002 1.30892e-05 1 0.000190994 0.000466997 -0.000191006 1 0.0220814 -0.0425147 0.149389
FixedParameters: 0 0 0

#Transform 59
Transform: AffineTransform_float_3_3
Parameters: 1 -0.00012795 -0.000260024 0.00012805 1 0.000190967 0.000259976 -0.000191033 1 0.0354076 -0.0444584 0.124243
FixedParameters: 0 0 0

#Transform 60
Transform: AffineTransform_float_3_3
Parameters: 1 0.000141661 -0.000467103 -0.000142338 0.999999 -0.000724933 0.000466897 0.000725066 0.999999 0.0412254 -0.0476974 0.118694
FixedParameters: 0 0 0

#Transform 61
Transform: AffineTransform_float_3_3
Parameters: 1 -0.0001715 -0.000466817 0.0001705 1 -0.00107108 0.000467183 0.00107092 1 0.0357068 -0.0175578 0.134149
FixedParameters: 0 0 0

#Transform 62
Transform: AffineTransform_float_3_3
Parameters: 0.999999 -0.000341041 -0.000876596 0.000339959 0.999999 -0.0011863 0.000877404 0.0011867 0.999999 0.0397096 -0.0211725 0.156519
FixedParameters: 0 0 0

#Transform 63
Transform: AffineTransform_float_3_3
Parameters: 1 -0.000340005 -7.89796e-05 0.000339995 1 -6.00269e-05 7.90204e-05 5.99731e-05 1 0.0319901 -0.0136054 0.137882
FixedParameters: 0 0 0

#Transform 64
Transform: AffineTransform_float_3_3
Parameters: 1 -0.000339783 -0.000367201 0.000339217 1 0.000592875 0.000366799 -0.000592124 1 0.0683502 0.0237768 0.224452
FixedParameters: 0 0 0

#Transform 65
Transform: AffineTransform_float_3_3
Parameters: 1 7.19364e-05 -0.000161028 -7.10636e-05 1 -0.000394988 0.000160972 0.000395012 1 0.0805283 0.0488675 0.287068
FixedParameters: 0 0 0

#Transform 66
Transform: AffineTransform_float_3_3
Parameters: 1 -0.000390297 -0.000307624 0.000390703 1 -0.000964121 0.000308377 0.000964881 1 0.0539091 0.0166742 0.217866
FixedParameters: 0 0 0

#Transform 67
Transform: AffineTransform_float_3_3
Parameters: 1 -0.000340152 -0.000116557 0.000339847 0.999999 -0.00130204 0.000117443 0.00130196 0.999999 0.0475649 0.00570726 0.189524
FixedParameters: 0 0 0

#Transform 68
Transform: AffineTransform_float_3_3
Parameters: 1 -0.000535394 -0.00087615 0.000533605 0.999998 -0.00159147 0.000876851 0.00159053 0.999999 0.0518802 0.00983267 0.195328
FixedParameters: 0 0 0

#Transform 69
Transform: AffineTransform_float_3_3
Parameters: 0.999999 -0.000367183 -0.000876087 0.000364816 0.999997 -0.00249132 0.000876911 0.00249068 0.999996 0.0561077 0.0106753 0.302696
FixedParameters: 0 0 0

#Transform 70
Transform: AffineTransform_float_3_3
Parameters: 1 -0.000888254 -0.000628232 0.000886747 0.999997 -0.00199256 0.000629768 0.00199244 0.999998 0.0276297 0.0128803 0.244143
FixedParameters: 0 0 0

#Transform 71
Transform: AffineTransform_float_3_3
Parameters: 0.999999 -0.000723781 -0.000875529 0.000722219 0.999997 -0.00203363 0.00087647 0.00203337 0.999997 0.050089 0.00253286 0.236626
FixedParameters: 0 0 0

#Transform 72
Transform: AffineTransform_float_3_3
Parameters: 0.999999 -0.000311678 -0.000876405 0.000309323 0.999998 -0.00191327 0.000876593 0.00191373 0.999998 0.0564402 0.00286153 0.258427
FixedParameters: 0 0 0

#Transform 73
Transform: AffineTransform_float_3_3
Parameters: 1 -0.000888194 -0.000708507 0.000886808 0.999998 -0.00168263 0.000709494 0.00168237 0.999999 0.0442165 -0.0077478 0.227147
FixedParameters: 0 0 0

#Transform 74
Transform: AffineTransform_float_3_3
Parameters: 1 -0.00088753 -0.000285357 0.000886469 0.999998 -0.00185225 0.000287642 0.00185175 0.999998 0.0416988 -0.00540247 0.190119
FixedParameters: 0 0 0

#Transform 75
Transform: AffineTransform_float_3_3
Parameters: 1 -0.000888243 -0.000694414 0.000886757 0.999998 -0.00178762 0.000696587 0.00178738 0.999998 0.0452629 0.0166985 0.144666
FixedParameters: 0 0 0

#Transform 76
Transform: AffineTransform_float_3_3
Parameters: 1 -0.000760167 -0.000875122 0.000757833 0.999996 -0.00247466 0.000876877 0.00247333 0.999996 0.0460164 -0.00812318 0.0906404
FixedParameters: 0 0 0

#Transform 77
Transform: AffineTransform_float_3_3
Parameters: 0.999999 -0.000241163 -0.000823369 0.000238838 0.999996 -0.0026262 0.00082363 0.0026258 0.999996 0.0406642 -0.00867329 0.0741366
FixedParameters: 0 0 0

#Transform 78
Transform: AffineTransform_float_3_3
Parameters: 0.999999 -0.000102748 -0.000876682 0.000100251 0.999995 -0.00313409 0.000877318 0.00313391 0.999994 0.0138964 -0.00982988 0.0489081
FixedParameters: 0 0 0

#Transform 79
Transform: AffineTransform_float_3_3
Parameters: 0.999999 -0.000103556 -0.000996637 0.000100443 0.999993 -0.0035671 0.000997364 0.0035669 0.999993 0.0126362 -0.0310492 0.073316
FixedParameters: 0 0 0

#Transform 80
Transform: AffineTransform_float_3_3
Parameters: 1 0.000352918 -0.00114527 -0.000357082 0.999993 -0.00356659 0.00114373 0.0035664 0.999993 0.0180783 -0.014707 0.0505418
FixedParameters: 0 0 0

#Transform 81
Transform: AffineTransform_float_3_3
Parameters: 0.999999 -0.000103128 -0.000876638 9.9871e-05 0.999993 -0.00356709 0.000877362 0.00356691 0.999994 0.00600588 -0.0151047 0.0466473
FixedParameters: 0 0 0

#Transform 82
Transform: AffineTransform_float_3_3
Parameters: 0.999999 -0.000103041 -0.000876647 9.99579e-05 0.999994 -0.00346809 0.000877351 0.00346791 0.999993 0.0147728 -0.0159232 0.0810413
FixedParameters: 0 0 0

#Transform 83
Transform: AffineTransform_float_3_3
Parameters: 1 -0.000103723 -0.00104364 0.000100279 0.999993 -0.00356711 0.00104336 0.00356689 0.999993 0.0049484 0.000712343 0.0435608
FixedParameters: 0 0 0

#Transform 84
Transform: AffineTransform_float_3_3
Parameters: 1 -0.000190658 -0.000453306 0.000189339 0.999994 -0.00365509 0.000454695 0.00365492 0.999993 0.00233933 -0.00352028 0.0135563
FixedParameters: 0 0 0

#Transform 85
Transform: AffineTransform_float_3_3
Parameters: 0.999999 -0.000102884 -0.000876666 0.000100116 0.999994 -0.00328809 0.000877334 0.00328891 0.999994 0.0148673 -0.00870196 0.0089232
FixedParameters: 0 0 0

#Transform 86
Transform: AffineTransform_float_3_3
Parameters: 0.999999 -0.000527721 -0.00055537 0.00052628 0.999995 -0.00309429 0.000556631 0.00309371 0.999995 0.00369022 -0.0185611 0.0632362
FixedParameters: 0 0 0

#Transform 87
Transform: AffineTransform_float_3_3
Parameters: 0.999999 -0.00094553 -0.000450803 0.000944468 0.999994 -0.00338443 0.000454198 0.00338357 0.999994 -0.000168195 -0.00853691 0.0672542
FixedParameters: 0 0 0

#Transform 88
Transform: AffineTransform_float_3_3
Parameters: 1 -0.000945218 -0.00045146 0.000944781 0.999996 -0.00268943 0.000454543 0.00268957 0.999997 -0.00426199 -0.00378984 0.0724031
FixedParameters: 0 0 0

#Transform 89
Transform: AffineTransform_float_3_3
Parameters: 0.999999 -0.00111681 -0.000653926 0.00111419 0.999995 -0.00275473 0.000657072 0.00275427 0.999996 -0.00423426 -0.00898347 0.0790554
FixedParameters: 0 0 0

#Transform 90
Transform: AffineTransform_float_3_3
Parameters: 1 -0.000758176 -0.000785907 0.000756824 0.999996 -0.0027656 0.000788096 0.0027644 0.999996 0.0143662 -0.00320215 0.0978368
FixedParameters: 0 0 0

#Transform 91
Transform: AffineTransform_float_3_3
Parameters: 0.999999 -0.000945092 -0.000451719 0.000943905 0.999996 -0.00241443 0.000454279 0.00241357 0.999997 0.0120553 0.0100203 0.0738891
FixedParameters: 0 0 0

#Transform 92
Transform: AffineTransform_float_3_3
Parameters: 1 -0.000636182 -0.000810292 0.00063382 0.999996 -0.00268952 0.000811708 0.00268949 0.999996 0.0218646 -0.000764875 0.0364087
FixedParameters: 0 0 0

#Transform 93
Transform: AffineTransform_float_3_3
Parameters: 0.999999 -0.000684798 -0.000711272 0.000682202 0.999996 -0.00252548 0.000712725 0.00252551 0.999996 0.0196603 -0.0145464 0.0441256
FixedParameters: 0 0 0

#Transform 94
Transform: AffineTransform_float_3_3
Parameters: 1 -0.000945052 -0.000451808 0.000943949 0.999997 -0.00232143 0.000454193 0.00232157 0.999997 0.0120739 -0.00175321 0.0552223
FixedParameters: 0 0 0

#Transform 95
Transform: AffineTransform_float_3_3
Parameters: 0.999999 -0.00093486 -0.000798828 0.00093314 0.999997 -0.00232575 0.000801172 0.00232525 0.999997 0.0169283 0.0213853 0.0527423
FixedParameters: 0 0 0

#Transform 96
Transform: AffineTransform_float_3_3
Parameters: 0.999999 -0.000737198 -0.000513283 0.000735802 0.999997 -0.00233038 0.000514716 0.00232962 0.999997 0.016075 0.0207926 0.0397779
FixedParameters: 0 0 0

#Transform 97
Transform: AffineTransform_float_3_3
Parameters: 0.999999 -0.000742284 -0.000572338 0.000740716 0.999997 -0.00224143 0.000573661 0.00224058 0.999998 0.0168443 -0.00651725 -0.0128375
FixedParameters: 0 0 0

#Transform 98
Transform: AffineTransform_float_3_3
Parameters: 1 -0.00113593 -0.000451666 0.00113507 0.999997 -0.00205551 0.000454333 0.00205449 0.999998 0.017448 0.0381859 0.128451
FixedParameters: 0 0 0

#Transform 99
Transform: AffineTransform_float_3_3
Parameters: 0.999999 -0.00144192 -0.000521455 0.00144108 0.999998 -0.00176575 0.000523544 0.00176425 0.999999 0.0049758 0.0310281 0.192698
FixedParameters: 0 0 0

#Transform 100
Transform: AffineTransform_float_3_3
Parameters: 0.999999 -0.00144185 -0.000451308 0.00144115 0.999997 -0.00186765 0.000454692 0.00186735 0.999998 0.000586911 0.0295812 0.129354
FixedParameters: 0 0 0

#Transform 101
Transform: AffineTransform_float_3_3
Parameters: 1 -0.000986866 -0.000452116 0.000985135 0.999997 -0.00191045 0.000453883 0.00191055 0.999998 0.0245653 0.00375938 0.169688
FixedParameters: 0 0 0

#Transform 102
Transform: AffineTransform_float_3_3
Parameters: 0.999999 -0.00122588 -0.000451616 0.00122512 0.999998 -0.00194556 0.000454383 0.00194445 0.999998 0.0296359 -0.0124341 0.0942721
FixedParameters: 0 0 0

#Transform 103
Transform: AffineTransform_float_3_3
Parameters: 0.999999 -0.00128876 -0.000353246 0.00128824 0.999997 -0.00213746 0.000355755 0.00213754 0.999997 0.0214551 -0.00968415 0.0710571
FixedParameters: 0 0 0

#Transform 104
Transform: AffineTransform_float_3_3
Parameters: 0.999999 -0.0014418 -0.000451456 0.0014412 0.999998 -0.00176565 0.000454544 0.00176435 0.999999 0.0203735 0.00421133 0.039123
FixedParameters: 0 0 0

#Transform 105
Transform: AffineTransform_float_3_3
Parameters: 0.999999 -0.000717745 -0.00045282 0.000717254 0.999999 -0.00164433 0.000454179 0.00164367 0.999998 0.0446026 0.000262086 0.0657252
FixedParameters: 0 0 0

#Transform 106
Transform: AffineTransform_float_3_3
Parameters: 0.999999 -0.0010753 -0.000687966 0.0010737 0.999997 -0.00189274 0.000690033 0.00189226 0.999998 0.0293563 0.00463727 0.157847
FixedParameters: 0 0 0

#Transform 107
Transform: AffineTransform_float_3_3
Parameters: 1 -0.000977073 -0.000577188 0.000975927 0.999998 -0.00185656 0.000578812 0.00185544 0.999998 0.0293623 0.00378999 0.128402
FixedParameters: 0 0 0

#Transform 108
Transform: AffineTransform_float_3_3
Parameters: 0.999999 -0.00138375 0.000128676 0.00138325 0.999997 -0.00193382 -0.000125325 0.00193418 0.999998 0.0134905 0.0175148 0.0622413
FixedParameters: 0 0 0

#Transform 109
Transform: AffineTransform_float_3_3
Parameters: 0.999999 -0.00138516 -0.000531976 0.00138383 0.999996 -0.00218474 0.000535025 0.00218426 0.999998 0.0225354 -0.0107718 -0.00128583
FixedParameters: 0 0 0

#Transform 110
Transform: AffineTransform_float_3_3
Parameters: 0.999999 -0.00179819 -0.000505779 0.00179681 0.999995 -0.00234891 0.00051022 0.00234709 0.999997 0.0386845 -0.0197464 -0.238025
FixedParameters: 0 0 0

#Transform 111
Transform: AffineTransform_float_3_3
Parameters: 0.999999 -0.00151158 -0.000339412 0.00151142 0.999998 -0.00171251 0.000342589 0.00171248 0.999998 0.0504297 0.0456623 -0.172834
FixedParameters: 0 0 0

#Transform 112
Transform: AffineTransform_float_3_3
Parameters: 0.999999 -0.00114214 -0.000625931 0.00114086 0.999997 -0.00181272 0.000628069 0.00181228 0.999998 0.0601907 0.0164408 -0.0540411
FixedParameters: 0 0 0

#Transform 113
Transform: AffineTransform_float_3_3
Parameters: 0.999999 -0.00124769 -0.00037774 0.00124631 0.999997 -0.00181247 0.000380259 0.00181153 0.999999 0.0552372 0.0167856 -0.0810956
FixedParameters: 0 0 0

#Transform 114
Transform: AffineTransform_float_3_3
Parameters: 0.999998 -0.00167045 -0.000259093 0.00166955 0.999997 -0.00174044 0.000261905 0.00173957 0.999999 0.0469679 -0.0014894 -0.19501
FixedParameters: 0 0 0

#Transform 115
Transform: AffineTransform_float_3_3
Parameters: 0.999999 -0.00124751 -0.000327064 0.00124649 0.999998 -0.00155241 0.000328936 0.00155259 0.999998 0.0546836 0.0207605 -0.126278
FixedParameters: 0 0 0

#Transform 116
Transform: AffineTransform_float_3_3
Parameters: 0.999999 -0.00143784 8.37133e-05 0.00143815 0.999997 -0.00188688 -8.02863e-05 0.00188712 0.999998 0.0461293 -0.0276284 -0.224775
FixedParameters: 0 0 0

#Transform 117
Transform: AffineTransform_float_3_3
Parameters: 0.999999 -0.00177885 8.42234e-05 0.00177915 0.999997 -0.00181185 -8.07762e-05 0.00181215 0.999999 0.0271354 0.0143363 -0.121866
FixedParameters: 0 0 0

#Transform 118
Transform: AffineTransform_float_3_3
Parameters: 0.999999 -0.00177886 8.39974e-05 0.00177914 0.999997 -0.00168485 -8.10021e-05 0.00168515 0.999998 0.0377269 0.00605693 -0.137278
FixedParameters: 0 0 0

#Transform 119
Transform: AffineTransform_float_3_3
Parameters: 0.999999 -0.00137517 -0.000106809 0.00137483 0.999998 -0.00159315 0.000109191 0.00159385 0.999998 0.0495848 0.0112477 -0.0635651
FixedParameters: 0 0 0

#Transform 120
Transform: AffineTransform_float_3_3
Parameters: 0.999999 -0.00177918 -0.000104999 0.00177882 0.999997 -0.00168719 0.000108003 0.00168781 0.999998 0.0431729 0.0333318 -0.119211
FixedParameters: 0 0 0

#Transform 121
Transform: AffineTransform_float_3_3
Parameters: 0.999998 -0.00193385 8.45042e-05 0.00193415 0.999997 -0.00181184 -8.04953e-05 0.00181216 0.999999 0.0381705 0.00751666 -0.207876
FixedParameters: 0 0 0

#Transform 122
Transform: AffineTransform_float_3_3
Parameters: 0.999997 -0.00217485 8.49408e-05 0.00217515 0.999996 -0.00181182 -8.10586e-05 0.00181218 0.999999 0.034294 0.014727 -0.124262
FixedParameters: 0 0 0

#Transform 123
Transform: AffineTransform_float_3_3
Parameters: 0.999999 -0.00183185 8.43194e-05 0.00183215 0.999996 -0.00181185 -8.06802e-05 0.00181215 0.999999 0.0398101 0.00443609 -0.211734
FixedParameters: 0 0 0

#Transform 124
Transform: AffineTransform_float_3_3
Parameters: 0.999998 -0.00162782 8.45633e-05 0.00162818 0.999997 -0.00218886 -8.04359e-05 0.00218913 0.999997 0.0429875 0.0113863 -0.0271664
FixedParameters: 0 0 0

#Transform 125
Transform: AffineTransform_float_3_3
Parameters: 0.999997 -0.00218785 8.49643e-05 0.00218815 0.999996 -0.00181182 -8.1035e-05 0.00181218 0.999999 0.0196358 0.0168249 -0.112236
FixedParameters: 0 0 0

#Transform 126
Transform: AffineTransform_float_3_3
Parameters: 0.999999 -0.00185088 8.3767e-05 0.00185112 0.999997 -0.00149485 -8.02325e-05 0.00149515 0.999999 0.0394781 0.0142088 -0.123466
FixedParameters: 0 0 0

#Transform 127
Transform: AffineTransform_float_3_3
Parameters: 0.999999 -0.00143382 -0.000341594 0.00143218 0.999996 -0.00237649 0.000345404 0.00237551 0.999997 0.0430538 -0.00671262 0.0245304
FixedParameters: 0 0 0

#Transform 128
Transform: AffineTransform_float_3_3
Parameters: 0.999998 -0.0018901 -6.82593e-05 0.0018899 0.999997 -0.00145013 7.07403e-05 0.00144987 0.999999 0.0457097 0.00991395 -0.232942
FixedParameters: 0 0 0

#Transform 129
Transform: AffineTransform_float_3_3
Parameters: 0.999998 -0.00205265 -0.000341139 0.00205235 0.999996 -0.0018817 0.00034486 0.0018803 0.999998 0.0421159 0.00306109 -0.194552
FixedParameters: 0 0 0

#Transform 130
Transform: AffineTransform_float_3_3
Parameters: 0.999998 -0.00186393 -0.000592071 0.00186307 0.999997 -0.00157211 0.000594928 0.00157089 0.999998 0.0484142 0.0229641 -0.132415
FixedParameters: 0 0 0

#Transform 131
Transform: AffineTransform_float_3_3
Parameters: 0.999997 -0.0021772 -0.000131743 0.0021768 0.999997 -0.00149629 0.000135258 0.00149671 0.999999 0.0373184 -0.00389194 -0.372822
FixedParameters: 0 0 0

#Transform 132
Transform: AffineTransform_float_3_3
Parameters: 0.999999 -0.00177334 -0.000343227 0.00177266 0.999998 -0.00100061 0.000344773 0.000999391 1 0.0528639 0.013772 -0.155064
FixedParameters: 0 0 0

#Transform 133
Transform: AffineTransform_float_3_3
Parameters: 0.999999 -0.00143634 -0.000282263 0.00143566 0.999998 -0.00120941 0.000283737 0.00120959 0.999999 0.0607033 -0.0123126 -0.149293
FixedParameters: 0 0 0

#Transform 134
Transform: AffineTransform_float_3_3
Parameters: 0.999998 -0.00188806 -0.000903715 0.00188594 0.999995 -0.00227171 0.000907285 0.00227029 0.999997 0.0458346 -0.000843398 0.0241595
FixedParameters: 0 0 0

#Transform 135
Transform: AffineTransform_float_3_3
Parameters: 0.999998 -0.00169156 -0.000406657 0.00169143 0.999997 -0.00138569 0.000409344 0.00138531 0.999999 0.048551 0.0379498 -0.151396
FixedParameters: 0 0 0

#Transform 136
Transform: AffineTransform_float_3_3
Parameters: 0.999998 -0.00188661 -0.000341655 0.00188639 0.999996 -0.00177365 0.000345347 0.00177335 0.999999 0.0447574 0.00167397 -0.265065
FixedParameters: 0 0 0

#Transform 137
Transform: AffineTransform_float_3_3
Parameters: 0.999998 -0.0020041 -7.22563e-05 0.0020039 0.999997 -0.00136915 7.47433e-05 0.00136885 0.999999 0.0391574 0.0151781 -0.332775
FixedParameters: 0 0 0

#Transform 138
Transform: AffineTransform_float_3_3
Parameters: 0.999998 -0.00195692 8.1945e-05 0.00195708 0.999997 -0.000993841 -8.00545e-05 0.000994158 0.999999 0.0521714 0.010123 -0.32511
FixedParameters: 0 0 0

#Transform 139
Transform: AffineTransform_float_3_3
Parameters: 0.999999 -0.00182789 0.000121669 0.00182811 0.999998 -0.000912779 -0.000120333 0.000912221 0.999999 0.0566726 0.0191821 -0.365346
FixedParameters: 0 0 0

#Transform 140
Transform: AffineTransform_float_3_3
Parameters: 0.999998 -0.00195677 0.000229945 0.00195723 0.999997 -0.000993551 -0.000228054 0.000994447 0.999999 0.0620054 0.0208819 -0.391092
FixedParameters: 0 0 0

#Transform 141
Transform: AffineTransform_float_3_3
Parameters: 0.999999 -0.00126269 0.000313255 0.00126231 0.999998 -0.000993606 -0.000311745 0.000994395 1 0.0857626 -0.00342714 -0.41892
FixedParameters: 0 0 0

#Transform 142
Transform: AffineTransform_float_3_3
Parameters: 0.999998 -0.00157051 0.000341266 0.00157149 0.999997 -0.00144247 -0.000338732 0.00144353 0.999999 0.0602506 0.00363294 -0.382779
FixedParameters: 0 0 0

#Transform 143
Transform: AffineTransform_float_3_3
Parameters: 0.999919 -0.00989928 0.00801167 0.0100967 0.999636 -0.0250271 -0.00776134 0.0251059 0.999654 0.19377 0.164743 -0.662995
FixedParameters: 0 0 0

#Transform 144
Transform: AffineTransform_float_3_3
Parameters: 0.999935 -0.00904345 0.00702822 0.00924155 0.999544 -0.0287509 -0.0067648 0.0288141 0.999562 0.23667 0.0179551 -0.674732
FixedParameters: 0 0 0

#Transform 145
Transform: AffineTransform_float_3_3
Parameters: 0.999982 -0.00525539 0.00282638 0.00530262 0.999839 -0.0171113 -0.00273663 0.0171257 0.999849 0.16274 0.0161639 -0.54024
FixedParameters: 0 0 0

#Transform 146
Transform: AffineTransform_float_3_3
Parameters: 0.999986 -0.00460119 0.0023425 0.00463081 0.999907 -0.0128843 -0.0022825 0.0128947 0.999915 0.149636 -0.00172111 -0.466125
FixedParameters: 0 0 0

#Transform 147
Transform: AffineTransform_float_3_3
Parameters: 0.999987 -0.00438783 0.00232312 0.00441417 0.999926 -0.0113829 -0.00227288 0.0113931 0.999932 0.148922 0.0012653 -0.5271
FixedParameters: 0 0 0

#Transform 148
Transform: AffineTransform_float_3_3
Parameters: 0.999986 -0.00458645 0.00264884 0.00461655 0.999926 -0.0112609 -0.00259715 0.0112731 0.999933 0.148903 -0.00981397 -0.611045
FixedParameters: 0 0 0

#Transform 149
Transform: AffineTransform_float_3_3
Parameters: 0.999988 -0.00436693 0.00249442 0.00439207 0.999939 -0.0101362 -0.00244958 0.0101478 0.999945 0.145833 -0.0305515 -0.545232
FixedParameters: 0 0 0

#Transform 150
Transform: AffineTransform_float_3_3
Parameters: 0.999987 -0.00442804 0.00279359 0.00445397 0.999947 -0.00935769 -0.00275241 0.00937032 0.999953 0.125406 -0.0262348 -0.385966
FixedParameters: 0 0 0

#Transform 151
Transform: AffineTransform_float_3_3
Parameters: 0.999987 -0.00428609 0.00279372 0.00431291 0.999943 -0.00969808 -0.00275228 0.00970992 0.999949 0.13718 -0.0168743 -0.482592
FixedParameters: 0 0 0

#Transform 152
Transform: AffineTransform_float_3_3
Parameters: 0.999989 -0.0038782 0.00265362 0.0039028 0.999948 -0.00940575 -0.00261639 0.00941525 0.999952 0.149538 -0.0623172 -0.480702
FixedParameters: 0 0 0

#Transform 153
Transform: AffineTransform_float_3_3
Parameters: 0.999989 -0.0042245 0.00229809 0.0042455 0.99995 -0.00898934 -0.0022599 0.00899965 0.999957 0.144614 -0.0545358 -0.405038
FixedParameters: 0 0 0

#Transform 154
Transform: AffineTransform_float_3_3
Parameters: 0.999988 -0.00431068 0.0023789 0.00433332 0.999946 -0.0094588 -0.00233809 0.00946919 0.999952 0.145905 -0.0676044 -0.504768
FixedParameters: 0 0 0

#Transform 155
Transform: AffineTransform_float_3_3
Parameters: 0.999989 -0.00388199 0.00237272 0.00390301 0.999952 -0.00891383 -0.00233828 0.00892317 0.999958 0.139827 -0.0388481 -0.414555
FixedParameters: 0 0 0

#Transform 156
Transform: AffineTransform_float_3_3
Parameters: 0.999988 -0.00429482 0.0023785 0.00431618 0.999946 -0.00940084 -0.0023375 0.00941115 0.999953 0.145163 -0.0361682 -0.496594
FixedParameters: 0 0 0

#Transform 157
Transform: AffineTransform_float_3_3
Parameters: 0.999987 -0.00439207 0.00237522 0.00441192 0.999954 -0.00845063 -0.00233778 0.00846137 0.999962 0.130217 -0.0222085 -0.372978
FixedParameters: 0 0 0

#Transform 158
Transform: AffineTransform_float_3_3
Parameters: 0.999987 -0.00439222 0.00237495 0.00441178 0.999955 -0.00838963 -0.00233805 0.00839937 0.999962 0.12176 -0.00357216 -0.374946
FixedParameters: 0 0 0

#Transform 159
Transform: AffineTransform_float_3_3
Parameters: 0.999989 -0.0041207 0.00189878 0.00413629 0.999954 -0.00866123 -0.00186222 0.00866976 0.99996 0.121123 -0.0256971 -0.410623
FixedParameters: 0 0 0
