#Insight Transform File V1.0
#Transform 0
Transform: AffineTransform_float_3_3
Parameters: 0.998054 -0.0499291 -0.0373507 0.0326787 0.928993 -0.368652 0.0531056 0.366714 0.928817 2.3272 13.2091 -6.78271
FixedParameters: 0 0 0

#Transform 1
Transform: AffineTransform_float_3_3
Parameters: 0.998626 -0.0258071 -0.0455957 0.0158199 0.978179 -0.207161 0.0499472 0.206155 0.977244 1.25022 7.1899 -5.69882
FixedParameters: 0 0 0

#Transform 2
Transform: AffineTransform_float_3_3
Parameters: 0.999231 -0.0228929 -0.0318532 0.0192041 0.993563 -0.111647 0.0342039 0.110949 0.993238 0.795595 3.33484 -6.7084
FixedParameters: 0 0 0

#Transform 3
Transform: AffineTransform_float_3_3
Parameters: 0.996364 -0.0472527 -0.0708871 0.0175242 0.927962 -0.372261 0.0833709 0.369665 0.925417 2.46904 14.3989 -2.92653
FixedParameters: 0 0 0

#Transform 4
Transform: AffineTransform_float_3_3
Parameters: 0.998533 0.0179825 -0.0510598 -0.0319096 0.957447 -0.286839 0.0437293 0.288048 0.956617 4.20032 -0.547347 -10.5843
FixedParameters: 0 0 0

#Transform 5
Transform: AffineTransform_float_3_3
Parameters: 0.997309 -0.00035972 -0.0733193 -0.0120567 0.98557 -0.168838 0.0723218 0.169268 0.982913 1.84646 5.80603 -3.78813
FixedParameters: 0 0 0

#Transform 6
Transform: AffineTransform_float_3_3
Parameters: 0.997499 -0.0408032 -0.0577107 0.023574 0.961843 -0.272587 0.0666303 0.270545 0.960399 2.30536 8.56372 -6.70815
FixedParameters: 0 0 0

#Transform 7
Transform: AffineTransform_float_3_3
Parameters: 0.997968 -0.00675665 -0.0633553 -0.00419976 0.985223 -0.171229 0.0635768 0.171147 0.983192 2.18763 5.03265 -5.95535
FixedParameters: 0 0 0

#Transform 8
Transform: AffineTransform_float_3_3
Parameters: 0.998495 0.00326185 -0.0547494 -0.0111651 0.989416 -0.144676 0.0536976 0.145069 0.987964 1.3439 4.57824 -5.11701
FixedParameters: 0 0 0

#Transform 9
Transform: AffineTransform_float_3_3
Parameters: 0.998486 0.0109459 -0.053917 -0.0182891 0.990312 -0.137645 0.0518881 0.138423 0.989013 1.16896 3.96545 -5.59179
FixedParameters: 0 0 0

#Transform 10
Transform: AffineTransform_float_3_3
Parameters: 0.997318 0.00708839 -0.0728541 -0.0175996 0.989325 -0.14466 0.0710508 0.145554 0.986795 1.94648 4.9432 -4.11366
FixedParameters: 0 0 0

#Transform 11
Transform: AffineTransform_float_3_3
Parameters: 0.999657 0.0029684 -0.0260471 -0.00423661 0.998801 -0.0487854 0.025871 0.0488786 0.998469 0.499984 2.00673 -1.60659
FixedParameters: 0 0 0

#Transform 12
Transform: AffineTransform_float_3_3
Parameters: 0.999659 -0.00152277 -0.0260723 -0.00106484 0.995096 -0.098915 0.0260957 0.0989091 0.994755 0.769984 2.8846 -4.15685
FixedParameters: 0 0 0

#Transform 13
Transform: AffineTransform_float_3_3
Parameters: 0.999877 0.00543259 -0.0147084 -0.0059074 0.999455 -0.0324741 0.0145236 0.0325569 0.999365 0.12118 1.0899 -2.3914
FixedParameters: 0 0 0

#Transform 14
Transform: AffineTransform_float_3_3
Parameters: 0.999864 0.00202218 0.0163353 -0.00274179 0.99902 0.0441632 -0.0162297 -0.0442028 0.998891 0.628532 -1.41019 1.32023
FixedParameters: 0 0 0

#Transform 15
Transform: AffineTransform_float_3_3
Parameters: 0.999986 -0.00418844 0.00345492 0.00421756 0.999956 -0.00830154 -0.00342008 0.00831544 0.999959 0.585549 -0.49278 -1.61161
FixedParameters: 0 0 0

#Transform 16
Transform: AffineTransform_float_3_3
Parameters: 0.999963 -0.00763997 0.0040739 0.00768104 0.999919 -0.0101531 -0.0039961 0.0101849 0.99994 0.445291 0.22327 -1.53898
FixedParameters: 0 0 0

#Transform 17
Transform: AffineTransform_float_3_3
Parameters: 0.999993 -0.00317407 0.00221182 0.00319594 0.999945 -0.009986 -0.00218018 0.00999299 0.999947 0.464992 0.0976463 -1.35353
FixedParameters: 0 0 0

#Transform 18
Transform: AffineTransform_float_3_3
Parameters: 0.999996 -0.0028354 0.00028193 0.0028386 0.999902 -0.0137203 -0.000243076 0.0137207 0.999906 0.955995 -0.0348505 -1.48765
FixedParameters: 0 0 0

#Transform 19
Transform: AffineTransform_float_3_3
Parameters: 0.999979 -0.00658815 0.000225088 0.00658986 0.999933 -0.00957373 -0.000161911 0.00957528 0.999954 0.419127 0.436788 -1.08561
FixedParameters: 0 0 0

#Transform 20
Transform: AffineTransform_float_3_3
Parameters: 1 0.000482145 0.000231631 -0.000480857 0.999988 -0.00492011 -0.000233369 0.00491989 0.999988 0.00175762 0.229705 -0.956157
FixedParameters: 0 0 0

#Transform 21
Transform: AffineTransform_float_3_3
Parameters: 0.999975 0.00683156 0.00189691 -0.00682244 0.999964 -0.00500007 -0.00193109 0.00498693 0.999985 0.124759 0.0285779 -1.49054
FixedParameters: 0 0 0

#Transform 22
Transform: AffineTransform_float_3_3
Parameters: 0.999905 -0.0103907 0.00903016 0.0107513 0.999109 -0.0408168 -0.00859782 0.0409102 0.999126 0.581897 0.0949069 -2.92227
FixedParameters: 0 0 0

#Transform 23
Transform: AffineTransform_float_3_3
Parameters: 0.999981 -0.000933751 0.00605976 0.00112625 0.999493 -0.0317998 -0.00602723 0.0318062 0.999476 0.198356 0.528894 -1.58701
FixedParameters: 0 0 0

#Transform 24
Transform: AffineTransform_float_3_3
Parameters: 0.999995 -0.00260464 0.00170748 0.00263137 0.999865 -0.0162226 -0.00166553 0.0162264 0.999867 0.194891 0.221343 -1.22914
FixedParameters: 0 0 0

#Transform 25
Transform: AffineTransform_float_3_3
Parameters: 0.999972 -0.00684801 0.00323975 0.006997 0.9988 -0.0484607 -0.00290425 0.0484823 0.99882 0.317769 0.946692 -2.21712
FixedParameters: 0 0 0

#Transform 26
Transform: AffineTransform_float_3_3
Parameters: 0.999965 -0.006279 0.00555366 0.00653101 0.998893 -0.0465854 -0.00525534 0.0466196 0.998899 0.270402 0.377986 -3.06757
FixedParameters: 0 0 0

#Transform 27
Transform: AffineTransform_float_3_3
Parameters: 0.999953 -0.00699701 0.00670615 0.00729299 0.998953 -0.0451792 -0.00638286 0.0452258 0.998957 0.382178 0.260215 -2.38122
FixedParameters: 0 0 0

#Transform 28
Transform: AffineTransform_float_3_3
Parameters: 0.999992 -0.00416455 -7.09605e-06 0.00415946 0.998745 -0.0499245 0.000214925 0.0499236 0.998753 0.218717 0.862592 -1.52325
FixedParameters: 0 0 0

#Transform 29
Transform: AffineTransform_float_3_3
Parameters: 0.999728 -0.0223915 0.00645383 0.0230555 0.990658 -0.134406 -0.00338424 0.134517 0.990906 1.11959 2.96861 -5.66584
FixedParameters: 0 0 0

#Transform 30
Transform: AffineTransform_float_3_3
Parameters: 0.999842 -0.0145888 0.0102112 0.0152363 0.997664 -0.0665819 -0.00921685 0.066727 0.997728 0.58185 1.46937 -4.20229
FixedParameters: 0 0 0

#Transform 31
Transform: AffineTransform_float_3_3
Parameters: 0.999915 -0.0109547 0.00697686 0.0114214 0.99743 -0.0707393 -0.00618412 0.0708128 0.997471 0.36244 1.39658 -3.28993
FixedParameters: 0 0 0

#Transform 32
Transform: AffineTransform_float_3_3
Parameters: 0.999977 -0.00580101 0.00366362 0.00583699 0.999934 -0.00989085 -0.00360538 0.00991215 0.999945 0.00714923 -0.270449 -1.43318
FixedParameters: 0 0 0

#Transform 33
Transform: AffineTransform_float_3_3
Parameters: 0.999873 -0.0158079 -0.00191689 0.0158271 0.99982 0.010409 0.00175211 -0.010438 0.999944 -0.116207 0.0282954 1.71007
FixedParameters: 0 0 0

#Transform 34
Transform: AffineTransform_float_3_3
Parameters: 0.999875 -0.015807 -0.000534051 0.015809 0.999868 0.00392105 0.00047195 -0.00392895 0.999992 0.17701 -0.920554 1.52323
FixedParameters: 0 0 0

#Transform 35
Transform: AffineTransform_float_3_3
Parameters: 0.999022 -0.0440174 0.00407461 0.0435007 0.962524 -0.267688 0.0078605 0.267603 0.963497 1.27805 8.62281 -7.702
FixedParameters: 0 0 0

#Transform 36
Transform: AffineTransform_float_3_3
Parameters: 0.999079 -0.0422447 -0.00745496 0.0391173 0.968519 -0.245847 0.0176059 0.245329 0.96928 1.17728 7.23186 -6.14363
FixedParameters: 0 0 0

#Transform 37
Transform: AffineTransform_float_3_3
Parameters: 0.999412 -0.0308685 -0.0148982 0.0279905 0.985893 -0.16502 0.0197817 0.164506 0.986177 0.402655 4.08109 -4.02806
FixedParameters: 0 0 0

#Transform 38
Transform: AffineTransform_float_3_3
Parameters: 0.999133 -0.0406162 -0.00914955 0.0374569 0.972858 -0.228352 0.0181754 0.22781 0.973536 1.30919 5.83775 -5.13086
FixedParameters: 0 0 0

#Transform 39
Transform: AffineTransform_float_3_3
Parameters: 0.99904 -0.0426181 -0.0101397 0.0391981 0.972992 -0.227489 0.0195603 0.226873 0.973728 1.10131 6.83024 -5.26165
FixedParameters: 0 0 0

#Transform 40
Transform: AffineTransform_float_3_3
Parameters: 0.999034 -0.0424911 -0.0111634 0.0388668 0.973282 -0.226302 0.0204815 0.225651 0.973993 1.10884 6.34394 -5.24669
FixedParameters: 0 0 0

#Transform 41
Transform: AffineTransform_float_3_3
Parameters: 0.999374 -0.0270244 -0.0228329 0.0225386 0.983793 -0.177882 0.02727 0.177256 0.983787 0.908342 4.57624 -3.76981
FixedParameters: 0 0 0

#Transform 42
Transform: AffineTransform_float_3_3
Parameters: 0.999589 -0.0259652 -0.0121402 0.0218849 0.964891 -0.261738 0.0185098 0.261365 0.965063 0.962644 7.99168 -4.50306
FixedParameters: 0 0 0

#Transform 43
Transform: AffineTransform_float_3_3
Parameters: 0.999088 -0.0420127 -0.00764525 0.0377743 0.952994 -0.300626 0.0199158 0.300063 0.953712 1.65888 9.26884 -6.76552
FixedParameters: 0 0 0

#Transform 44
Transform: AffineTransform_float_3_3
Parameters: 0.99959 -0.0236744 -0.0160614 0.0187997 0.966764 -0.254976 0.0215635 0.25457 0.966814 1.00894 7.43442 -4.9377
FixedParameters: 0 0 0

#Transform 45
Transform: AffineTransform_float_3_3
Parameters: 0.9993 -0.0300652 -0.0222353 0.0233446 0.966097 -0.257125 0.0292126 0.256425 0.966123 1.82684 7.87929 -5.80092
FixedParameters: 0 0 0

#Transform 46
Transform: AffineTransform_float_3_3
Parameters: 0.999116 -0.0344776 -0.0240458 0.0258254 0.95484 -0.295994 0.0331651 0.295111 0.954887 1.89544 9.10127 -5.63754
FixedParameters: 0 0 0

#Transform 47
Transform: AffineTransform_float_3_3
Parameters: 0.999934 -0.00970688 -0.00625406 0.00813113 0.976463 -0.215532 0.00819897 0.215467 0.976476 1.47808 5.54365 -6.77926
FixedParameters: 0 0 0

#Transform 48
Transform: AffineTransform_float_3_3
Parameters: 0.998777 -0.0489591 0.00680024 0.0487288 0.952194 -0.301581 0.00829017 0.301544 0.953417 1.25794 8.78388 -7.42637
FixedParameters: 0 0 0

#Transform 49
Transform: AffineTransform_float_3_3
Parameters: 0.999171 -0.0406917 0.00136585 0.0386433 0.937232 -0.34656 0.0128219 0.346324 0.938027 1.79207 10.6758 -8.91183
FixedParameters: 0 0 0

#Transform 50
Transform: AffineTransform_float_3_3
Parameters: 0.999706 -0.0132691 0.0203289 0.018971 0.949509 -0.313166 -0.0151472 0.313458 0.949481 2.08519 5.20414 -11.7233
FixedParameters: 0 0 0

#Transform 51
Transform: AffineTransform_float_3_3
Parameters: 0.99668 -0.0522538 0.062436 0.0673922 0.959783 -0.272535 -0.045684 0.275838 0.960118 1.05016 5.68648 -11.0007
FixedParameters: 0 0 0

#Transform 52
Transform: AffineTransform_float_3_3
Parameters: 0.987986 -0.0696638 0.137947 0.107629 0.950735 -0.290722 -0.110898 0.302076 0.946811 -1.21735 5.94405 -10.0164
FixedParameters: 0 0 0

#Transform 53
Transform: AffineTransform_float_3_3
Parameters: 0.986415 -0.0786825 0.144207 0.123588 0.933755 -0.3359 -0.108224 0.349159 0.930793 -0.385843 8.05271 -11.3374
FixedParameters: 0 0 0

#Transform 54
Transform: AffineTransform_float_3_3
Parameters: 0.98757 -0.0680379 0.141688 0.112277 0.936215 -0.333009 -0.109993 0.344778 0.932217 -0.10206 7.74824 -10.8511
FixedParameters: 0 0 0

#Transform 55
Transform: AffineTransform_float_3_3
Parameters: 0.995797 -0.0514289 0.0757777 0.0692708 0.96422 -0.255894 -0.0599053 0.260068 0.963731 0.562572 6.18708 -9.128
FixedParameters: 0 0 0

#Transform 56
Transform: AffineTransform_float_3_3
Parameters: 0.996903 -0.0201706 0.0760071 0.0248034 0.997859 -0.0605051 -0.0746239 0.0622028 0.99527 -1.48971 1.10519 -6.28462
FixedParameters: 0 0 0

#Transform 57
Transform: AffineTransform_float_3_3
Parameters: 0.993907 -0.0245451 0.107448 0.0213699 0.999303 0.0306026 -0.108123 -0.0281204 0.993739 -2.32256 -2.34107 -3.49928
FixedParameters: 0 0 0

#Transform 58
Transform: AffineTransform_float_3_3
Parameters: 0.997544 -0.0421756 0.0559175 0.0486036 0.991693 -0.119096 -0.0504306 0.12152 0.991307 0.230306 1.74455 -5.76735
FixedParameters: 0 0 0

#Transform 59
Transform: AffineTransform_float_3_3
Parameters: 0.998173 -0.0398968 0.0453616 0.0461622 0.988099 -0.146725 -0.0389683 0.148551 0.988136 0.271011 4.05568 -6.23868
FixedParameters: 0 0 0

#Transform 60
Transform: AffineTransform_float_3_3
Parameters: 0.99863 -0.0366267 0.0373912 0.0413583 0.990009 -0.134807 -0.0320798 0.13617 0.990166 0.450884 2.84037 -5.70465
FixedParameters: 0 0 0

#Transform 61
Transform: AffineTransform_float_3_3
Parameters: 0.998693 -0.0359707 0.0363109 0.0407733 0.989083 -0.141601 -0.030821 0.142897 0.989257 0.347586 3.53688 -5.84766
FixedParameters: 0 0 0

#Transform 62
Transform: AffineTransform_float_3_3
Parameters: 0.998917 -0.0328754 0.0329445 0.0368086 0.991227 -0.126947 -0.0284816 0.128022 0.991363 0.244505 3.53676 -5.0488
FixedParameters: 0 0 0

#Transform 63
Transform: AffineTransform_float_3_3
Parameters: 0.993828 -0.0574817 0.0948788 0.0660123 0.993808 -0.0893744 -0.0891541 0.0950866 0.991468 -0.990893 1.25476 -8.31707
FixedParameters: 0 0 0

#Transform 64
Transform: AffineTransform_float_3_3
Parameters: 0.98599 -0.0984205 0.134673 0.0968974 0.995134 0.0178373 -0.135773 -0.00453769 0.990729 0.203861 -3.13937 -9.39387
FixedParameters: 0 0 0

#Transform 65
Transform: AffineTransform_float_3_3
Parameters: 0.988901 -0.110914 0.098859 0.108478 0.993655 0.0297007 -0.101526 -0.0186473 0.994658 0.793196 -3.08205 -8.51707
FixedParameters: 0 0 0

#Transform 66
Transform: AffineTransform_float_3_3
Parameters: 0.996898 -0.0648983 0.0445091 0.0670546 0.996556 -0.0487808 -0.0411899 0.0516142 0.997818 1.49087 1.36153 -4.8567
FixedParameters: 0 0 0

#Transform 67
Transform: AffineTransform_float_3_3
Parameters: 0.990197 -0.0650723 0.123594 0.0710939 0.996457 -0.0449499 -0.120231 0.0532952 0.991315 -2.33572 0.166471 -5.4459
FixedParameters: 0 0 0

#Transform 68
Transform: AffineTransform_float_3_3
Parameters: 0.978472 -0.136011 0.155225 0.144383 0.988545 -0.0439452 -0.14747 0.0654108 0.986901 -0.0640434 -0.938786 -9.11548
FixedParameters: 0 0 0

#Transform 69
Transform: AffineTransform_float_3_3
Parameters: 0.978585 -0.105651 0.176662 0.113381 0.992963 -0.0342136 -0.171804 0.0535112 0.983677 -1.55539 -1.1796 -9.56654
FixedParameters: 0 0 0

#Transform 70
Transform: AffineTransform_float_3_3
Parameters: 0.96816 -0.134517 0.211119 0.146143 0.988439 -0.0403875 -0.203245 0.0699554 0.976625 -1.95908 -2.15403 -8.87268
FixedParameters: 0 0 0

#Transform 71
Transform: AffineTransform_float_3_3
Parameters: 0.980022 -0.088611 0.17806 0.098336 0.994065 -0.046537 -0.172879 0.063117 0.982918 -3.0715 -0.976356 -9.2046
FixedParameters: 0 0 0

#Transform 72
Transform: AffineTransform_float_3_3
Parameters: 0.986638 -0.0697523 0.147241 0.0757906 0.996481 -0.0358009 -0.144227 0.0464823 0.988453 -2.94 -0.0315796 -8.23256
FixedParameters: 0 0 0

#Transform 73
Transform: AffineTransform_float_3_3
Parameters: 0.986223 -0.0692225 0.150243 0.0747995 0.996692 -0.0317889 -0.147545 0.0425881 0.988138 -3.07172 0.253763 -7.86578
FixedParameters: 0 0 0

#Transform 74
Transform: AffineTransform_float_3_3
Parameters: 0.986765 -0.0621383 0.149783 0.0682178 0.997028 -0.0357949 -0.147115 0.0455392 0.98807 -2.74086 -0.376625 -8.38786
FixedParameters: 0 0 0

#Transform 75
Transform: AffineTransform_float_3_3
Parameters: 0.98506 -0.0584862 0.161979 0.0643868 0.99743 -0.031412 -0.159727 0.0413719 0.986294 -3.30518 -0.554078 -10.7674
FixedParameters: 0 0 0

#Transform 76
Transform: AffineTransform_float_3_3
Parameters: 0.98901 -0.0539301 0.137663 0.0652688 0.994719 -0.0792175 -0.132664 0.0873324 0.987306 -2.16581 1.94464 -10.1676
FixedParameters: 0 0 0

#Transform 77
Transform: AffineTransform_float_3_3
Parameters: 0.989195 -0.0454307 0.139388 0.0552643 0.996187 -0.0675052 -0.13579 0.0744788 0.987934 -2.54847 1.46819 -10.1988
FixedParameters: 0 0 0

#Transform 78
Transform: AffineTransform_float_3_3
Parameters: 0.988386 -0.0452019 0.145081 0.060769 0.992642 -0.104727 -0.13928 0.112327 0.983861 -2.73503 2.30471 -9.68688
FixedParameters: 0 0 0

#Transform 79
Transform: AffineTransform_float_3_3
Parameters: 0.990001 -0.0516021 0.131283 0.0597409 0.996479 -0.0588292 -0.127785 0.0660837 0.989598 -2.26013 1.01751 -9.40661
FixedParameters: 0 0 0

#Transform 80
Transform: AffineTransform_float_3_3
Parameters: 0.990482 -0.0450634 0.130061 0.0515347 0.997572 -0.0468281 -0.127635 0.053085 0.9904 -2.26257 1.07716 -8.88683
FixedParameters: 0 0 0

#Transform 81
Transform: AffineTransform_float_3_3
Parameters: 0.989827 -0.0475873 0.134087 0.0539857 0.99755 -0.0444939 -0.131641 0.0512802 0.98997 -2.29634 0.316762 -9.162
FixedParameters: 0 0 0

#Transform 82
Transform: AffineTransform_float_3_3
Parameters: 0.987983 -0.048027 0.146908 0.073258 0.982459 -0.17149 -0.136095 0.180191 0.974171 -2.75357 3.80173 -9.0847
FixedParameters: 0 0 0

#Transform 83
Transform: AffineTransform_float_3_3
Parameters: 0.986871 -0.0547394 0.151955 0.0813786 0.98119 -0.17505 -0.139515 0.185117 0.972762 -2.71933 4.03229 -9.52512
FixedParameters: 0 0 0

#Transform 84
Transform: AffineTransform_float_3_3
Parameters: 0.988103 -0.057261 0.142737 0.0620951 0.99763 -0.0296424 -0.1407 0.0381525 0.989317 -2.83292 0.694523 -8.46808
FixedParameters: 0 0 0

#Transform 85
Transform: AffineTransform_float_3_3
Parameters: 0.988297 -0.0528266 0.143107 0.0584215 0.997672 -0.0351741 -0.140916 0.0431228 0.989082 -2.79868 0.877787 -8.26799
FixedParameters: 0 0 0

#Transform 86
Transform: AffineTransform_float_3_3
Parameters: 0.987565 -0.0479078 0.149734 0.0526792 0.998217 -0.0280601 -0.148123 0.0355989 0.988328 -3.28911 0.681193 -11.2564
FixedParameters: 0 0 0

#Transform 87
Transform: AffineTransform_float_3_3
Parameters: 0.989088 -0.0482003 0.139214 0.0571856 0.996481 -0.0612817 -0.13577 0.0685744 0.988365 -2.511 1.63853 -10.4527
FixedParameters: 0 0 0

#Transform 88
Transform: AffineTransform_float_3_3
Parameters: 0.989828 -0.0524961 0.13223 0.0591717 0.997137 -0.0470705 -0.12938 0.0544165 0.990101 -2.37106 1.47606 -9.12977
FixedParameters: 0 0 0

#Transform 89
Transform: AffineTransform_float_3_3
Parameters: 0.997947 -0.0459801 0.0445928 0.048132 0.997666 -0.0484482 -0.0422613 0.0504949 0.99783 0.690532 2.56881 -5.27261
FixedParameters: 0 0 0

#Transform 90
Transform: AffineTransform_float_3_3
Parameters: 0.998158 -0.0434851 0.0423002 0.0455379 0.997769 -0.0488176 -0.0400827 0.0506543 0.997911 0.587051 2.29665 -5.02007
FixedParameters: 0 0 0

#Transform 91
Transform: AffineTransform_float_3_3
Parameters: 0.998573 -0.0527849 0.00817621 0.0531442 0.997191 -0.0527848 -0.00536783 0.0531432 0.998573 1.79117 2.2831 -4.5313
FixedParameters: 0 0 0

#Transform 92
Transform: AffineTransform_float_3_3
Parameters: 0.999341 -0.0361663 0.0033138 0.0362767 0.998378 -0.0438647 -0.00172224 0.0439553 0.999032 1.61074 4.06359 -3.49983
FixedParameters: 0 0 0

#Transform 93
Transform: AffineTransform_float_3_3
Parameters: 0.999302 -0.0372279 0.0029195 0.0373211 0.998312 -0.0444981 -0.0012575 0.0445759 0.999005 1.81136 3.81215 -3.47206
FixedParameters: 0 0 0

#Transform 94
Transform: AffineTransform_float_3_3
Parameters: 0.999173 -0.0402204 0.00606725 0.0404667 0.998012 -0.0483135 -0.00411175 0.0485195 0.998814 1.90702 3.35265 -3.90414
FixedParameters: 0 0 0

#Transform 95
Transform: AffineTransform_float_3_3
Parameters: 0.998615 -0.052505 0.00338887 0.052606 0.997525 -0.0466524 -0.000931149 0.0467657 0.998906 1.7071 2.82438 -3.56429
FixedParameters: 0 0 0

#Transform 96
Transform: AffineTransform_float_3_3
Parameters: 0.999593 -0.0285059 0.00165036 0.0285451 0.99904 -0.0332134 -0.000702647 0.0332466 0.999447 2.85911 3.71815 -3.41895
FixedParameters: 0 0 0

#Transform 97
Transform: AffineTransform_float_3_3
Parameters: 0.996444 -0.0380033 0.0752098 0.0418027 0.997894 -0.0496095 -0.0731653 0.0525775 0.995933 -1.00801 3.64454 -3.0606
FixedParameters: 0 0 0

#Transform 98
Transform: AffineTransform_float_3_3
Parameters: 0.996444 -0.0772887 0.0335531 0.0788473 0.995734 -0.0479118 -0.0297069 0.0503862 0.998288 0.591627 0.244081 -1.66476
FixedParameters: 0 0 0

#Transform 99
Transform: AffineTransform_float_3_3
Parameters: 0.997643 -0.0599633 0.0333408 0.0616026 0.99682 -0.0505442 -0.0302032 0.0524788 0.998165 0.249706 0.679185 -1.52492
FixedParameters: 0 0 0

#Transform 100
Transform: AffineTransform_float_3_3
Parameters: 0.998454 -0.0437642 0.034249 0.0453888 0.997807 -0.0481649 -0.032066 0.049645 0.998252 0.678526 0.601394 -1.63373
FixedParameters: 0 0 0

#Transform 101
Transform: AffineTransform_float_3_3
Parameters: 0.988403 -0.0426024 0.145758 0.0425107 0.999089 0.00374269 -0.145786 0.00249677 0.989313 -3.7854 -1.55303 -6.1535
FixedParameters: 0 0 0

#Transform 102
Transform: AffineTransform_float_3_3
Parameters: 0.997676 -0.0680784 0.0027791 0.0680805 0.997679 -0.000464878 -0.0027409 0.000653114 0.999996 4.43051 -5.52253 -6.13151
FixedParameters: 0 0 0

#Transform 103
Transform: AffineTransform_float_3_3
Parameters: 0.989217 -0.0476216 0.138495 0.0525774 0.998092 -0.0323501 -0.13669 0.039283 0.989834 -3.91748 0.892457 -8.07028
FixedParameters: 0 0 0

#Transform 104
Transform: AffineTransform_float_3_3
Parameters: 0.998541 -0.0456801 0.0288214 0.0471589 0.997485 -0.0529101 -0.0263316 0.054192 0.998184 0.512044 3.52029 -4.71734
FixedParameters: 0 0 0

#Transform 105
Transform: AffineTransform_float_3_3
Parameters: 0.996832 -0.0466901 0.0643911 0.0509319 0.996526 -0.0658902 -0.0610909 0.0689608 0.995747 -1.21159 1.80441 -3.38932
FixedParameters: 0 0 0

#Transform 106
Transform: AffineTransform_float_3_3
Parameters: 0.99819 -0.0583122 0.0147216 0.0590088 0.99688 -0.0524352 -0.0116185 0.0532088 0.998516 0.791842 2.90308 -4.34831
FixedParameters: 0 0 0

#Transform 107
Transform: AffineTransform_float_3_3
Parameters: 0.998026 -0.0550283 0.0302859 0.0565268 0.997096 -0.0510458 -0.027389 0.0526572 0.998237 0.343065 1.67281 -4.65031
FixedParameters: 0 0 0

#Transform 108
Transform: AffineTransform_float_3_3
Parameters: 0.994811 -0.0614028 0.0811212 0.0695903 0.992318 -0.102291 -0.0742169 0.107405 0.991442 -1.43109 2.78065 -5.46802
FixedParameters: 0 0 0

#Transform 109
Transform: AffineTransform_float_3_3
Parameters: 0.995043 -0.0563582 0.0819331 0.0643437 0.99307 -0.0983406 -0.075823 0.103125 0.991774 -1.59427 2.64132 -5.2485
FixedParameters: 0 0 0

#Transform 110
Transform: AffineTransform_float_3_3
Parameters: 0.997366 -0.0555783 0.0465943 0.0578186 0.997162 -0.0482049 -0.0437836 0.0507721 0.99775 -0.0349855 0.822785 -5.18716
FixedParameters: 0 0 0

#Transform 111
Transform: AffineTransform_float_3_3
Parameters: 0.996499 -0.0492632 0.0675586 0.0546837 0.995222 -0.0808879 -0.0632504 0.0842991 0.994431 -0.936402 1.38604 -4.29337
FixedParameters: 0 0 0

#Transform 112
Transform: AffineTransform_float_3_3
Parameters: 0.998137 -0.0597972 0.0121346 0.0603688 0.996711 -0.0540602 -0.00886246 0.0546919 0.998464 1.52156 0.72083 -4.66651
FixedParameters: 0 0 0

#Transform 113
Transform: AffineTransform_float_3_3
Parameters: 0.996349 -0.0535508 0.0664995 0.0594592 0.994138 -0.0903007 -0.0612745 0.0939253 0.993692 -1.05935 2.40169 -4.63953
FixedParameters: 0 0 0

#Transform 114
Transform: AffineTransform_float_3_3
Parameters: 0.996304 -0.0525632 0.0679358 0.0584849 0.994372 -0.0883413 -0.0629102 0.0919877 0.993771 -1.18602 2.47458 -4.61583
FixedParameters: 0 0 0

#Transform 115
Transform: AffineTransform_float_3_3
Parameters: 0.996182 -0.0515463 0.0704683 0.0577608 0.994337 -0.0892044 -0.0654709 0.0929337 0.993518 -1.34803 2.53703 -4.78211
FixedParameters: 0 0 0

#Transform 116
Transform: AffineTransform_float_3_3
Parameters: 0.997533 -0.0548992 0.0437491 0.0569737 0.997237 -0.047655 -0.0410119 0.0500299 0.997906 -0.111874 0.749184 -5.13416
FixedParameters: 0 0 0

#Transform 117
Transform: AffineTransform_float_3_3
Parameters: 0.997064 -0.0611283 0.0461317 0.0632417 0.996946 -0.0458191 -0.0431893 0.0486018 0.997884 0.00759487 1.47675 -5.11719
FixedParameters: 0 0 0

#Transform 118
Transform: AffineTransform_float_3_3
Parameters: 0.997465 -0.0577592 0.0415586 0.0597529 0.997036 -0.0484505 -0.0386374 0.0508104 0.99796 -0.0623625 1.44824 -5.02272
FixedParameters: 0 0 0

#Transform 119
Transform: AffineTransform_float_3_3
Parameters: 0.997471 -0.0580296 0.0410252 0.0600134 0.997 -0.0488916 -0.0380647 0.0512304 0.997961 -0.0636371 1.39851 -4.98271
FixedParameters: 0 0 0

#Transform 120
Transform: AffineTransform_float_3_3
Parameters: 0.997835 -0.0515247 0.040867 0.0535072 0.997365 -0.0489924 -0.0382349 0.0510736 0.997962 -0.302232 1.20048 -5.02615
FixedParameters: 0 0 0

#Transform 121
Transform: AffineTransform_float_3_3
Parameters: 0.997417 -0.0509097 0.0506694 0.0541343 0.996452 -0.0644395 -0.0472086 0.0670165 0.996635 0.199662 2.42587 -6.26192
FixedParameters: 0 0 0

#Transform 122
Transform: AffineTransform_float_3_3
Parameters: 0.994111 -0.0449983 0.0985887 0.0529028 0.995463 -0.0790791 -0.0945833 0.0838288 0.991981 -2.31751 2.99013 -5.2396
FixedParameters: 0 0 0

#Transform 123
Transform: AffineTransform_float_3_3
Parameters: 0.994905 -0.0500611 0.0875127 0.0551028 0.996899 -0.056179 -0.0844282 0.0607149 0.994578 -1.52758 0.956823 -7.12593
FixedParameters: 0 0 0

#Transform 124
Transform: AffineTransform_float_3_3
Parameters: 0.985537 -0.0479101 0.162547 0.066202 0.991829 -0.109051 -0.155994 0.118235 0.980656 -3.89932 2.86843 -9.17854
FixedParameters: 0 0 0

#Transform 125
Transform: AffineTransform_float_3_3
Parameters: 0.983871 -0.0517415 0.17123 0.0719835 0.990846 -0.114198 -0.163754 0.124682 0.97859 -4.66295 3.3347 -10.2274
FixedParameters: 0 0 0

#Transform 126
Transform: AffineTransform_float_3_3
Parameters: 0.981854 -0.0741877 0.174525 0.0957681 0.988305 -0.118664 -0.16368 0.133226 0.977476 -4.26752 2.3887 -9.92962
FixedParameters: 0 0 0

#Transform 127
Transform: AffineTransform_float_3_3
Parameters: 0.985243 -0.0521583 0.16302 0.0709877 0.99118 -0.111901 -0.155747 0.121822 0.980257 -4.33019 2.48384 -9.225
FixedParameters: 0 0 0

#Transform 128
Transform: AffineTransform_float_3_3
Parameters: 0.98502 -0.0500842 0.165002 0.0684018 0.991874 -0.107266 -0.158289 0.116945 0.980443 -4.27665 2.40191 -9.16673
FixedParameters: 0 0 0

#Transform 129
Transform: AffineTransform_float_3_3
Parameters: 0.987873 -0.060518 0.142989 0.0745252 0.99271 -0.0947317 -0.136213 0.104239 0.985181 -3.47473 2.37052 -8.01087
FixedParameters: 0 0 0

#Transform 130
Transform: AffineTransform_float_3_3
Parameters: 0.988108 -0.058323 0.142276 0.0724861 0.992691 -0.0964834 -0.135609 0.105649 0.985114 -3.57219 2.7567 -7.91873
FixedParameters: 0 0 0

#Transform 131
Transform: AffineTransform_float_3_3
Parameters: 0.988157 -0.057956 0.142081 0.07209 0.992725 -0.0964375 -0.135457 0.105537 0.985146 -3.51332 2.66983 -8.03177
FixedParameters: 0 0 0

#Transform 132
Transform: AffineTransform_float_3_3
Parameters: 0.987728 -0.057268 0.145305 0.0713039 0.993082 -0.0933012 -0.138955 0.102518 0.984978 -3.60056 2.56537 -8.16797
FixedParameters: 0 0 0

#Transform 133
Transform: AffineTransform_float_3_3
Parameters: 0.988287 -0.0572388 0.141465 0.0709462 0.993057 -0.0938296 -0.135112 0.102767 0.985486 -3.46556 2.69707 -8.02857
FixedParameters: 0 0 0

#Transform 134
Transform: AffineTransform_float_3_3
Parameters: 0.988407 -0.058223 0.140225 0.072255 0.992643 -0.0971483 -0.133537 0.106154 0.985342 -3.46515 2.77819 -7.91043
FixedParameters: 0 0 0

#Transform 135
Transform: AffineTransform_float_3_3
Parameters: 0.989016 -0.0593921 0.135352 0.073237 0.992317 -0.0997165 -0.12839 0.108533 0.985767 -3.25747 2.76241 -7.78229
FixedParameters: 0 0 0

#Transform 136
Transform: AffineTransform_float_3_3
Parameters: 0.989959 -0.054899 0.130264 0.0679921 0.992832 -0.0982992 -0.123934 0.106169 0.986595 -3.23552 3.12803 -7.26176
FixedParameters: 0 0 0

#Transform 137
Transform: AffineTransform_float_3_3
Parameters: 0.990307 -0.057236 0.126555 0.064455 0.996474 -0.0537004 -0.123035 0.0613366 0.990505 -3.10079 1.70572 -8.50196
FixedParameters: 0 0 0

#Transform 138
Transform: AffineTransform_float_3_3
Parameters: 0.988807 -0.0681548 0.132724 0.0765293 0.995318 -0.0590457 -0.128078 0.0685423 0.989392 -3.11548 1.93368 -9.15546
FixedParameters: 0 0 0

#Transform 139
Transform: AffineTransform_float_3_3
Parameters: 0.989284 -0.0604769 0.132895 0.069005 0.995778 -0.0605353 -0.128673 0.0690578 0.989279 -3.03022 1.9697 -9.02787
FixedParameters: 0 0 0

#Transform 140
Transform: AffineTransform_float_3_3
Parameters: 0.990297 -0.0544478 0.12786 0.0620434 0.99649 -0.0561975 -0.124352 0.0635846 0.990199 -3.00686 2.2631 -8.95706
FixedParameters: 0 0 0

#Transform 141
Transform: AffineTransform_float_3_3
Parameters: 0.990473 -0.050933 0.127942 0.0588108 0.996549 -0.0585686 -0.124516 0.0655353 0.990051 -3.05128 2.04227 -9.01701
FixedParameters: 0 0 0

#Transform 142
Transform: AffineTransform_float_3_3
Parameters: 0.988234 -0.0467464 0.145636 0.0604266 0.994018 -0.0909752 -0.140511 0.0987048 0.985146 -3.75109 3.1129 -8.11223
FixedParameters: 0 0 0

#Transform 143
Transform: AffineTransform_float_3_3
Parameters: 0.988181 -0.0466896 0.146003 0.0602444 0.994133 -0.0898358 -0.140953 0.0975701 0.985196 -3.75793 3.08199 -8.16347
FixedParameters: 0 0 0

#Transform 144
Transform: AffineTransform_float_3_3
Parameters: 0.988411 -0.0489706 0.143687 0.0629165 0.993565 -0.0941802 -0.13815 0.102129 0.985131 -3.67879 3.20156 -8.11039
FixedParameters: 0 0 0

#Transform 145
Transform: AffineTransform_float_3_3
Parameters: 0.988457 -0.0461957 0.144287 0.0598323 0.993992 -0.0916519 -0.139186 0.0992272 0.985283 -3.64838 3.13735 -8.16625
FixedParameters: 0 0 0

#Transform 146
Transform: AffineTransform_float_3_3
Parameters: 0.988404 -0.0457666 0.14479 0.0595456 0.993948 -0.0923059 -0.139689 0.0998561 0.985148 -3.66268 3.1356 -8.16558
FixedParameters: 0 0 0

#Transform 147
Transform: AffineTransform_float_3_3
Parameters: 0.988431 -0.0458442 0.144577 0.0596268 0.993927 -0.0924863 -0.139459 0.100037 0.985162 -3.63344 3.12434 -8.18708
FixedParameters: 0 0 0

#Transform 148
Transform: AffineTransform_float_3_3
Parameters: 0.98818 -0.0461428 0.14619 0.0598111 0.994096 -0.0905232 -0.14115 0.0981967 0.985106 -3.74045 3.10471 -8.14558
FixedParameters: 0 0 0

#Transform 149
Transform: AffineTransform_float_3_3
Parameters: 0.988377 -0.0475413 0.144397 0.0612688 0.993858 -0.0921601 -0.139129 0.0999359 0.985218 -3.62065 3.15819 -8.08389
FixedParameters: 0 0 0

#Transform 150
Transform: AffineTransform_float_3_3
Parameters: 0.988563 -0.0468007 0.143358 0.0605332 0.993826 -0.0929835 -0.138121 0.100599 0.985293 -3.51215 3.01557 -8.25407
FixedParameters: 0 0 0

#Transform 151
Transform: AffineTransform_float_3_3
Parameters: 0.98838 -0.0462638 0.14479 0.0601881 0.993816 -0.0933135 -0.139577 0.100944 0.985052 -3.59329 3.04194 -8.2144
FixedParameters: 0 0 0

#Transform 152
Transform: AffineTransform_float_3_3
Parameters: 0.988399 -0.04737 0.144304 0.061165 0.993812 -0.0927101 -0.13902 0.100461 0.98518 -3.60649 2.99228 -8.23454
FixedParameters: 0 0 0

#Transform 153
Transform: AffineTransform_float_3_3
Parameters: 0.988275 -0.0482312 0.144867 0.0621428 0.993716 -0.0930941 -0.139467 0.101005 0.985062 -3.72457 3.17699 -8.09094
FixedParameters: 0 0 0

#Transform 154
Transform: AffineTransform_float_3_3
Parameters: 0.984209 -0.0568846 0.167617 0.0750872 0.991703 -0.104343 -0.160291 0.115281 0.980315 -4.01008 3.3953 -10.8935
FixedParameters: 0 0 0

#Transform 155
Transform: AffineTransform_float_3_3
Parameters: 0.985384 -0.0677953 0.156276 0.0773527 0.995435 -0.0558986 -0.151773 0.0671693 0.986131 -3.58147 2.12775 -9.85765
FixedParameters: 0 0 0

#Transform 156
Transform: AffineTransform_float_3_3
Parameters: 0.981503 -0.118853 0.150087 0.123793 0.992019 -0.0239778 -0.146039 0.0421142 0.988382 -2.40417 1.15096 -8.48637
FixedParameters: 0 0 0

#Transform 157
Transform: AffineTransform_float_3_3
Parameters: 0.985715 -0.084435 0.145732 0.0876662 0.996024 -0.0158822 -0.143811 0.0284308 0.989196 -3.13639 1.10537 -8.7051
FixedParameters: 0 0 0

#Transform 158
Transform: AffineTransform_float_3_3
Parameters: 0.988112 -0.0657107 0.138985 0.0722843 0.996466 -0.0427831 -0.135682 0.0523208 0.98937 -3.41744 2.69409 -8.88094
FixedParameters: 0 0 0

#Transform 159
Transform: AffineTransform_float_3_3
Parameters: 0.990909 -0.0517431 0.12418 0.0565469 0.99777 -0.0354674 -0.122068 0.0421664 0.991625 -2.51295 1.99999 -10.3613
FixedParameters: 0 0 0
