#Insight Transform File V1.0
#Transform 0
Transform: AffineTransform_float_3_3
Parameters: 1 -8.2e-05 3.362e-08 8.2e-05 1 -0.00041 3.362e-08 0.00041 1 -0.00165149 -0.0127481 -0.162979
FixedParameters: 0 0 0

#Transform 1
Transform: AffineTransform_float_3_3
Parameters: 0.999999 0.00128089 0.000393348 -0.00128111 0.999999 0.000271496 -0.000392651 -0.000272503 1 -0.0127188 0.0902012 -0.0351565
FixedParameters: 0 0 0

#Transform 2
Transform: AffineTransform_float_3_3
Parameters: 0.999997 0.000509837 0.00266219 -0.000516162 0.999997 0.00231463 -0.00266081 -0.00231637 0.999994 -0.0303123 0.0349703 -0.111999
FixedParameters: 0 0 0

#Transform 3
Transform: AffineTransform_float_3_3
Parameters: 0.999994 0.000301148 0.00347814 -0.000313851 0.999993 0.00369493 -0.00347686 -0.00369607 0.999987 -0.0551237 0.00496441 -0.125684
FixedParameters: 0 0 0

#Transform 4
Transform: AffineTransform_float_3_3
Parameters: 0.999996 0.000566987 0.00274021 -0.000568014 1 0.000369445 -0.00273979 -0.000370555 0.999996 -0.0318648 0.107124 -0.113597
FixedParameters: 0 0 0

#Transform 5
Transform: AffineTransform_float_3_3
Parameters: 0.999998 0.000515853 0.00158672 -0.000515147 0.999999 -0.000537818 -0.00158628 0.000537182 0.999998 -0.0160811 0.114729 -0.0539282
FixedParameters: 0 0 0

#Transform 6
Transform: AffineTransform_float_3_3
Parameters: 0.999999 0.000743608 0.00127306 -0.000742392 0.999999 -0.00126295 -0.00127394 0.00126205 0.999999 -0.0192118 0.134472 -0.0446024
FixedParameters: 0 0 0

#Transform 7
Transform: AffineTransform_float_3_3
Parameters: 0.999998 0.000744539 0.00153577 -0.000742462 0.999999 -0.00165314 -0.00153623 0.00165186 0.999998 -0.0240027 0.104751 -0.0545478
FixedParameters: 0 0 0

#Transform 8
Transform: AffineTransform_float_3_3
Parameters: 0.999998 0.00128724 0.00147104 -0.00128476 0.999998 -0.00152189 -0.00147296 0.00152011 0.999998 -0.0142782 0.0827441 -0.0703656
FixedParameters: 0 0 0

#Transform 9
Transform: AffineTransform_float_3_3
Parameters: 0.999998 0.00143429 0.00136159 -0.00143171 0.999997 -0.00168295 -0.00136441 0.00168105 0.999997 -0.00546555 0.0867884 -0.0802058
FixedParameters: 0 0 0

#Transform 10
Transform: AffineTransform_float_3_3
Parameters: 0.999997 0.00119196 0.00238902 -0.00119404 0.999999 0.00085115 -0.00238798 -0.000853849 0.999997 -0.012934 0.0419279 -0.0984655
FixedParameters: 0 0 0

#Transform 11
Transform: AffineTransform_float_3_3
Parameters: 0.999997 0.00131839 0.00169647 -0.00131861 0.999999 0.000358764 -0.00169552 -0.000361236 0.999998 -0.0198293 0.0666269 -0.0397501
FixedParameters: 0 0 0

#Transform 12
Transform: AffineTransform_float_3_3
Parameters: 0.999999 0.00126695 0.00136098 -0.00126805 0.999999 0.000771275 -0.00136002 -0.000772724 0.999999 -0.00557592 0.042705 -0.0558928
FixedParameters: 0 0 0

#Transform 13
Transform: AffineTransform_float_3_3
Parameters: 0.999998 0.0016077 0.0011844 -0.00160829 0.999998 0.000248096 -0.0011846 -0.000249905 1 -0.0214456 0.0440907 -0.0550496
FixedParameters: 0 0 0

#Transform 14
Transform: AffineTransform_float_3_3
Parameters: 0.999998 0.00160752 0.00120564 -0.00160848 0.999998 0.000396061 -0.00120536 -0.000397938 0.999999 -0.00656649 0.0554545 -0.0864888
FixedParameters: 0 0 0

#Transform 15
Transform: AffineTransform_float_3_3
Parameters: 0.999998 0.00160816 0.00135981 -0.00160784 0.999998 -0.000119187 -0.00136019 0.000116813 0.999999 -0.0159217 0.0560091 -0.0769438
FixedParameters: 0 0 0

#Transform 16
Transform: AffineTransform_float_3_3
Parameters: 0.999998 0.0016087 0.00116603 -0.0016083 0.999999 -0.000602877 -0.00116697 0.000601124 0.999999 -0.0133393 0.0837728 -0.0508103
FixedParameters: 0 0 0

#Transform 17
Transform: AffineTransform_float_3_3
Parameters: 0.999999 0.0016087 0.000775554 -0.0016083 0.999999 -0.000900249 -0.000777449 0.000899751 1 0.00197333 0.0922645 -0.0421109
FixedParameters: 0 0 0

#Transform 18
Transform: AffineTransform_float_3_3
Parameters: 0.999999 0.00167076 0.000635002 -0.00167024 0.999998 -0.00119706 -0.000636999 0.00119594 0.999999 -0.013088 0.100514 -0.0504425
FixedParameters: 0 0 0

#Transform 19
Transform: AffineTransform_float_3_3
Parameters: 0.999998 0.00160948 0.000604065 -0.00160752 0.999995 -0.00244597 -0.000607933 0.00244502 0.999997 -0.00499606 0.101231 -0.0280652
FixedParameters: 0 0 0

#Transform 20
Transform: AffineTransform_float_3_3
Parameters: 0.999998 0.0023285 0.000161903 -0.0023275 0.999992 -0.00304839 -0.000169095 0.00304761 0.999996 0.0168058 0.115478 -0.0145913
FixedParameters: 0 0 0

#Transform 21
Transform: AffineTransform_float_3_3
Parameters: 0.999996 0.00274216 3.92325e-05 -0.00274184 0.99999 -0.00356212 -4.87666e-05 0.00356188 0.999993 0.0217748 0.151793 -0.00385271
FixedParameters: 0 0 0

#Transform 22
Transform: AffineTransform_float_3_3
Parameters: 0.999996 0.00259085 -4.69671e-05 -0.00259115 0.99999 -0.00346089 3.80321e-05 0.00346111 0.999994 0.0265068 0.142151 -0.0299132
FixedParameters: 0 0 0

#Transform 23
Transform: AffineTransform_float_3_3
Parameters: 0.999996 0.00253805 -0.000405366 -0.00253995 0.999985 -0.00486999 0.000393634 0.00487102 0.999988 0.0525782 0.166457 -0.0635694
FixedParameters: 0 0 0

#Transform 24
Transform: AffineTransform_float_3_3
Parameters: 0.999998 0.00178236 -0.000606803 -0.00178464 0.999989 -0.00437393 0.000599199 0.00437508 0.999991 0.0839582 0.183095 -0.0284518
FixedParameters: 0 0 0

#Transform 25
Transform: AffineTransform_float_3_3
Parameters: 0.999997 0.00265389 -0.000270127 -0.00265511 0.999987 -0.0041913 0.000258874 0.0041917 0.999991 0.0459614 0.155526 -0.00557441
FixedParameters: 0 0 0

#Transform 26
Transform: AffineTransform_float_3_3
Parameters: 0.999997 0.00267781 -0.000492064 -0.00268019 0.999987 -0.0045027 0.000479937 0.0045033 0.999989 0.0512291 0.194652 -0.0149235
FixedParameters: 0 0 0

#Transform 27
Transform: AffineTransform_float_3_3
Parameters: 0.999995 0.00308968 -0.000579989 -0.00309332 0.999979 -0.00581824 0.00056201 0.00581977 0.999983 0.0554762 0.21811 -0.0171947
FixedParameters: 0 0 0

#Transform 28
Transform: AffineTransform_float_3_3
Parameters: 0.999995 0.00309001 -0.000507528 -0.00309299 0.999978 -0.00599246 0.00048947 0.00599454 0.999982 0.0509089 0.208229 -0.0140986
FixedParameters: 0 0 0

#Transform 29
Transform: AffineTransform_float_3_3
Parameters: 0.999994 0.00325566 -0.000510746 -0.00325934 0.999973 -0.00667537 0.000489252 0.00667663 0.999977 0.0467241 0.232554 -0.00053794
FixedParameters: 0 0 0

#Transform 30
Transform: AffineTransform_float_3_3
Parameters: 0.999995 0.00308927 -0.000512052 -0.00309273 0.999968 -0.00745646 0.000488952 0.00745755 0.999972 0.0488328 0.231534 0.0148738
FixedParameters: 0 0 0

#Transform 31
Transform: AffineTransform_float_3_3
Parameters: 0.999995 0.0029673 2.85886e-05 -0.0029667 0.999967 -0.00755312 -5.14088e-05 0.00755288 0.999972 0.0350793 0.234599 0.0407097
FixedParameters: 0 0 0

#Transform 32
Transform: AffineTransform_float_3_3
Parameters: 0.999996 0.00255405 -4.40191e-06 -0.00255396 0.999965 -0.00798801 -1.54015e-05 0.00798799 0.999968 0.0412886 0.229517 0.0621028
FixedParameters: 0 0 0

#Transform 33
Transform: AffineTransform_float_3_3
Parameters: 0.999997 0.00238012 0.000113495 -0.00237888 0.999957 -0.0090373 -0.000134503 0.00903671 0.999959 0.0394815 0.243796 0.0636831
FixedParameters: 0 0 0

#Transform 34
Transform: AffineTransform_float_3_3
Parameters: 0.999998 0.00227425 0.000463649 -0.00226975 0.999958 -0.00895708 -0.000484348 0.00895592 0.99996 0.0330316 0.229609 0.073345
FixedParameters: 0 0 0

#Transform 35
Transform: AffineTransform_float_3_3
Parameters: 0.999996 0.00265916 0.000109867 -0.00265885 0.999952 -0.00945333 -0.00013414 0.00945268 0.999956 0.0669881 0.238996 0.0580833
FixedParameters: 0 0 0

#Transform 36
Transform: AffineTransform_float_3_3
Parameters: 0.999997 0.00248223 0.000110009 -0.00248077 0.999946 -0.0100703 -0.00013499 0.0100707 0.99995 0.0410643 0.246896 0.071533
FixedParameters: 0 0 0

#Transform 37
Transform: AffineTransform_float_3_3
Parameters: 0.999997 0.00251332 0.000107566 -0.00251168 0.999937 -0.0109183 -0.00013443 0.0109177 0.999941 0.0468541 0.268483 0.0749549
FixedParameters: 0 0 0

#Transform 38
Transform: AffineTransform_float_3_3
Parameters: 0.999997 0.00265114 -0.000343283 -0.00265486 0.999927 -0.0117901 0.00031172 0.0117909 0.999931 0.0587811 0.298791 0.109092
FixedParameters: 0 0 0

#Transform 39
Transform: AffineTransform_float_3_3
Parameters: 0.999997 0.00268319 -0.000247685 -0.00268581 0.999923 -0.0121744 0.000214318 0.0121746 0.999926 0.0641368 0.293767 0.115714
FixedParameters: 0 0 0

#Transform 40
Transform: AffineTransform_float_3_3
Parameters: 0.999995 0.00308583 -0.000623608 -0.00309318 0.999925 -0.0118481 0.000587387 0.0118509 0.999929 0.0773497 0.285914 0.114495
FixedParameters: 0 0 0

#Transform 41
Transform: AffineTransform_float_3_3
Parameters: 0.999996 0.00286613 -0.00110887 -0.00287887 0.999927 -0.0117879 0.00107413 0.0117911 0.99993 0.0972347 0.281646 0.100928
FixedParameters: 0 0 0

#Transform 42
Transform: AffineTransform_float_3_3
Parameters: 0.999995 0.00308212 -0.000985701 -0.00309289 0.999932 -0.011237 0.000951301 0.01124 0.999937 0.0744088 0.265513 0.0892285
FixedParameters: 0 0 0

#Transform 43
Transform: AffineTransform_float_3_3
Parameters: 0.999994 0.00307819 -0.0012802 -0.00309281 0.999927 -0.0117281 0.00124481 0.0117319 0.999931 0.0670737 0.269963 0.11929
FixedParameters: 0 0 0

#Transform 44
Transform: AffineTransform_float_3_3
Parameters: 0.999993 0.00342407 -0.00146077 -0.00344192 0.999916 -0.0124551 0.00141723 0.0124599 0.999922 0.061887 0.298599 0.11655
FixedParameters: 0 0 0

#Transform 45
Transform: AffineTransform_float_3_3
Parameters: 0.999995 0.0030828 -0.000815594 -0.00309321 0.999913 -0.0128205 0.000776405 0.0128225 0.999917 0.0634696 0.317252 0.090453
FixedParameters: 0 0 0

#Transform 46
Transform: AffineTransform_float_3_3
Parameters: 0.999994 0.00335372 -0.000942844 -0.00336529 0.999906 -0.0133449 0.000898164 0.0133481 0.99991 0.0654715 0.318219 0.126632
FixedParameters: 0 0 0

#Transform 47
Transform: AffineTransform_float_3_3
Parameters: 0.999995 0.00307559 -0.00126905 -0.00309241 0.999898 -0.0139561 0.00122596 0.0139598 0.999902 0.0688577 0.319728 0.147742
FixedParameters: 0 0 0

#Transform 48
Transform: AffineTransform_float_3_3
Parameters: 0.999992 0.00366316 -0.00150863 -0.00368384 0.999894 -0.0140505 0.00145737 0.0140564 0.9999 0.0590507 0.288889 0.135606
FixedParameters: 0 0 0

#Transform 49
Transform: AffineTransform_float_3_3
Parameters: 0.999994 0.00307646 -0.00166551 -0.00309653 0.999918 -0.0124719 0.0016265 0.0124771 0.999921 0.0619986 0.221828 0.154264
FixedParameters: 0 0 0

#Transform 50
Transform: AffineTransform_float_3_3
Parameters: 0.999992 0.0032858 -0.00230421 -0.00331419 0.999913 -0.0127845 0.0022618 0.0127915 0.999915 0.0798149 0.276542 0.140089
FixedParameters: 0 0 0

#Transform 51
Transform: AffineTransform_float_3_3
Parameters: 0.999991 0.00356431 -0.00224841 -0.00359469 0.999899 -0.013798 0.0021986 0.013806 0.999903 0.0660578 0.294844 0.154635
FixedParameters: 0 0 0

#Transform 52
Transform: AffineTransform_float_3_3
Parameters: 0.999994 0.00311777 -0.00145246 -0.00313822 0.999885 -0.0148485 0.00140555 0.0148525 0.999888 0.064126 0.324383 0.19663
FixedParameters: 0 0 0

#Transform 53
Transform: AffineTransform_float_3_3
Parameters: 0.999994 0.00306853 -0.00193261 -0.00309848 0.999876 -0.0154381 0.00188538 0.0154439 0.999879 0.0625635 0.341044 0.218253
FixedParameters: 0 0 0

#Transform 54
Transform: AffineTransform_float_3_3
Parameters: 0.999992 0.00317336 -0.00224576 -0.00320864 0.999874 -0.0155919 0.00219622 0.0155991 0.999876 0.071861 0.348038 0.219575
FixedParameters: 0 0 0

#Transform 55
Transform: AffineTransform_float_3_3
Parameters: 0.99999 0.00355534 -0.00246031 -0.00359465 0.99986 -0.0163053 0.00240169 0.0163147 0.999864 0.0772015 0.368853 0.211316
FixedParameters: 0 0 0

#Transform 56
Transform: AffineTransform_float_3_3
Parameters: 0.999992 0.00355994 -0.00216668 -0.00359505 0.999859 -0.0163984 0.00210732 0.0164056 0.999863 0.0793494 0.35342 0.213784
FixedParameters: 0 0 0

#Transform 57
Transform: AffineTransform_float_3_3
Parameters: 0.999992 0.00355963 -0.00217206 -0.00359437 0.999858 -0.0165043 0.00211295 0.0165117 0.999862 0.082616 0.361392 0.220081
FixedParameters: 0 0 0

#Transform 58
Transform: AffineTransform_float_3_3
Parameters: 0.999991 0.00359665 -0.00199072 -0.00362835 0.999866 -0.0159739 0.00193327 0.0159811 0.999871 0.0757886 0.337366 0.194013
FixedParameters: 0 0 0

#Transform 59
Transform: AffineTransform_float_3_3
Parameters: 0.999991 0.00386559 -0.00209479 -0.00390042 0.999854 -0.01668 0.00203021 0.016688 0.999858 0.0809829 0.337768 0.180508
FixedParameters: 0 0 0

#Transform 60
Transform: AffineTransform_float_3_3
Parameters: 0.999992 0.00362818 -0.0015474 -0.00365783 0.999812 -0.0190465 0.00147859 0.0190525 0.999818 0.0953309 0.420542 0.178591
FixedParameters: 0 0 0

#Transform 61
Transform: AffineTransform_float_3_3
Parameters: 0.999993 0.00364249 -0.00134818 -0.00366751 0.99982 -0.0186512 0.00127981 0.0186558 0.999825 0.0794269 0.407743 0.232163
FixedParameters: 0 0 0

#Transform 62
Transform: AffineTransform_float_3_3
Parameters: 0.999991 0.00378035 -0.00152041 -0.00380666 0.999844 -0.0172394 0.00145558 0.0172457 0.99985 0.09056 0.378402 0.224459
FixedParameters: 0 0 0

#Transform 63
Transform: AffineTransform_float_3_3
Parameters: 0.999991 0.00362558 -0.00184885 -0.00365441 0.999862 -0.0161614 0.00179016 0.0161686 0.999867 0.0843754 0.332087 0.218632
FixedParameters: 0 0 0

#Transform 64
Transform: AffineTransform_float_3_3
Parameters: 0.999991 0.00389519 -0.0016349 -0.00392281 0.999841 -0.0173647 0.00156711 0.0173702 0.999848 0.0829894 0.36287 0.199915
FixedParameters: 0 0 0

#Transform 65
Transform: AffineTransform_float_3_3
Parameters: 0.99999 0.0040594 -0.00186083 -0.00409261 0.999832 -0.0178646 0.00178815 0.0178724 0.999838 0.0825842 0.372718 0.201889
FixedParameters: 0 0 0

#Transform 66
Transform: AffineTransform_float_3_3
Parameters: 0.999991 0.00384272 -0.00187383 -0.00387526 0.999829 -0.0180899 0.00180318 0.0180971 0.999834 0.0824365 0.376603 0.248627
FixedParameters: 0 0 0

#Transform 67
Transform: AffineTransform_float_3_3
Parameters: 0.999991 0.00379188 -0.00179952 -0.00382413 0.999817 -0.0187743 0.0017285 0.0187807 0.999822 0.0747826 0.362493 0.238744
FixedParameters: 0 0 0

#Transform 68
Transform: AffineTransform_float_3_3
Parameters: 0.99999 0.00405617 -0.0015982 -0.00408483 0.999821 -0.0184697 0.0015228 0.0184754 0.999828 0.0816461 0.390009 0.24514
FixedParameters: 0 0 0

#Transform 69
Transform: AffineTransform_float_3_3
Parameters: 0.99999 0.00397608 -0.00177181 -0.00400892 0.999812 -0.0189821 0.00169619 0.0189889 0.999819 0.0773335 0.394475 0.255719
FixedParameters: 0 0 0

#Transform 70
Transform: AffineTransform_float_3_3
Parameters: 0.999991 0.00386356 -0.0018315 -0.00389745 0.999808 -0.019192 0.00175751 0.019199 0.999814 0.0827817 0.403804 0.249149
FixedParameters: 0 0 0

#Transform 71
Transform: AffineTransform_float_3_3
Parameters: 0.99999 0.00429905 -0.00159422 -0.00432895 0.999804 -0.0192843 0.00151079 0.0192907 0.999813 0.0987844 0.395308 0.228503
FixedParameters: 0 0 0

#Transform 72
Transform: AffineTransform_float_3_3
Parameters: 0.999988 0.00429046 -0.00202765 -0.00432855 0.999803 -0.0194034 0.00194435 0.0194126 0.999809 0.10338 0.406179 0.209239
FixedParameters: 0 0 0

#Transform 73
Transform: AffineTransform_float_3_3
Parameters: 0.99999 0.00384153 -0.00194092 -0.00387847 0.999809 -0.0191466 0.00186707 0.0191543 0.999815 0.0922004 0.416272 0.217813
FixedParameters: 0 0 0

#Transform 74
Transform: AffineTransform_float_3_3
Parameters: 0.999991 0.00387584 -0.00175387 -0.00390716 0.999817 -0.0187193 0.00168114 0.0187267 0.999823 0.0926166 0.404685 0.220493
FixedParameters: 0 0 0

#Transform 75
Transform: AffineTransform_float_3_3
Parameters: 0.999989 0.00429373 -0.0019362 -0.00432827 0.999817 -0.0185968 0.00185581 0.0186052 0.999825 0.100621 0.40252 0.204633
FixedParameters: 0 0 0

#Transform 76
Transform: AffineTransform_float_3_3
Parameters: 0.999991 0.00368486 -0.00178862 -0.00371613 0.999836 -0.0177295 0.00172237 0.0177365 0.999841 0.106769 0.478799 0.14934
FixedParameters: 0 0 0

#Transform 77
Transform: AffineTransform_float_3_3
Parameters: 0.999992 0.00385075 -0.00157767 -0.00387726 0.999848 -0.016992 0.00151233 0.016998 0.999855 0.0991921 0.534072 0.157482
FixedParameters: 0 0 0

#Transform 78
Transform: AffineTransform_float_3_3
Parameters: 0.999992 0.00386924 -0.0015888 -0.00389577 0.999845 -0.017201 0.0015222 0.017207 0.999851 0.08626 0.529003 0.161482
FixedParameters: 0 0 0

#Transform 79
Transform: AffineTransform_float_3_3
Parameters: 0.999989 0.00403535 -0.00210866 -0.00407165 0.999835 -0.0176736 0.00203734 0.0176814 0.999841 0.1048 0.519741 0.160051
FixedParameters: 0 0 0

#Transform 80
Transform: AffineTransform_float_3_3
Parameters: 0.999987 0.00427974 -0.00257593 -0.00432826 0.999809 -0.0190301 0.00249406 0.0190409 0.999815 0.115634 0.53936 0.199311
FixedParameters: 0 0 0

#Transform 81
Transform: AffineTransform_float_3_3
Parameters: 0.999984 0.00459206 -0.00312456 -0.00465492 0.99978 -0.0204428 0.00302944 0.0204572 0.999786 0.117355 0.468821 0.23788
FixedParameters: 0 0 0

#Transform 82
Transform: AffineTransform_float_3_3
Parameters: 0.999986 0.0044573 -0.00305697 -0.0045187 0.99978 -0.0204825 0.00296504 0.0204955 0.999785 0.101631 0.47296 0.246497
FixedParameters: 0 0 0

#Transform 83
Transform: AffineTransform_float_3_3
Parameters: 0.999986 0.0045631 -0.00285793 -0.0046199 0.999784 -0.0202301 0.00276508 0.0202429 0.999792 0.100217 0.447824 0.268836
FixedParameters: 0 0 0

#Transform 84
Transform: AffineTransform_float_3_3
Parameters: 0.999984 0.00469207 -0.00315081 -0.00475494 0.999783 -0.0202733 0.00305519 0.0202877 0.999789 0.122971 0.48455 0.252374
FixedParameters: 0 0 0

#Transform 85
Transform: AffineTransform_float_3_3
Parameters: 0.999984 0.00434159 -0.00347353 -0.00442742 0.999679 -0.024972 0.00336445 0.024987 0.999682 0.100239 0.571902 0.334011
FixedParameters: 0 0 0

#Transform 86
Transform: AffineTransform_float_3_3
Parameters: 0.999985 0.00390141 -0.00403285 -0.00400559 0.999654 -0.0260052 0.00393013 0.0260207 0.999653 0.110353 0.557545 0.325427
FixedParameters: 0 0 0

#Transform 87
Transform: AffineTransform_float_3_3
Parameters: 0.999981 0.00451535 -0.00414441 -0.00461564 0.999686 -0.0246073 0.0040316 0.0246256 0.999688 0.133012 0.5574 0.270566
FixedParameters: 0 0 0

#Transform 88
Transform: AffineTransform_float_3_3
Parameters: 0.999983 0.0043838 -0.00402619 -0.0044792 0.999703 -0.0239494 0.00391981 0.0239676 0.999705 0.123688 0.548106 0.283469
FixedParameters: 0 0 0

#Transform 89
Transform: AffineTransform_float_3_3
Parameters: 0.999981 0.00452363 -0.00416709 -0.00462637 0.999673 -0.0251402 0.00405193 0.0251588 0.999676 0.120056 0.578519 0.308953
FixedParameters: 0 0 0

#Transform 90
Transform: AffineTransform_float_3_3
Parameters: 0.999981 0.00449833 -0.00419098 -0.00460067 0.999682 -0.0248192 0.00407803 0.0248378 0.999683 0.124729 0.589075 0.287969
FixedParameters: 0 0 0

#Transform 91
Transform: AffineTransform_float_3_3
Parameters: 0.999983 0.00419419 -0.00406751 -0.00429482 0.999682 -0.024849 0.00396246 0.024866 0.999683 0.1199 0.640712 0.295466
FixedParameters: 0 0 0

#Transform 92
Transform: AffineTransform_float_3_3
Parameters: 0.999981 0.0044048 -0.00418039 -0.00450719 0.999683 -0.0247616 0.0040696 0.0247804 0.999684 0.125794 0.629279 0.310807
FixedParameters: 0 0 0

#Transform 93
Transform: AffineTransform_float_3_3
Parameters: 0.999981 0.00441809 -0.00414451 -0.0045219 0.999673 -0.0251597 0.00403147 0.0251773 0.999675 0.109353 0.608743 0.292906
FixedParameters: 0 0 0

#Transform 94
Transform: AffineTransform_float_3_3
Parameters: 0.999982 0.00437041 -0.00405908 -0.00447059 0.999674 -0.0251133 0.00394794 0.0251307 0.999677 0.119667 0.634177 0.294393
FixedParameters: 0 0 0

#Transform 95
Transform: AffineTransform_float_3_3
Parameters: 0.999981 0.00428256 -0.00426835 -0.00438644 0.999689 -0.0245247 0.00416263 0.0245433 0.99969 0.123723 0.617843 0.307966
FixedParameters: 0 0 0

#Transform 96
Transform: AffineTransform_float_3_3
Parameters: 0.999983 0.00413888 -0.00421673 -0.00424111 0.99969 -0.0245045 0.00411328 0.0245214 0.999691 0.115169 0.624607 0.307925
FixedParameters: 0 0 0

#Transform 97
Transform: AffineTransform_float_3_3
Parameters: 0.99998 0.00427414 -0.00467249 -0.00439587 0.999648 -0.026169 0.00455948 0.026189 0.999646 0.131783 0.627296 0.303578
FixedParameters: 0 0 0

#Transform 98
Transform: AffineTransform_float_3_3
Parameters: 0.999987 0.00420664 -0.00307763 -0.00428437 0.999663 -0.0255772 0.00296936 0.0255908 0.999668 0.0805903 0.574274 0.305502
FixedParameters: 0 0 0

#Transform 99
Transform: AffineTransform_float_3_3
Parameters: 0.999987 0.00364051 -0.00342116 -0.00373348 0.999617 -0.0274266 0.00331983 0.0274394 0.999618 0.116755 0.608575 0.322687
FixedParameters: 0 0 0

#Transform 100
Transform: AffineTransform_float_3_3
Parameters: 0.999986 0.00376866 -0.0037498 -0.00387234 0.999602 -0.0279429 0.00364319 0.0279571 0.999603 0.107861 0.61195 0.350466
FixedParameters: 0 0 0

#Transform 101
Transform: AffineTransform_float_3_3
Parameters: 0.99998 0.00429236 -0.0045353 -0.00441663 0.999609 -0.0276135 0.00441468 0.0276325 0.999609 0.137485 0.57226 0.340764
FixedParameters: 0 0 0

#Transform 102
Transform: AffineTransform_float_3_3
Parameters: 0.999985 0.00425264 -0.00346148 -0.00434137 0.999655 -0.0259324 0.00335051 0.0259466 0.999657 0.115583 0.513643 0.34577
FixedParameters: 0 0 0

#Transform 103
Transform: AffineTransform_float_3_3
Parameters: 0.999987 0.00387051 -0.00314513 -0.00394851 0.999671 -0.0253449 0.00304688 0.0253571 0.999674 0.145066 0.468451 0.335593
FixedParameters: 0 0 0

#Transform 104
Transform: AffineTransform_float_3_3
Parameters: 0.999984 0.00357188 -0.00424775 -0.00368512 0.99963 -0.0269268 0.00415025 0.0269422 0.999629 0.124033 0.530142 0.377845
FixedParameters: 0 0 0

#Transform 105
Transform: AffineTransform_float_3_3
Parameters: 0.999983 0.00366844 -0.00449293 -0.00379157 0.999613 -0.0275815 0.00439006 0.0275986 0.99961 0.114229 0.548363 0.380053
FixedParameters: 0 0 0

#Transform 106
Transform: AffineTransform_float_3_3
Parameters: 0.999985 0.00369224 -0.00405098 -0.00379876 0.999644 -0.026418 0.00395199 0.026433 0.999643 0.11513 0.514925 0.383638
FixedParameters: 0 0 0

#Transform 107
Transform: AffineTransform_float_3_3
Parameters: 0.999985 0.00372057 -0.00398904 -0.00382343 0.999649 -0.0262431 0.00388997 0.0262579 0.999647 0.105971 0.52754 0.410634
FixedParameters: 0 0 0

#Transform 108
Transform: AffineTransform_float_3_3
Parameters: 0.999985 0.00366688 -0.00403602 -0.00377312 0.999639 -0.0266072 0.00393697 0.0266218 0.999638 0.115505 0.538377 0.396549
FixedParameters: 0 0 0

#Transform 109
Transform: AffineTransform_float_3_3
Parameters: 0.999982 0.003663 -0.00474881 -0.00379498 0.999598 -0.0280915 0.00464319 0.0281095 0.999594 0.126892 0.541633 0.409212
FixedParameters: 0 0 0

#Transform 110
Transform: AffineTransform_float_3_3
Parameters: 0.999983 0.00366267 -0.00438841 -0.00378234 0.999614 -0.0274998 0.00428658 0.0275161 0.999612 0.116627 0.544007 0.425821
FixedParameters: 0 0 0

#Transform 111
Transform: AffineTransform_float_3_3
Parameters: 0.999982 0.00383334 -0.00464378 -0.00395766 0.999624 -0.0271391 0.00453823 0.0271569 0.999621 0.122622 0.537067 0.395226
FixedParameters: 0 0 0

#Transform 112
Transform: AffineTransform_float_3_3
Parameters: 0.999979 0.00421469 -0.00494188 -0.00433731 0.999672 -0.0252131 0.00483413 0.0252339 0.99967 0.143655 0.506468 0.374415
FixedParameters: 0 0 0

#Transform 113
Transform: AffineTransform_float_3_3
Parameters: 0.999979 0.00432812 -0.00479759 -0.00445589 0.999632 -0.0267592 0.0046804 0.0267798 0.999631 0.126261 0.538239 0.394124
FixedParameters: 0 0 0

#Transform 114
Transform: AffineTransform_float_3_3
Parameters: 0.99998 0.00399637 -0.00475948 -0.00412964 0.999588 -0.0284049 0.00464453 0.0284241 0.999585 0.113844 0.572056 0.410069
FixedParameters: 0 0 0

#Transform 115
Transform: AffineTransform_float_3_3
Parameters: 0.99998 0.0041268 -0.00491045 -0.00426523 0.99958 -0.0286847 0.00479058 0.0287054 0.999577 0.117767 0.562416 0.416011
FixedParameters: 0 0 0

#Transform 116
Transform: AffineTransform_float_3_3
Parameters: 0.999979 0.00420508 -0.0049163 -0.0043439 0.999581 -0.0285952 0.0047937 0.0286167 0.999579 0.121624 0.55925 0.414056
FixedParameters: 0 0 0

#Transform 117
Transform: AffineTransform_float_3_3
Parameters: 0.99998 0.00412889 -0.00475924 -0.00425711 0.99962 -0.0272313 0.00464476 0.0272507 0.999618 0.115234 0.545403 0.386368
FixedParameters: 0 0 0

#Transform 118
Transform: AffineTransform_float_3_3
Parameters: 0.999981 0.00435258 -0.00448208 -0.00446842 0.999644 -0.0263015 0.00436594 0.0263215 0.999644 0.122048 0.502323 0.356182
FixedParameters: 0 0 0

#Transform 119
Transform: AffineTransform_float_3_3
Parameters: 0.99998 0.00436283 -0.00442269 -0.00447915 0.999636 -0.0266067 0.00430431 0.0266253 0.999636 0.127749 0.531746 0.361628
FixedParameters: 0 0 0

#Transform 120
Transform: AffineTransform_float_3_3
Parameters: 0.999975 0.00466804 -0.00543559 -0.00480595 0.99966 -0.0256506 0.00531341 0.0256765 0.999656 0.138416 0.506283 0.371762
FixedParameters: 0 0 0

#Transform 121
Transform: AffineTransform_float_3_3
Parameters: 0.999974 0.00453235 -0.00571557 -0.00467166 0.999685 -0.0246609 0.00560244 0.024687 0.999679 0.1364 0.503233 0.386716
FixedParameters: 0 0 0

#Transform 122
Transform: AffineTransform_float_3_3
Parameters: 0.999967 0.00519036 -0.00613198 -0.00534864 0.999648 -0.025977 0.00599499 0.026009 0.999643 0.145036 0.523073 0.39103
FixedParameters: 0 0 0

#Transform 123
Transform: AffineTransform_float_3_3
Parameters: 0.999969 0.00478219 -0.0061502 -0.00493884 0.999657 -0.0257404 0.00602579 0.0257696 0.999649 0.142304 0.547149 0.421868
FixedParameters: 0 0 0

#Transform 124
Transform: AffineTransform_float_3_3
Parameters: 0.999971 0.00514657 -0.00558175 -0.00528944 0.999648 -0.0259942 0.00544627 0.0260228 0.999647 0.127431 0.51551 0.398245
FixedParameters: 0 0 0

#Transform 125
Transform: AffineTransform_float_3_3
Parameters: 0.999971 0.00487942 -0.00593945 -0.00503358 0.999642 -0.0262969 0.00580858 0.0263251 0.999637 0.132674 0.523325 0.383169
FixedParameters: 0 0 0

#Transform 126
Transform: AffineTransform_float_3_3
Parameters: 0.999973 0.00496374 -0.00546069 -0.00510826 0.999629 -0.0267278 0.0053263 0.0267552 0.999628 0.132295 0.526812 0.375938
FixedParameters: 0 0 0

#Transform 127
Transform: AffineTransform_float_3_3
Parameters: 0.999974 0.0047684 -0.00553858 -0.00491658 0.999624 -0.0269485 0.00540741 0.0269745 0.999621 0.134508 0.52981 0.380586
FixedParameters: 0 0 0

#Transform 128
Transform: AffineTransform_float_3_3
Parameters: 0.999971 0.00471152 -0.0060074 -0.00487147 0.999624 -0.0269855 0.00587761 0.0270135 0.999618 0.135651 0.525985 0.3967
FixedParameters: 0 0 0

#Transform 129
Transform: AffineTransform_float_3_3
Parameters: 0.999969 0.00508221 -0.0060206 -0.00524177 0.999627 -0.0268283 0.0058814 0.0268597 0.999622 0.137301 0.5267 0.425912
FixedParameters: 0 0 0

#Transform 130
Transform: AffineTransform_float_3_3
Parameters: 0.99997 0.00504315 -0.00589097 -0.00519984 0.999624 -0.0269192 0.00575303 0.0269498 0.99962 0.133646 0.534249 0.417602
FixedParameters: 0 0 0

#Transform 131
Transform: AffineTransform_float_3_3
Parameters: 0.999968 0.00492784 -0.006378 -0.00509916 0.999619 -0.0271044 0.00624201 0.0271356 0.999613 0.143396 0.534825 0.43533
FixedParameters: 0 0 0

#Transform 132
Transform: AffineTransform_float_3_3
Parameters: 0.99997 0.00488085 -0.00604753 -0.00504316 0.99962 -0.0270933 0.00591345 0.0271237 0.999614 0.129919 0.518777 0.413491
FixedParameters: 0 0 0

#Transform 133
Transform: AffineTransform_float_3_3
Parameters: 0.999969 0.00527264 -0.0059422 -0.00543336 0.999607 -0.0274746 0.00579483 0.0275054 0.999605 0.132966 0.52589 0.408572
FixedParameters: 0 0 0

#Transform 134
Transform: AffineTransform_float_3_3
Parameters: 0.99997 0.00530483 -0.00553881 -0.00545317 0.999618 -0.0270876 0.00539318 0.0271174 0.999617 0.133802 0.520078 0.426584
FixedParameters: 0 0 0

#Transform 135
Transform: AffineTransform_float_3_3
Parameters: 0.999973 0.00500528 -0.00526739 -0.00514671 0.999621 -0.0270496 0.00512959 0.0270754 0.99962 0.135096 0.520176 0.369713
FixedParameters: 0 0 0

#Transform 136
Transform: AffineTransform_float_3_3
Parameters: 0.999973 0.00467228 -0.00565241 -0.00482774 0.999601 -0.0278565 0.00552059 0.0278835 0.999596 0.142315 0.545125 0.387652
FixedParameters: 0 0 0

#Transform 137
Transform: AffineTransform_float_3_3
Parameters: 0.999974 0.00469222 -0.00551122 -0.00484078 0.999616 -0.0273011 0.00538078 0.027327 0.999612 0.125849 0.542147 0.42615
FixedParameters: 0 0 0

#Transform 138
Transform: AffineTransform_float_3_3
Parameters: 0.999975 0.0048987 -0.00505556 -0.00502731 0.999658 -0.0256852 0.00492843 0.0257108 0.999658 0.122247 0.510859 0.428111
FixedParameters: 0 0 0

#Transform 139
Transform: AffineTransform_float_3_3
Parameters: 0.99997 0.00527242 -0.00557145 -0.00542059 0.999626 -0.0268136 0.00542852 0.0268434 0.999625 0.130212 0.533835 0.397285
FixedParameters: 0 0 0

#Transform 140
Transform: AffineTransform_float_3_3
Parameters: 0.999974 0.00531272 -0.00486857 -0.0054463 0.999599 -0.0277852 0.00471943 0.0278108 0.999602 0.119031 0.554181 0.38896
FixedParameters: 0 0 0

#Transform 141
Transform: AffineTransform_float_3_3
Parameters: 0.999972 0.00529921 -0.00524938 -0.00544481 0.999588 -0.0281592 0.00509863 0.0281868 0.999589 0.125318 0.549677 0.397631
FixedParameters: 0 0 0

#Transform 142
Transform: AffineTransform_float_3_3
Parameters: 0.999973 0.00529198 -0.00507914 -0.00543301 0.999588 -0.0281642 0.00492787 0.0281908 0.999591 0.123671 0.552075 0.403487
FixedParameters: 0 0 0

#Transform 143
Transform: AffineTransform_float_3_3
Parameters: 0.99997 0.0054087 -0.00552049 -0.00556229 0.999589 -0.0281431 0.0053655 0.0281729 0.999588 0.130558 0.559086 0.398588
FixedParameters: 0 0 0

#Transform 144
Transform: AffineTransform_float_3_3
Parameters: 0.999969 0.00539337 -0.00574802 -0.00555963 0.999558 -0.029199 0.00558796 0.0292301 0.999557 0.130738 0.592776 0.390288
FixedParameters: 0 0 0

#Transform 145
Transform: AffineTransform_float_3_3
Parameters: 0.999973 0.0049999 -0.00536096 -0.0051551 0.999557 -0.0293181 0.00521203 0.0293448 0.999556 0.170899 0.5584 0.36514
FixedParameters: 0 0 0

#Transform 146
Transform: AffineTransform_float_3_3
Parameters: 0.999987 0.00371324 -0.0035411 -0.00381676 0.99955 -0.0297599 0.00342891 0.0297731 0.999551 0.143791 0.562307 0.432373
FixedParameters: 0 0 0

#Transform 147
Transform: AffineTransform_float_3_3
Parameters: 0.99998 0.00481074 -0.00414488 -0.00492726 0.999582 -0.0285092 0.0040061 0.0285299 0.999585 0.132987 0.53061 0.418746
FixedParameters: 0 0 0

#Transform 148
Transform: AffineTransform_float_3_3
Parameters: 0.999976 0.00465538 -0.00501622 -0.00479961 0.999567 -0.0290096 0.00487876 0.0290334 0.999567 0.152915 0.520098 0.413927
FixedParameters: 0 0 0

#Transform 149
Transform: AffineTransform_float_3_3
Parameters: 0.999973 0.00519804 -0.00518768 -0.00534695 0.999562 -0.0291271 0.00503332 0.029154 0.999563 0.143862 0.537518 0.416767
FixedParameters: 0 0 0

#Transform 150
Transform: AffineTransform_float_3_3
Parameters: 0.999967 0.00556908 -0.00599927 -0.00574395 0.999547 -0.0295465 0.00583275 0.0295795 0.999546 0.156526 0.550324 0.411326
FixedParameters: 0 0 0

#Transform 151
Transform: AffineTransform_float_3_3
Parameters: 0.99997 0.0053279 -0.0056008 -0.00549108 0.999549 -0.0295201 0.00544019 0.0295499 0.999548 0.157799 0.571636 0.435883
FixedParameters: 0 0 0

#Transform 152
Transform: AffineTransform_float_3_3
Parameters: 0.999974 0.005339 -0.0049565 -0.00548102 0.999561 -0.0290926 0.0047995 0.0291194 0.999565 0.143612 0.554626 0.449818
FixedParameters: 0 0 0

#Transform 153
Transform: AffineTransform_float_3_3
Parameters: 0.999972 0.00524598 -0.00521045 -0.00539503 0.999564 -0.0290107 0.00505654 0.0290373 0.999565 0.142419 0.55187 0.461642
FixedParameters: 0 0 0

#Transform 154
Transform: AffineTransform_float_3_3
Parameters: 0.999976 0.00479333 -0.00499021 -0.00494266 0.999525 -0.030425 0.0048418 0.0304489 0.999524 0.152997 0.573631 0.393646
FixedParameters: 0 0 0

#Transform 155
Transform: AffineTransform_float_3_3
Parameters: 0.99998 0.0043448 -0.00464619 -0.00448319 0.999535 -0.0301588 0.0045128 0.0301792 0.999535 0.133641 0.581535 0.386377
FixedParameters: 0 0 0

#Transform 156
Transform: AffineTransform_float_3_3
Parameters: 0.999975 0.00457798 -0.0054804 -0.00474101 0.999536 -0.0301118 0.0053396 0.0301372 0.999531 0.156823 0.606951 0.413318
FixedParameters: 0 0 0

#Transform 157
Transform: AffineTransform_float_3_3
Parameters: 0.999968 0.00503135 -0.00623216 -0.00522668 0.999481 -0.0317855 0.00606985 0.0318176 0.999476 0.16024 0.604349 0.454279
FixedParameters: 0 0 0

#Transform 158
Transform: AffineTransform_float_3_3
Parameters: 0.999969 0.00505886 -0.00615193 -0.00525315 0.999476 -0.0319627 0.00598707 0.0319943 0.99947 0.151564 0.59434 0.452013
FixedParameters: 0 0 0

#Transform 159
Transform: AffineTransform_float_3_3
Parameters: 0.999972 0.00427751 -0.00616931 -0.00446447 0.999518 -0.0307033 0.00603472 0.0307297 0.99951 0.158904 0.522683 0.463515
FixedParameters: 0 0 0
