# transform file /out/sourcedata/freesurfer/sub-v2s1x29898_ses-1/mri/transforms/cc_up.lta
# created by oesteban on Thu Mar 12 21:26:56 2026

type      = 0 # LINEAR_VOX_TO_VOX
nxforms   = 1
mean      = 130.0000 136.0000 115.0000
sigma     = 10000.0000
1 4 4
9.997439384460449e-01 -2.210522256791592e-02 -4.857305437326431e-03 1.813552856445312e+00 
2.210496179759502e-02 9.997557401657104e-01 -1.073980602086522e-04 8.159229278564453e+00 
4.858492407947779e-03 0.000000000000000e+00 9.999882578849792e-01 1.136796951293945e+01 
0.000000000000000e+00 0.000000000000000e+00 0.000000000000000e+00 1.000000000000000e+00 
src volume info
valid = 1  # volume info valid
filename = /out/sourcedata/freesurfer/sub-v2s1x29898_ses-1/mri/norm.mgz
volume = 256 256 256
voxelsize = 8.999999761581421e-01 8.999999761581421e-01 8.999999761581421e-01
xras   = -9.999999403953552e-01 0.000000000000000e+00 0.000000000000000e+00
yras   = 0.000000000000000e+00 0.000000000000000e+00 -1.000000000000000e+00
zras   = 0.000000000000000e+00 1.000000000000000e+00 0.000000000000000e+00
cras   = 4.400833129882812e+00 3.273397064208984e+01 1.462086486816406e+01
dst volume info
valid = 1  # volume info valid
filename = /out/sourcedata/freesurfer/sub-v2s1x29898_ses-1/mri/norm.mgz
volume = 256 256 256
voxelsize = 8.999999761581421e-01 8.999999761581421e-01 8.999999761581421e-01
xras   = -9.999999403953552e-01 0.000000000000000e+00 0.000000000000000e+00
yras   = 0.000000000000000e+00 0.000000000000000e+00 -1.000000000000000e+00
zras   = 0.000000000000000e+00 1.000000000000000e+00 0.000000000000000e+00
cras   = 4.400833129882812e+00 3.273397064208984e+01 1.462086486816406e+01
