#Insight Transform File V1.0
#Transform 0
Transform: AffineTransform_float_3_3
Parameters: 0.99999 -0.00274207 0.00370232 0.00269594 0.999919 0.0123911 -0.00373568 -0.0123809 0.999917 0.00333915 -0.338283 -0.843785
FixedParameters: 0 0 0

#Transform 1
Transform: AffineTransform_float_3_3
Parameters: 0.999994 -0.00243095 0.00221697 0.00241905 0.999982 0.00537639 -0.00223003 -0.00537061 0.999983 0.0392293 -0.0937354 -0.577216
FixedParameters: 0 0 0

#Transform 2
Transform: AffineTransform_float_3_3
Parameters: 0.999991 -0.00320014 0.00283873 0.00319086 0.999989 0.00321809 -0.00284927 -0.00320891 0.999991 0.0593361 -0.0588242 -0.711653
FixedParameters: 0 0 0

#Transform 3
Transform: AffineTransform_float_3_3
Parameters: 0.999986 -0.00326943 0.00428582 0.00326057 0.999993 0.00220601 -0.00429218 -0.002192 0.999989 0.077423 -0.0371895 -0.761027
FixedParameters: 0 0 0

#Transform 4
Transform: AffineTransform_float_3_3
Parameters: 0.999991 -0.00237108 0.0033025 0.00236192 0.999994 0.00274982 -0.00330849 -0.00274118 0.999991 -0.0236409 -0.030619 -0.430356
FixedParameters: 0 0 0

#Transform 5
Transform: AffineTransform_float_3_3
Parameters: 0.999996 -0.00197629 0.00161591 0.00196871 0.999985 0.0051182 -0.00162609 -0.0051148 0.999985 0.0289434 -0.0525152 -0.338863
FixedParameters: 0 0 0

#Transform 6
Transform: AffineTransform_float_3_3
Parameters: 0.999997 -0.00148443 0.00151784 0.00147558 0.999979 0.00619325 -0.00152616 -0.00619074 0.999979 0.00643384 -0.0594028 -0.203721
FixedParameters: 0 0 0

#Transform 7
Transform: AffineTransform_float_3_3
Parameters: 0.999998 -0.00150909 0.000810963 0.0015089 0.999998 0.00135023 -0.000813036 -0.00134877 0.999999 0.0181074 0.00965408 -0.22807
FixedParameters: 0 0 0

#Transform 8
Transform: AffineTransform_float_3_3
Parameters: 0.999999 -0.000889614 0.000179991 0.000889385 0.999994 0.00338316 -0.00018301 -0.00338284 0.999995 -0.000589953 -0.044746 -0.245089
FixedParameters: 0 0 0

#Transform 9
Transform: AffineTransform_float_3_3
Parameters: 1 -0.000487029 1.40352e-05 0.000486971 0.999998 0.00198101 -1.49647e-05 -0.00198099 0.999998 0.0372465 0.0142573 -0.338401
FixedParameters: 0 0 0

#Transform 10
Transform: AffineTransform_float_3_3
Parameters: 1 -0.000243149 0.00026997 0.000241851 0.999991 0.00424707 -0.00027103 -0.00424693 0.999991 0.014059 -0.0588164 -0.294717
FixedParameters: 0 0 0

#Transform 11
Transform: AffineTransform_float_3_3
Parameters: 1 0.000270127 -5.53862e-05 -0.000269874 0.999998 0.00227302 5.56136e-05 -0.00227299 0.999998 0.064027 -0.0329741 -0.507228
FixedParameters: 0 0 0

#Transform 12
Transform: AffineTransform_float_3_3
Parameters: 1 -0.000258719 -0.00100382 0.000258281 0.999999 -0.00071626 0.00100419 0.000715741 0.999999 0.0329869 0.0515547 -0.246835
FixedParameters: 0 0 0

#Transform 13
Transform: AffineTransform_float_3_3
Parameters: 0.999999 -0.000439064 -0.00132599 0.000435935 0.999997 -0.00231058 0.00132701 0.00230942 0.999997 0.0282734 0.0916539 -0.160205
FixedParameters: 0 0 0

#Transform 14
Transform: AffineTransform_float_3_3
Parameters: 1 -0.0002597 -0.00100356 0.000258299 0.999998 -0.00169426 0.00100444 0.00169374 0.999998 0.0258554 0.0466718 -0.0340077
FixedParameters: 0 0 0

#Transform 15
Transform: AffineTransform_float_3_3
Parameters: 0.999998 0.000295541 -0.00187023 -0.00029646 0.999999 -0.000780447 0.00186977 0.000780554 0.999998 0.032659 0.0394945 -0.00900687
FixedParameters: 0 0 0

#Transform 16
Transform: AffineTransform_float_3_3
Parameters: 0.999999 8.47616e-05 -0.00154207 -8.62381e-05 0.999999 -0.000802867 0.00154193 0.000803131 0.999998 0.0253457 0.0298772 -0.168208
FixedParameters: 0 0 0

#Transform 17
Transform: AffineTransform_float_3_3
Parameters: 1 -7.59017e-05 -0.00120394 7.50981e-05 0.999999 -0.000749091 0.00120406 0.000748909 0.999999 0.000467681 0.0266299 -0.0925852
FixedParameters: 0 0 0

#Transform 18
Transform: AffineTransform_float_3_3
Parameters: 1 -7.58036e-05 -0.00107294 7.5197e-05 0.999999 -0.000749081 0.00107206 0.000748919 0.999999 0.031225 -0.00888016 -0.189465
FixedParameters: 0 0 0

#Transform 19
Transform: AffineTransform_float_3_3
Parameters: 1 -7.52535e-05 -0.000625969 7.57464e-05 1 -0.000405047 0.00062603 0.000404953 0.999999 0.0216251 -0.00182838 -0.228823
FixedParameters: 0 0 0

#Transform 20
Transform: AffineTransform_float_3_3
Parameters: 1 -7.47992e-05 -0.000485031 7.52008e-05 1 0.000413963 0.000484969 -0.000414036 1 0.00787274 -0.0141174 0.0182305
FixedParameters: 0 0 0

#Transform 21
Transform: AffineTransform_float_3_3
Parameters: 1 -7.46018e-05 0.000181164 7.53978e-05 0.999997 -0.00219898 -0.000180835 0.00219901 0.999997 0.0139334 0.0447296 -0.188247
FixedParameters: 0 0 0

#Transform 22
Transform: AffineTransform_float_3_3
Parameters: 0.999999 -0.000541949 0.00130302 0.000542052 1 -3.92937e-05 -0.00130298 3.97062e-05 0.999999 0.0130077 -0.00656053 -0.174511
FixedParameters: 0 0 0

#Transform 23
Transform: AffineTransform_float_3_3
Parameters: 0.999981 -0.000101071 0.00604762 7.59303e-05 0.99999 0.00431054 -0.00604838 -0.00431047 0.999973 -0.0176326 -0.0968099 -0.654058
FixedParameters: 0 0 0

#Transform 24
Transform: AffineTransform_float_3_3
Parameters: 0.999984 -0.00010473 0.00569653 7.52751e-05 0.999987 0.00521852 -0.00569647 -0.00521849 0.99997 0.00482327 -0.121425 -0.633362
FixedParameters: 0 0 0

#Transform 25
Transform: AffineTransform_float_3_3
Parameters: 0.999982 -0.00143037 0.00591959 0.00141163 0.999994 0.00310641 -0.00592341 -0.00309758 0.999977 0.00783791 -0.0904262 -0.592574
FixedParameters: 0 0 0

#Transform 26
Transform: AffineTransform_float_3_3
Parameters: 0.999984 -0.000731876 0.00551448 0.000727123 0.999999 0.00070502 -0.00551451 -0.000700974 0.999984 -0.0277017 -0.0135959 -0.300497
FixedParameters: 0 0 0

#Transform 27
Transform: AffineTransform_float_3_3
Parameters: 0.999984 -0.000535251 0.00552607 0.000535749 1 -0.000134041 -0.00552592 0.00013696 0.999984 -0.0428645 0.0191863 -0.122808
FixedParameters: 0 0 0

#Transform 28
Transform: AffineTransform_float_3_3
Parameters: 0.999982 -0.000635987 0.00596954 0.000641015 1 -0.000838189 -0.00596846 0.000841811 0.999982 -0.0485089 0.0258581 -0.183652
FixedParameters: 0 0 0

#Transform 29
Transform: AffineTransform_float_3_3
Parameters: 0.999985 -0.000754766 0.0053038 0.000781235 0.999988 -0.00494693 -0.0052992 0.00495007 0.999973 0.00174872 0.108988 -0.0697812
FixedParameters: 0 0 0

#Transform 30
Transform: AffineTransform_float_3_3
Parameters: 0.999988 -0.000130451 0.00475071 0.000153548 0.999987 -0.00495633 -0.0047503 0.00495768 0.999977 -0.0255196 0.107694 0.0740358
FixedParameters: 0 0 0

#Transform 31
Transform: AffineTransform_float_3_3
Parameters: 0.999987 -0.000377013 0.00509093 0.000375987 1 0.000199917 -0.00509007 -0.000198084 0.999987 -0.0114113 -0.0556319 -0.220204
FixedParameters: 0 0 0

#Transform 32
Transform: AffineTransform_float_3_3
Parameters: 0.999984 -0.000321453 0.0056498 0.000318548 1 0.000611809 -0.00565019 -0.000610193 0.999984 -0.0304055 -0.0439672 -0.103563
FixedParameters: 0 0 0

#Transform 33
Transform: AffineTransform_float_3_3
Parameters: 0.999985 0.000167909 0.00547519 -0.000174092 1 0.00111206 -0.00547581 -0.00111294 0.999985 -0.0368767 -0.00932954 -0.0792299
FixedParameters: 0 0 0

#Transform 34
Transform: AffineTransform_float_3_3
Parameters: 0.999987 0.00034606 0.00508179 -0.000342941 1 -0.00060275 -0.00508221 0.000601249 0.999987 0.0187719 0.00190391 -0.167004
FixedParameters: 0 0 0

#Transform 35
Transform: AffineTransform_float_3_3
Parameters: 0.999989 0.000333034 0.00480293 -0.000331964 1 -0.000216597 -0.00480308 0.000214403 0.999989 0.0204849 -0.00124434 -0.148081
FixedParameters: 0 0 0

#Transform 36
Transform: AffineTransform_float_3_3
Parameters: 0.999992 0.000171142 0.00412992 -0.000168859 1 -0.000518702 -0.00413009 0.000518298 0.999992 0.025487 0.0126483 -0.267519
FixedParameters: 0 0 0

#Transform 37
Transform: AffineTransform_float_3_3
Parameters: 0.999996 0.000415599 0.00304324 -0.000410402 0.999998 -0.00184026 -0.00304376 0.00183874 0.999993 0.031787 0.0350033 -0.164854
FixedParameters: 0 0 0

#Transform 38
Transform: AffineTransform_float_3_3
Parameters: 0.999998 0.00058155 0.00192263 -0.000577449 0.999997 -0.00236612 -0.00192437 0.00236489 0.999996 0.0306626 0.0151244 -0.153857
FixedParameters: 0 0 0

#Transform 39
Transform: AffineTransform_float_3_3
Parameters: 0.999996 0.000536894 0.00251533 -0.000529106 0.999995 -0.00313834 -0.00251667 0.00313666 0.999992 0.0170585 0.0542552 -0.131495
FixedParameters: 0 0 0

#Transform 40
Transform: AffineTransform_float_3_3
Parameters: 0.999997 0.000473851 0.00265521 -0.000475148 1 0.00043174 -0.0026548 -0.00043326 0.999997 0.0130741 -0.0340373 -0.0381824
FixedParameters: 0 0 0

#Transform 41
Transform: AffineTransform_float_3_3
Parameters: 0.999999 0.000660897 0.00127905 -0.000660103 1 8.01558e-05 -0.00127895 -8.08453e-05 0.999999 0.0178393 -0.0247482 -0.161869
FixedParameters: 0 0 0

#Transform 42
Transform: AffineTransform_float_3_3
Parameters: 0.999998 0.000586705 0.00150472 -0.000586293 0.999999 -0.000469883 -0.00150527 0.000468117 0.999999 -0.00434949 0.00370902 -0.179806
FixedParameters: 0 0 0

#Transform 43
Transform: AffineTransform_float_3_3
Parameters: 0.999999 0.00119467 0.000405019 -0.00119333 0.999998 -0.00165848 -0.000406979 0.00165751 0.999998 0.0112183 0.0322208 0.00404696
FixedParameters: 0 0 0

#Transform 44
Transform: AffineTransform_float_3_3
Parameters: 0.999999 0.00110038 0.00070586 -0.00109963 0.999998 -0.00194678 -0.000707142 0.00194622 0.999998 0.0115506 0.0160643 0.0092227
FixedParameters: 0 0 0

#Transform 45
Transform: AffineTransform_float_3_3
Parameters: 1 0.000969377 0.000704743 -0.000966626 0.999994 -0.00336468 -0.000707257 0.00336432 0.999994 0.0142323 0.0597382 0.0268193
FixedParameters: 0 0 0

#Transform 46
Transform: AffineTransform_float_3_3
Parameters: 1 0.000884313 0.000703857 -0.00088069 0.999988 -0.00469462 -0.000707142 0.00469337 0.999988 0.0117905 0.0961675 0.0509345
FixedParameters: 0 0 0

#Transform 47
Transform: AffineTransform_float_3_3
Parameters: 1 0.000885363 0.000702536 -0.000880641 0.999981 -0.00618662 -0.000707461 0.00618538 0.99998 0.0117939 0.102378 0.0662513
FixedParameters: 0 0 0

#Transform 48
Transform: AffineTransform_float_3_3
Parameters: 0.999999 0.00088093 -1.6337e-05 -0.000881068 0.999988 -0.00492299 1.16626e-05 0.00492301 0.999988 0.00924196 0.0900281 0.105509
FixedParameters: 0 0 0

#Transform 49
Transform: AffineTransform_float_3_3
Parameters: 1 0.00088595 0.000701796 -0.000881056 0.999975 -0.00702262 -0.000707204 0.00702138 0.999975 0.0118641 0.132127 0.122724
FixedParameters: 0 0 0

#Transform 50
Transform: AffineTransform_float_3_3
Parameters: 0.999999 0.000883362 0.000331777 -0.000880642 0.999974 -0.00705429 -0.00033722 0.0070537 0.999975 0.0149753 0.0942337 -0.103467
FixedParameters: 0 0 0

#Transform 51
Transform: AffineTransform_float_3_3
Parameters: 1 0.000535235 0.000390604 -0.000532761 0.999966 -0.00823721 -0.000395402 0.00823679 0.999966 0.0370615 0.119969 -0.0894774
FixedParameters: 0 0 0

#Transform 52
Transform: AffineTransform_float_3_3
Parameters: 0.999999 0.000596374 0.00124803 -0.000588627 0.999978 -0.00669874 -0.00125197 0.00669826 0.999977 0.0155828 0.123886 -0.0276614
FixedParameters: 0 0 0

#Transform 53
Transform: AffineTransform_float_3_3
Parameters: 0.999999 0.000881929 0.000230471 -0.000881067 0.999991 -0.0040032 -0.000234529 0.00400279 0.999992 0.0192375 0.031221 -0.106871
FixedParameters: 0 0 0

#Transform 54
Transform: AffineTransform_float_3_3
Parameters: 0.999999 0.000885356 0.000910786 -0.000880644 0.999988 -0.00477181 -0.000915213 0.0047712 0.999988 0.0316849 0.0763137 -0.0901237
FixedParameters: 0 0 0

#Transform 55
Transform: AffineTransform_float_3_3
Parameters: 0.999999 0.000885444 0.00104826 -0.000880556 0.99999 -0.00423292 -0.00105174 0.00423207 0.99999 0.00566033 0.0750467 -0.262627
FixedParameters: 0 0 0

#Transform 56
Transform: AffineTransform_float_3_3
Parameters: 1 0.000882394 0.000481456 -0.000880606 0.999996 -0.00288543 -0.000484543 0.00288557 0.999995 0.00875563 0.0497764 -0.190095
FixedParameters: 0 0 0

#Transform 57
Transform: AffineTransform_float_3_3
Parameters: 0.999999 0.000937907 0.000285031 -0.000937092 0.999994 -0.00316727 -0.00028797 0.00316773 0.999995 0.0215748 0.0545365 -0.131512
FixedParameters: 0 0 0

#Transform 58
Transform: AffineTransform_float_3_3
Parameters: 0.999999 0.000882031 0.000482118 -0.000880969 0.999998 -0.00213443 -0.00048388 0.00213357 0.999997 -0.00356657 0.0518419 -0.175211
FixedParameters: 0 0 0

#Transform 59
Transform: AffineTransform_float_3_3
Parameters: 0.999999 0.000885745 0.00121255 -0.000881253 0.999992 -0.00390807 -0.00121645 0.00390693 0.999991 0.0373118 0.081906 -0.34781
FixedParameters: 0 0 0

#Transform 60
Transform: AffineTransform_float_3_3
Parameters: 0.999999 0.000893098 0.00155723 -0.000889903 0.999997 -0.00198839 -0.00155877 0.00198761 0.999997 0.0333938 0.00290638 -0.311577
FixedParameters: 0 0 0

#Transform 61
Transform: AffineTransform_float_3_3
Parameters: 0.999998 4.19801e-05 0.0020588 -3.00187e-05 0.999986 -0.00533307 -0.00205919 0.00533292 0.999983 -0.00492419 0.10351 -0.0689985
FixedParameters: 0 0 0

#Transform 62
Transform: AffineTransform_float_3_3
Parameters: 0.999999 -0.000373675 0.00175058 0.000381326 0.999991 -0.00418534 -0.00174942 0.00418666 0.999989 0.0363093 0.0624201 -0.153898
FixedParameters: 0 0 0

#Transform 63
Transform: AffineTransform_float_3_3
Parameters: 0.999999 0.000669321 0.00167288 -0.000664679 0.999994 -0.00317911 -0.00167512 0.00317788 0.999993 0.027085 0.0341769 -0.0684171
FixedParameters: 0 0 0

#Transform 64
Transform: AffineTransform_float_3_3
Parameters: 0.999997 0.000673764 0.00203379 -0.000664239 0.999989 -0.00479837 -0.00203621 0.00479664 0.999987 -0.00695715 0.0773523 0.0967619
FixedParameters: 0 0 0

#Transform 65
Transform: AffineTransform_float_3_3
Parameters: 0.999999 0.000235647 0.00125996 -0.000230354 0.99999 -0.00447929 -0.00126105 0.00447971 0.999989 0.0253863 0.0437793 -0.060238
FixedParameters: 0 0 0

#Transform 66
Transform: AffineTransform_float_3_3
Parameters: 0.999997 0.000725525 0.00206241 -0.000721477 0.999998 -0.00219349 -0.00206359 0.00219251 0.999996 -0.0124319 0.0515738 -0.0199093
FixedParameters: 0 0 0

#Transform 67
Transform: AffineTransform_float_3_3
Parameters: 0.999994 -7.65481e-05 0.0036602 0.000121448 0.999926 -0.0121456 -0.00365879 0.0121464 0.999919 0.0162777 0.199041 -0.116369
FixedParameters: 0 0 0

#Transform 68
Transform: AffineTransform_float_3_3
Parameters: 0.999986 -0.000355074 0.00541827 0.000427922 0.99991 -0.0134639 -0.00541273 0.0134661 0.999894 0.0152013 0.266798 0.146442
FixedParameters: 0 0 0

#Transform 69
Transform: AffineTransform_float_3_3
Parameters: 0.999992 -0.000378429 0.004003 0.000427569 0.999923 -0.0123894 -0.00399801 0.0123916 0.999915 0.00992027 0.215664 -0.0229685
FixedParameters: 0 0 0

#Transform 70
Transform: AffineTransform_float_3_3
Parameters: 0.999996 0.000131332 0.00304691 -0.000102678 0.999957 -0.00929636 -0.00304709 0.00929664 0.999952 0.0410303 0.131271 0.00607455
FixedParameters: 0 0 0

#Transform 71
Transform: AffineTransform_float_3_3
Parameters: 0.999996 0.000438062 0.00304409 -0.000409938 0.999958 -0.0092133 -0.00304791 0.00921171 0.999953 0.0107301 0.156996 0.206357
FixedParameters: 0 0 0

#Transform 72
Transform: AffineTransform_float_3_3
Parameters: 0.999996 0.0004438 0.00304326 -0.000410203 0.999939 -0.0110983 -0.00304774 0.0110967 0.999934 0.0191362 0.161344 0.154627
FixedParameters: 0 0 0

#Transform 73
Transform: AffineTransform_float_3_3
Parameters: 0.999999 0.000425103 0.00127406 -0.000409898 0.99993 -0.0118305 -0.00127894 0.0118305 0.999929 0.0453622 0.184563 0.129175
FixedParameters: 0 0 0

#Transform 74
Transform: AffineTransform_float_3_3
Parameters: 1 0.000414284 0.000321554 -0.000409723 0.999912 -0.0132121 -0.000326442 0.0132119 0.999912 0.0550594 0.207937 0.151337
FixedParameters: 0 0 0

#Transform 75
Transform: AffineTransform_float_3_3
Parameters: 1 0.00027086 -1.32524e-05 -0.000271136 0.999928 -0.012004 9.74598e-06 0.012004 0.999928 0.0670974 0.173636 0.139423
FixedParameters: 0 0 0

#Transform 76
Transform: AffineTransform_float_3_3
Parameters: 1 0.000399295 -0.000955545 -0.000409699 0.999937 -0.0112286 0.00095046 0.0112294 0.999937 0.0558158 0.150381 0.241295
FixedParameters: 0 0 0

#Transform 77
Transform: AffineTransform_float_3_3
Parameters: 1 0.000399573 -0.000955428 -0.000410423 0.99994 -0.0109386 0.000950567 0.0109394 0.999939 0.0443027 0.17347 0.390102
FixedParameters: 0 0 0

#Transform 78
Transform: AffineTransform_float_3_3
Parameters: 1 0.000998322 -0.0006814 -0.00100867 0.999896 -0.0143533 0.000666591 0.0143537 0.999897 0.0678454 0.228928 0.194266
FixedParameters: 0 0 0

#Transform 79
Transform: AffineTransform_float_3_3
Parameters: 0.999999 0.000396671 -0.000746239 -0.000410324 0.999839 -0.0179467 0.000738754 0.0179473 0.999838 0.0504581 0.279394 0.317379
FixedParameters: 0 0 0

#Transform 80
Transform: AffineTransform_float_3_3
Parameters: 0.999999 0.000388736 -0.00119115 -0.000410261 0.999839 -0.0179035 0.00118384 0.0179045 0.999839 0.0851034 0.288077 0.18201
FixedParameters: 0 0 0

#Transform 81
Transform: AffineTransform_float_3_3
Parameters: 0.999999 0.0003876 -0.00143623 -0.000410412 0.999878 -0.0156294 0.00143076 0.0156296 0.999877 0.0522186 0.237748 0.371681
FixedParameters: 0 0 0

#Transform 82
Transform: AffineTransform_float_3_3
Parameters: 0.999999 0.00040344 -0.000602445 -0.000410555 0.99994 -0.0109288 0.000597549 0.0109292 0.99994 0.0557728 0.12309 0.111471
FixedParameters: 0 0 0

#Transform 83
Transform: AffineTransform_float_3_3
Parameters: 0.999998 0.00117572 -0.00197681 -0.00119629 0.999941 -0.0107997 0.00196419 0.0108023 0.999939 0.0693042 0.111449 0.308325
FixedParameters: 0 0 0

#Transform 84
Transform: AffineTransform_float_3_3
Parameters: 0.999999 0.000396141 -0.00128535 -0.000409856 0.999941 -0.0108005 0.00128065 0.0108005 0.999941 0.0485404 0.138738 0.112984
FixedParameters: 0 0 0

#Transform 85
Transform: AffineTransform_float_3_3
Parameters: 0.999998 0.000959787 -0.0013634 -0.00097321 0.999952 -0.00972469 0.0013536 0.00972531 0.999952 0.0710227 0.109596 0.0831874
FixedParameters: 0 0 0

#Transform 86
Transform: AffineTransform_float_3_3
Parameters: 0.999999 0.000898828 -0.00150318 -0.000913172 0.999949 -0.0101236 0.00149383 0.0101254 0.999947 0.0536141 0.135364 0.232494
FixedParameters: 0 0 0

#Transform 87
Transform: AffineTransform_float_3_3
Parameters: 0.999999 0.00103942 -0.00150628 -0.00105657 0.999931 -0.0117154 0.00149372 0.0117176 0.99993 0.0549591 0.17408 0.234569
FixedParameters: 0 0 0

#Transform 88
Transform: AffineTransform_float_3_3
Parameters: 0.999997 0.000900545 -0.00203608 -0.000923452 0.999938 -0.0110541 0.00202591 0.0110558 0.999937 0.112933 0.114752 0.0693619
FixedParameters: 0 0 0

#Transform 89
Transform: AffineTransform_float_3_3
Parameters: 0.999995 0.000927221 -0.00277777 -0.000955779 0.999945 -0.0103764 0.00276823 0.0103796 0.999943 0.0961556 0.115386 0.332141
FixedParameters: 0 0 0

#Transform 90
Transform: AffineTransform_float_3_3
Parameters: 0.999998 0.000863919 -0.00139211 -0.00088008 0.999933 -0.0115928 0.00138189 0.0115942 0.999932 0.0879156 0.172933 0.0952918
FixedParameters: 0 0 0

#Transform 91
Transform: AffineTransform_float_3_3
Parameters: 0.999997 0.000643957 -0.00241577 -0.000676045 0.999912 -0.0132864 0.00240723 0.0132886 0.999909 0.109178 0.214669 0.222931
FixedParameters: 0 0 0

#Transform 92
Transform: AffineTransform_float_3_3
Parameters: 0.999997 0.000765803 -0.002364 -0.000796196 0.999918 -0.0127992 0.002354 0.0128008 0.999916 0.111267 0.188077 0.208324
FixedParameters: 0 0 0

#Transform 93
Transform: AffineTransform_float_3_3
Parameters: 0.999996 0.000721478 -0.00279088 -0.000754524 0.999928 -0.0120289 0.00278212 0.0120311 0.999924 0.0939835 0.172019 0.184498
FixedParameters: 0 0 0

#Transform 94
Transform: AffineTransform_float_3_3
Parameters: 0.999995 0.000658919 -0.00303422 -0.000700077 0.999908 -0.0135579 0.00302479 0.0135601 0.999904 0.119546 0.190772 0.285654
FixedParameters: 0 0 0

#Transform 95
Transform: AffineTransform_float_3_3
Parameters: 0.999996 0.000807702 -0.00269048 -0.000845291 0.999903 -0.0138908 0.00267852 0.0138932 0.9999 0.115595 0.20247 0.248193
FixedParameters: 0 0 0

#Transform 96
Transform: AffineTransform_float_3_3
Parameters: 0.999997 0.000923694 -0.00254808 -0.000958305 0.999903 -0.0138896 0.00253493 0.0138924 0.999901 0.105622 0.219357 0.385192
FixedParameters: 0 0 0

#Transform 97
Transform: AffineTransform_float_3_3
Parameters: 0.999997 0.000847507 -0.00250728 -0.000883503 0.999899 -0.0141888 0.00249572 0.0141912 0.999896 0.0678582 0.238014 0.517374
FixedParameters: 0 0 0

#Transform 98
Transform: AffineTransform_float_3_3
Parameters: 0.999995 0.00120195 -0.00265986 -0.00123006 0.999944 -0.0105718 0.00264714 0.0105742 0.99994 0.127662 0.166334 0.0525543
FixedParameters: 0 0 0

#Transform 99
Transform: AffineTransform_float_3_3
Parameters: 0.999998 0.00116301 -0.00153294 -0.00117599 0.999963 -0.00850221 0.00152306 0.00850379 0.999962 0.0892825 0.131199 0.180602
FixedParameters: 0 0 0

#Transform 100
Transform: AffineTransform_float_3_3
Parameters: 0.999997 0.00149185 -0.00222533 -0.00151316 0.999954 -0.00953467 0.00221167 0.00953834 0.999952 0.0880134 0.141012 0.182505
FixedParameters: 0 0 0

#Transform 101
Transform: AffineTransform_float_3_3
Parameters: 1 0.00067479 -0.000733581 -0.000684204 0.99992 -0.0126295 0.000724417 0.0126295 0.99992 0.0821992 0.194598 0.0476913
FixedParameters: 0 0 0

#Transform 102
Transform: AffineTransform_float_3_3
Parameters: 0.999997 0.0010742 -0.00199842 -0.00109779 0.999934 -0.0114428 0.00198557 0.0114442 0.999932 0.106301 0.208305 0.310917
FixedParameters: 0 0 0

#Transform 103
Transform: AffineTransform_float_3_3
Parameters: 0.999997 0.0010755 -0.00193908 -0.00109749 0.999937 -0.0111179 0.00192692 0.0111201 0.999937 0.0880067 0.152539 0.29137
FixedParameters: 0 0 0

#Transform 104
Transform: AffineTransform_float_3_3
Parameters: 0.999996 0.000918072 -0.00242216 -0.000946925 0.999928 -0.0119688 0.00241084 0.0119713 0.999926 0.0884095 0.148234 0.357448
FixedParameters: 0 0 0

#Transform 105
Transform: AffineTransform_float_3_3
Parameters: 0.999996 0.000701998 -0.00275761 -0.000735007 0.999928 -0.011985 0.00274939 0.011987 0.999925 0.0914604 0.175178 0.359078
FixedParameters: 0 0 0

#Transform 106
Transform: AffineTransform_float_3_3
Parameters: 0.999994 0.001053 -0.00328941 -0.00109701 0.999909 -0.0134045 0.00327559 0.0134075 0.999904 0.125406 0.199315 0.3546
FixedParameters: 0 0 0

#Transform 107
Transform: AffineTransform_float_3_3
Parameters: 0.999995 0.000530755 -0.00313523 -0.000588241 0.999832 -0.0182862 0.00312476 0.0182877 0.999828 0.158928 0.250786 0.244571
FixedParameters: 0 0 0

#Transform 108
Transform: AffineTransform_float_3_3
Parameters: 0.999996 0.00054511 -0.00253491 -0.000584892 0.999875 -0.0157626 0.00252609 0.0157634 0.999872 0.142108 0.225286 0.375575
FixedParameters: 0 0 0

#Transform 109
Transform: AffineTransform_float_3_3
Parameters: 0.999992 0.00114643 -0.00395649 -0.00119257 0.999933 -0.0115354 0.0039425 0.0115396 0.999925 0.117182 0.147344 0.416902
FixedParameters: 0 0 0

#Transform 110
Transform: AffineTransform_float_3_3
Parameters: 0.999996 0.00106285 -0.00281613 -0.00109715 0.999925 -0.012153 0.00280287 0.012156 0.999922 0.128128 0.164051 0.304303
FixedParameters: 0 0 0

#Transform 111
Transform: AffineTransform_float_3_3
Parameters: 0.999996 0.00095159 -0.0028631 -0.000992411 0.999895 -0.0144972 0.00284891 0.0144998 0.999891 0.114001 0.207048 0.197123
FixedParameters: 0 0 0

#Transform 112
Transform: AffineTransform_float_3_3
Parameters: 0.999997 0.000888764 -0.00238084 -0.00092524 0.999883 -0.0152628 0.00236715 0.0152641 0.99988 0.117898 0.212996 0.248797
FixedParameters: 0 0 0

#Transform 113
Transform: AffineTransform_float_3_3
Parameters: 0.999999 0.00159313 -0.000943816 -0.00160687 0.999888 -0.0148825 0.000920187 0.0148835 0.999889 0.191383 0.135801 -0.247841
FixedParameters: 0 0 0

#Transform 114
Transform: AffineTransform_float_3_3
Parameters: 0.999998 0.00106515 -0.0020459 -0.00109785 0.999877 -0.0156308 0.00202909 0.0156332 0.999875 0.0882302 0.255053 0.28476
FixedParameters: 0 0 0

#Transform 115
Transform: AffineTransform_float_3_3
Parameters: 0.999998 0.000653164 -0.00193348 -0.000688845 0.999827 -0.0185917 0.00192153 0.0185933 0.999826 0.142407 0.245977 0.130458
FixedParameters: 0 0 0

#Transform 116
Transform: AffineTransform_float_3_3
Parameters: 0.999999 1.11346e-05 -0.00101541 -3.08574e-05 0.999809 -0.019566 0.00101459 0.019566 0.999808 0.11361 0.31107 0.114992
FixedParameters: 0 0 0

#Transform 117
Transform: AffineTransform_float_3_3
Parameters: 0.999999 0.00120303 0.000467775 -0.00119698 0.999919 -0.0126876 -0.000482226 0.0126874 0.99992 0.109553 0.230481 0.0586269
FixedParameters: 0 0 0

#Transform 118
Transform: AffineTransform_float_3_3
Parameters: 0.999999 0.00128125 0.000295231 -0.00127875 0.999942 -0.0107604 -0.000308778 0.0107606 0.999942 0.105895 0.173601 -0.146424
FixedParameters: 0 0 0

#Transform 119
Transform: AffineTransform_float_3_3
Parameters: 0.999999 0.00153677 -0.000896014 -0.00154623 0.999945 -0.0103886 0.000879983 0.0103904 0.999945 0.139892 0.161953 -0.00445051
FixedParameters: 0 0 0

#Transform 120
Transform: AffineTransform_float_3_3
Parameters: 0.999999 0.00124761 -4.18773e-05 -0.00124839 0.999938 -0.011121 2.81196e-05 0.01112 0.999938 0.128016 0.201634 -0.0196199
FixedParameters: 0 0 0

#Transform 121
Transform: AffineTransform_float_3_3
Parameters: 1 0.000825136 -0.000727347 -0.000834874 0.999906 -0.0136684 0.000716656 0.0136686 0.999907 0.140292 0.200897 0.0521315
FixedParameters: 0 0 0

#Transform 122
Transform: AffineTransform_float_3_3
Parameters: 1 0.000825987 -0.000652573 -0.000835019 0.999902 -0.0139335 0.000641427 0.0139345 0.999902 0.102905 0.230763 0.307938
FixedParameters: 0 0 0

#Transform 123
Transform: AffineTransform_float_3_3
Parameters: 0.999998 0.00101061 -0.00130506 -0.0010264 0.99993 -0.0118437 0.00129393 0.0118443 0.999929 0.124396 0.161341 0.168018
FixedParameters: 0 0 0

#Transform 124
Transform: AffineTransform_float_3_3
Parameters: 0.999998 0.000811319 -0.00188636 -0.000834688 0.999921 -0.0125865 0.00187664 0.0125886 0.999919 0.191472 0.191994 0.290906
FixedParameters: 0 0 0

#Transform 125
Transform: AffineTransform_float_3_3
Parameters: 0.999998 0.000807601 -0.00208482 -0.000834403 0.999913 -0.0131753 0.00207419 0.0131767 0.999911 0.153443 0.226158 0.103772
FixedParameters: 0 0 0

#Transform 126
Transform: AffineTransform_float_3_3
Parameters: 0.999998 0.000579177 -0.00178362 -0.000607813 0.999868 -0.0162019 0.00177339 0.0162031 0.999867 0.0733851 0.271851 0.45129
FixedParameters: 0 0 0

#Transform 127
Transform: AffineTransform_float_3_3
Parameters: 0.999998 0.000188763 -0.00204899 -0.000227238 0.999817 -0.0191666 0.00204502 0.0191664 0.999814 0.0849141 0.323034 0.598212
FixedParameters: 0 0 0

#Transform 128
Transform: AffineTransform_float_3_3
Parameters: 0.999998 0.00018768 -0.00203213 -0.000227316 0.999803 -0.0198586 0.00202788 0.0198594 0.9998 0.130019 0.265429 0.316309
FixedParameters: 0 0 0

#Transform 129
Transform: AffineTransform_float_3_3
Parameters: 0.999999 -0.0003249 -0.00153842 0.000292086 0.999773 -0.0213385 0.00154558 0.0213375 0.999771 0.145742 0.306743 0.0278256
FixedParameters: 0 0 0

#Transform 130
Transform: AffineTransform_float_3_3
Parameters: 0.999997 0.000190227 -0.00222455 -0.000227781 0.999855 -0.0169925 0.00222145 0.0169925 0.999853 0.150036 0.213023 0.137272
FixedParameters: 0 0 0

#Transform 131
Transform: AffineTransform_float_3_3
Parameters: 0.999999 0.000213327 -0.000848822 -0.000227676 0.99985 -0.0173238 0.000845182 0.0173242 0.999849 0.0760263 0.24253 0.248457
FixedParameters: 0 0 0

#Transform 132
Transform: AffineTransform_float_3_3
Parameters: 0.999999 0.000799389 -0.00157928 -0.000827624 0.999846 -0.0175607 0.00156571 0.0175623 0.999844 0.122767 0.218604 0.268247
FixedParameters: 0 0 0

#Transform 133
Transform: AffineTransform_float_3_3
Parameters: 0.999997 0.000788371 -0.00207013 -0.000827627 0.999825 -0.0187263 0.00205486 0.0187277 0.999822 0.0920257 0.252175 0.287152
FixedParameters: 0 0 0

#Transform 134
Transform: AffineTransform_float_3_3
Parameters: 0.999996 0.000779303 -0.00242982 -0.0008277 0.999806 -0.0196911 0.00241417 0.0196929 0.999803 0.0948736 0.273415 0.33633
FixedParameters: 0 0 0

#Transform 135
Transform: AffineTransform_float_3_3
Parameters: 0.999996 0.00135652 -0.0023983 -0.00140147 0.999818 -0.0190637 0.00237171 0.0190663 0.999816 0.108656 0.271035 0.353239
FixedParameters: 0 0 0

#Transform 136
Transform: AffineTransform_float_3_3
Parameters: 0.999996 0.000773455 -0.00252999 -0.000827545 0.999774 -0.021232 0.00251299 0.021234 0.999772 0.0801614 0.304767 0.31605
FixedParameters: 0 0 0

#Transform 137
Transform: AffineTransform_float_3_3
Parameters: 0.999996 0.000778649 -0.00244095 -0.000827351 0.999802 -0.01987 0.00242504 0.0198719 0.999799 0.0636348 0.282787 0.40712
FixedParameters: 0 0 0

#Transform 138
Transform: AffineTransform_float_3_3
Parameters: 0.999997 0.000779059 -0.00235342 -0.000827932 0.999791 -0.0204391 0.00233657 0.0204409 0.999789 0.0951649 0.27908 0.232699
FixedParameters: 0 0 0

#Transform 139
Transform: AffineTransform_float_3_3
Parameters: 0.999997 0.00105546 -0.00184993 -0.00109354 0.999791 -0.020408 0.00182806 0.02041 0.99979 0.0643753 0.290044 0.469556
FixedParameters: 0 0 0

#Transform 140
Transform: AffineTransform_float_3_3
Parameters: 0.999997 0.000945693 -0.00190658 -0.000988315 0.99975 -0.0223122 0.00188542 0.0223138 0.999749 0.0955412 0.306476 0.431441
FixedParameters: 0 0 0

#Transform 141
Transform: AffineTransform_float_3_3
Parameters: 0.999998 0.000839848 -0.00167666 -0.000878137 0.999737 -0.0228856 0.00165634 0.0228864 0.999736 0.0913048 0.310175 0.508436
FixedParameters: 0 0 0

#Transform 142
Transform: AffineTransform_float_3_3
Parameters: 0.999998 0.000573229 -0.00216484 -0.000630774 0.999653 -0.0263147 0.00214915 0.0263163 0.999652 0.1184 0.327869 0.539052
FixedParameters: 0 0 0

#Transform 143
Transform: AffineTransform_float_3_3
Parameters: 0.999995 0.000750951 -0.00311234 -0.000827043 0.9997 -0.0245066 0.00309266 0.0245085 0.999695 0.120719 0.292285 0.613914
FixedParameters: 0 0 0

#Transform 144
Transform: AffineTransform_float_3_3
Parameters: 0.999991 0.00131387 -0.00400955 -0.00139812 0.999778 -0.0210526 0.00398045 0.0210574 0.999771 0.152984 0.245266 0.474684
FixedParameters: 0 0 0

#Transform 145
Transform: AffineTransform_float_3_3
Parameters: 0.999996 0.00141367 -0.00249893 -0.00148733 0.999561 -0.0295904 0.00245606 0.0295946 0.999559 0.126622 0.362755 0.378527
FixedParameters: 0 0 0

#Transform 146
Transform: AffineTransform_float_3_3
Parameters: 0.999993 0.00138179 -0.00340626 -0.0014932 0.999458 -0.0328651 0.00335874 0.0328699 0.999454 0.189331 0.366536 0.567023
FixedParameters: 0 0 0

#Transform 147
Transform: AffineTransform_float_3_3
Parameters: 0.999999 0.000711107 -0.00115881 -0.000746899 0.99951 -0.0312742 0.0011362 0.0312748 0.99951 0.120667 0.373819 0.462598
FixedParameters: 0 0 0

#Transform 148
Transform: AffineTransform_float_3_3
Parameters: 0.999998 0.00101614 -0.00172485 -0.00106187 0.999641 -0.0267992 0.00169715 0.0268008 0.99964 0.142862 0.272883 0.442849
FixedParameters: 0 0 0

#Transform 149
Transform: AffineTransform_float_3_3
Parameters: 0.999998 0.000968021 -0.00160964 -0.00101099 0.999637 -0.0269184 0.00158336 0.0269196 0.999637 0.113618 0.29796 0.607276
FixedParameters: 0 0 0

#Transform 150
Transform: AffineTransform_float_3_3
Parameters: 1 0.0010236 0.000449338 -0.00101141 0.99963 -0.0271875 -0.000476675 0.0271875 0.99963 0.12566 0.312955 0.201753
FixedParameters: 0 0 0

#Transform 151
Transform: AffineTransform_float_3_3
Parameters: 0.999999 0.0010362 0.000889462 -0.00101082 0.999611 -0.0278749 -0.000917533 0.0278741 0.999611 0.153051 0.294453 0.129969
FixedParameters: 0 0 0

#Transform 152
Transform: AffineTransform_float_3_3
Parameters: 0.999999 0.000878143 0.000917581 -0.000852872 0.999633 -0.0270518 -0.000940416 0.0270512 0.999633 0.15755 0.261749 0.040231
FixedParameters: 0 0 0

#Transform 153
Transform: AffineTransform_float_3_3
Parameters: 0.999999 0.000591455 0.000662986 -0.000572544 0.999621 -0.0274994 -0.000679001 0.0274986 0.999621 0.0929332 0.306658 0.287379
FixedParameters: 0 0 0

#Transform 154
Transform: AffineTransform_float_3_3
Parameters: 1 0.000549553 4.89008e-05 -0.000547444 0.999622 -0.027509 -6.40839e-05 0.027509 0.999621 0.120245 0.287462 0.412523
FixedParameters: 0 0 0

#Transform 155
Transform: AffineTransform_float_3_3
Parameters: 1 0.00100041 -0.000452554 -0.00101258 0.999652 -0.0263856 0.00042543 0.0263864 0.999651 0.119715 0.263865 0.425152
FixedParameters: 0 0 0

#Transform 156
Transform: AffineTransform_float_3_3
Parameters: 1 0.00094587 -0.000193959 -0.000951131 0.999595 -0.0284188 0.000167037 0.0284192 0.999596 0.135273 0.283688 0.297329
FixedParameters: 0 0 0

#Transform 157
Transform: AffineTransform_float_3_3
Parameters: 0.999999 0.00114773 -0.000865169 -0.00117229 0.999591 -0.028591 0.000832823 0.028592 0.999591 0.148938 0.282086 0.377983
FixedParameters: 0 0 0

#Transform 158
Transform: AffineTransform_float_3_3
Parameters: 0.999999 0.00117776 -0.00137949 -0.00121726 0.999585 -0.0288004 0.0013455 0.0288027 0.999584 0.135686 0.309352 0.477963
FixedParameters: 0 0 0

#Transform 159
Transform: AffineTransform_float_3_3
Parameters: 0.999998 0.00136047 -0.0014618 -0.00140154 0.999605 -0.028095 0.00142318 0.028097 0.999604 0.154339 0.291654 0.446101
FixedParameters: 0 0 0
