# transform file /out/sourcedata/freesurfer/sub-v2s1x29866_ses-1/mri/transforms/cc_up.lta
# created by oesteban on Wed Mar 11 19:38:20 2026

type      = 0 # LINEAR_VOX_TO_VOX
nxforms   = 1
mean      = 130.0000 107.0000 128.0000
sigma     = 10000.0000
1 4 4
9.998221397399902e-01 -7.652417290955782e-03 1.724330149590969e-02 -2.695592880249023e+00 
7.651280146092176e-03 9.999707937240601e-01 1.319567963946611e-04 3.199705505371094e+01 
-1.724380627274513e-02 0.000000000000000e+00 9.998514056205750e-01 2.247595071792603e+00 
0.000000000000000e+00 0.000000000000000e+00 0.000000000000000e+00 1.000000000000000e+00 
src volume info
valid = 1  # volume info valid
filename = /out/sourcedata/freesurfer/sub-v2s1x29866_ses-1/mri/norm.mgz
volume = 256 256 256
voxelsize = 8.999999165534973e-01 8.999999165534973e-01 8.999999165534973e-01
xras   = -9.999999403953552e-01 0.000000000000000e+00 0.000000000000000e+00
yras   = 0.000000000000000e+00 0.000000000000000e+00 -9.999999403953552e-01
zras   = 0.000000000000000e+00 9.999999403953552e-01 0.000000000000000e+00
cras   = 1.448327636718750e+01 4.049629211425781e+00 1.319896697998047e+01
dst volume info
valid = 1  # volume info valid
filename = /out/sourcedata/freesurfer/sub-v2s1x29866_ses-1/mri/norm.mgz
volume = 256 256 256
voxelsize = 8.999999165534973e-01 8.999999165534973e-01 8.999999165534973e-01
xras   = -9.999999403953552e-01 0.000000000000000e+00 0.000000000000000e+00
yras   = 0.000000000000000e+00 0.000000000000000e+00 -9.999999403953552e-01
zras   = 0.000000000000000e+00 9.999999403953552e-01 0.000000000000000e+00
cras   = 1.448327636718750e+01 4.049629211425781e+00 1.319896697998047e+01
