# transform file /out/sourcedata/freesurfer/sub-v2s1x29895_ses-1/mri/transforms/cc_up.lta
# created by oesteban on Thu Mar 12 21:03:23 2026

type      = 0 # LINEAR_VOX_TO_VOX
nxforms   = 1
mean      = 128.0000 128.0000 111.0000
sigma     = 10000.0000
1 4 4
9.991306662559509e-01 -1.981175591936335e-04 4.168582335114479e-02 -4.409228324890137e+00 
1.979453518288210e-04 9.999998807907104e-01 8.258694833784830e-06 1.497356796264648e+01 
-4.168582335114479e-02 0.000000000000000e+00 9.991307258605957e-01 2.447221946716309e+01 
0.000000000000000e+00 0.000000000000000e+00 0.000000000000000e+00 1.000000000000000e+00 
src volume info
valid = 1  # volume info valid
filename = /out/sourcedata/freesurfer/sub-v2s1x29895_ses-1/mri/norm.mgz
volume = 256 256 256
voxelsize = 9.000000357627869e-01 9.000000357627869e-01 9.000000357627869e-01
xras   = -1.000000119209290e+00 0.000000000000000e+00 0.000000000000000e+00
yras   = 0.000000000000000e+00 0.000000000000000e+00 -1.000000119209290e+00
zras   = 0.000000000000000e+00 1.000000119209290e+00 0.000000000000000e+00
cras   = 5.901039123535156e+00 3.738233947753906e+01 3.676437377929688e+01
dst volume info
valid = 1  # volume info valid
filename = /out/sourcedata/freesurfer/sub-v2s1x29895_ses-1/mri/norm.mgz
volume = 256 256 256
voxelsize = 9.000000357627869e-01 9.000000357627869e-01 9.000000357627869e-01
xras   = -1.000000119209290e+00 0.000000000000000e+00 0.000000000000000e+00
yras   = 0.000000000000000e+00 0.000000000000000e+00 -1.000000119209290e+00
zras   = 0.000000000000000e+00 1.000000119209290e+00 0.000000000000000e+00
cras   = 5.901039123535156e+00 3.738233947753906e+01 3.676437377929688e+01
