#Insight Transform File V1.0
#Transform 0
Transform: AffineTransform_float_3_3
Parameters: 1 -0.000285694 0.000266328 0.000286305 1 -0.00114892 -0.000265671 0.00114908 1 -0.0164734 -0.0200064 -0.162935
FixedParameters: 0 0 0

#Transform 1
Transform: AffineTransform_float_3_3
Parameters: 1 0.00105097 -0.000340103 -0.00105103 1 -9.76426e-05 0.000340897 9.83584e-05 1 0.0102492 0.218106 -0.0303999
FixedParameters: 0 0 0

#Transform 2
Transform: AffineTransform_float_3_3
Parameters: 0.999999 0.000799076 -0.000313806 -0.000798923 0.999999 0.000243251 0.000314194 -0.000242749 1 -0.000937481 0.29381 -0.0802233
FixedParameters: 0 0 0

#Transform 3
Transform: AffineTransform_float_3_3
Parameters: 1 0.000182916 -0.000369041 -0.000183084 1 -0.000226932 0.000368958 0.000227067 1 -0.000991021 0.298643 -0.079572
FixedParameters: 0 0 0

#Transform 4
Transform: AffineTransform_float_3_3
Parameters: 1 0.000242999 -0.000153001 -0.000243001 1 -5.96282e-06 0.000152999 6.03718e-06 1 0.0049864 0.235244 -0.0919213
FixedParameters: 0 0 0

#Transform 5
Transform: AffineTransform_float_3_3
Parameters: 1 0.000325983 -0.000153035 -0.000326016 1 -0.00010795 0.000152965 0.00010805 1 0.00689135 0.206831 -0.0636412
FixedParameters: 0 0 0

#Transform 6
Transform: AffineTransform_float_3_3
Parameters: 1 0.000366086 -0.000152795 -0.000365914 1 0.000560056 0.000153205 -0.000559944 1 0.0103708 0.253615 -0.133206
FixedParameters: 0 0 0

#Transform 7
Transform: AffineTransform_float_3_3
Parameters: 1 0.000292018 -0.000152965 -0.000292981 1 0.000121045 0.000153035 -0.000120955 1 0.017449 0.208168 -0.126163
FixedParameters: 0 0 0

#Transform 8
Transform: AffineTransform_float_3_3
Parameters: 1 0.000173001 3.95779e-06 -0.000172999 1 -0.000244001 -4.04221e-06 0.000243999 1 0.018909 0.254247 -0.132133
FixedParameters: 0 0 0

#Transform 9
Transform: AffineTransform_float_3_3
Parameters: 1 0.000220992 -0.000153011 -0.000221008 1 -5.09662e-05 0.000152989 5.10338e-05 1 0.0108135 0.197632 -0.102002
FixedParameters: 0 0 0

#Transform 10
Transform: AffineTransform_float_3_3
Parameters: 1 -4.8062e-05 -0.000152981 4.7938e-05 1 -0.000405007 0.000153019 0.000404993 1 0.00270088 0.206478 -0.0774002
FixedParameters: 0 0 0

#Transform 11
Transform: AffineTransform_float_3_3
Parameters: 1 2.59873e-05 -0.000153002 -2.60127e-05 1 -8.2996e-05 0.000152998 8.3004e-05 1 0.00503014 0.233091 -0.113537
FixedParameters: 0 0 0

#Transform 12
Transform: AffineTransform_float_3_3
Parameters: 1 -0.000134001 3.96503e-06 0.000133999 1 0.000261001 -4.03497e-06 -0.000260999 1 0.00870942 0.288927 -0.0968686
FixedParameters: 0 0 0

#Transform 13
Transform: AffineTransform_float_3_3
Parameters: 1 -0.000200759 -0.000153316 0.00020124 0.999998 0.00157197 0.000152684 -0.00157203 0.999999 -0.000463504 0.376307 -0.173249
FixedParameters: 0 0 0

#Transform 14
Transform: AffineTransform_float_3_3
Parameters: 1 -0.000555016 7.08729e-05 0.000554984 1 0.000229039 -7.11271e-05 -0.000228961 1 0.00825743 0.333423 -0.360585
FixedParameters: 0 0 0

#Transform 15
Transform: AffineTransform_float_3_3
Parameters: 1 0.00037723 0.000381772 -0.000376769 0.999999 -0.000603144 -0.000382227 0.000602856 0.999999 0.0201367 0.294065 -0.210256
FixedParameters: 0 0 0

#Transform 16
Transform: AffineTransform_float_3_3
Parameters: 1 2.5743e-05 0.000496962 -2.42569e-05 0.999999 -0.00149501 -0.000497037 0.00149499 0.999999 0.0274081 0.29171 -0.133893
FixedParameters: 0 0 0

#Transform 17
Transform: AffineTransform_float_3_3
Parameters: 1 -0.000130871 7.62224e-05 0.000131129 0.999998 -0.00169899 -7.57773e-05 0.00169901 0.999998 0.0456323 0.29802 -0.10238
FixedParameters: 0 0 0

#Transform 18
Transform: AffineTransform_float_3_3
Parameters: 0.999995 0.000301449 0.0029041 -0.00032055 0.999978 0.0067341 -0.00290191 -0.00673491 0.999973 0.00864918 0.165977 -0.179361
FixedParameters: 0 0 0

#Transform 19
Transform: AffineTransform_float_3_3
Parameters: 0.999996 3.69017e-05 0.00301437 -6.0098e-05 0.99997 0.00766385 -0.00301363 -0.00766314 0.999966 0.0214779 -0.0332242 -0.0134992
FixedParameters: 0 0 0

#Transform 20
Transform: AffineTransform_float_3_3
Parameters: 0.999998 -0.00048536 0.0022104 0.000478642 0.999995 0.00332907 -0.00221161 -0.00332794 0.999992 0.00290773 0.192813 0.00106853
FixedParameters: 0 0 0

#Transform 21
Transform: AffineTransform_float_3_3
Parameters: 0.999998 -0.000589089 0.00185539 0.00058491 0.999996 0.00274209 -0.00185761 -0.00274091 0.999994 0.00897196 0.189565 -0.0439063
FixedParameters: 0 0 0

#Transform 22
Transform: AffineTransform_float_3_3
Parameters: 0.999998 -0.000725295 0.00218992 0.000718703 0.999995 0.00287458 -0.00219207 -0.00287242 0.999993 0.00377662 0.218999 -0.0663541
FixedParameters: 0 0 0

#Transform 23
Transform: AffineTransform_float_3_3
Parameters: 0.999998 -0.000818277 0.0017916 0.000812722 0.999996 0.00294446 -0.0017944 -0.00294254 0.999994 0.0215256 0.160825 -0.0843104
FixedParameters: 0 0 0

#Transform 24
Transform: AffineTransform_float_3_3
Parameters: 0.999997 -0.000976392 0.00213754 0.00097061 0.999997 0.00252208 -0.00213945 -0.00251992 0.999994 0.00665566 0.210885 -0.056702
FixedParameters: 0 0 0

#Transform 25
Transform: AffineTransform_float_3_3
Parameters: 0.999998 -0.00103538 0.00134039 0.00103162 0.999997 0.00252139 -0.0013426 -0.00251961 0.999996 0.0282925 0.167266 -0.0476217
FixedParameters: 0 0 0

#Transform 26
Transform: AffineTransform_float_3_3
Parameters: 0.999998 -0.000908424 0.0017222 0.000905575 0.999997 0.00198856 -0.0017238 -0.00198644 0.999996 0.0208798 0.193709 -0.0331703
FixedParameters: 0 0 0

#Transform 27
Transform: AffineTransform_float_3_3
Parameters: 0.999998 -0.00106632 0.00166989 0.00106268 0.999998 0.00198578 -0.00167211 -0.00198422 0.999996 0.0175957 0.194273 -0.0599991
FixedParameters: 0 0 0

#Transform 28
Transform: AffineTransform_float_3_3
Parameters: 0.999999 -0.00104626 0.00153078 0.00104274 0.999997 0.0021296 -0.00153322 -0.0021284 0.999996 0.0159245 0.21268 -0.0588169
FixedParameters: 0 0 0

#Transform 29
Transform: AffineTransform_float_3_3
Parameters: 0.999999 -0.000753544 0.00128151 0.000751456 0.999997 0.00198497 -0.00128249 -0.00198404 0.999997 0.0326748 0.175311 -0.0854439
FixedParameters: 0 0 0

#Transform 30
Transform: AffineTransform_float_3_3
Parameters: 0.999998 -0.00107116 0.00159288 0.00106884 0.999998 0.00198571 -0.00159512 -0.0019843 0.999997 0.0220187 0.194334 -0.0779442
FixedParameters: 0 0 0

#Transform 31
Transform: AffineTransform_float_3_3
Parameters: 0.999998 -0.00103953 0.00124572 0.00103746 0.999998 0.00123229 -0.00124728 -0.00123071 0.999999 0.0215485 0.16869 -0.0577008
FixedParameters: 0 0 0

#Transform 32
Transform: AffineTransform_float_3_3
Parameters: 0.999999 -0.00136081 0.00125204 0.00135919 0.999998 0.0014447 -0.00125396 -0.0014433 0.999998 0.000391579 0.179421 -0.0896742
FixedParameters: 0 0 0

#Transform 33
Transform: AffineTransform_float_3_3
Parameters: 0.999998 -0.00137387 0.00138515 0.00137213 0.999998 0.0013509 -0.00138685 -0.0013491 0.999998 0.0114359 0.206901 -0.0787711
FixedParameters: 0 0 0

#Transform 34
Transform: AffineTransform_float_3_3
Parameters: 0.999999 -0.00110116 0.000872541 0.00109984 0.999999 0.00132596 -0.000873458 -0.00132504 0.999998 0.0292238 0.173161 -0.103783
FixedParameters: 0 0 0

#Transform 35
Transform: AffineTransform_float_3_3
Parameters: 0.999998 -0.00126246 0.00119846 0.00126054 0.999998 0.00121951 -0.00119954 -0.00121749 0.999998 0.016183 0.21177 -0.0574099
FixedParameters: 0 0 0

#Transform 36
Transform: AffineTransform_float_3_3
Parameters: 0.999998 -0.0011426 0.00123152 0.0011414 0.999998 0.00129741 -0.00123248 -0.00129559 0.999999 0.0147202 0.216483 -0.0662465
FixedParameters: 0 0 0

#Transform 37
Transform: AffineTransform_float_3_3
Parameters: 0.999999 -0.00103346 0.00112366 0.00103154 0.999998 0.00129716 -0.00112434 -0.00129584 0.999998 0.00622556 0.198205 -0.0630562
FixedParameters: 0 0 0

#Transform 38
Transform: AffineTransform_float_3_3
Parameters: 0.999999 -0.000874597 0.00123187 0.000873402 0.999999 0.00129708 -0.00123313 -0.00129592 0.999999 0.0156733 0.172217 -0.0763595
FixedParameters: 0 0 0

#Transform 39
Transform: AffineTransform_float_3_3
Parameters: 0.999999 -0.000789598 0.00123198 0.000788402 0.999999 0.00129697 -0.00123302 -0.00129603 0.999999 0.011324 0.18578 -0.0763517
FixedParameters: 0 0 0

#Transform 40
Transform: AffineTransform_float_3_3
Parameters: 0.999999 -0.000812896 0.000936223 0.000812105 0.999999 0.000956761 -0.000936778 -0.00095624 0.999999 0.0319205 0.19549 -0.0648049
FixedParameters: 0 0 0

#Transform 41
Transform: AffineTransform_float_3_3
Parameters: 0.999999 -0.000688198 0.00123233 0.000686802 1 0.000972847 -0.00123267 -0.000971153 0.999999 0.0132453 0.193667 -0.0387145
FixedParameters: 0 0 0

#Transform 42
Transform: AffineTransform_float_3_3
Parameters: 0.999999 -0.000636598 0.00123218 0.000635402 0.999999 0.00129678 -0.00123283 -0.00129622 0.999999 0.0199707 0.200153 -0.0819721
FixedParameters: 0 0 0

#Transform 43
Transform: AffineTransform_float_3_3
Parameters: 0.999999 -0.000901302 0.00100383 0.000900697 0.999999 0.0012969 -0.00100517 -0.00129609 0.999998 0.0135262 0.208955 -0.0480814
FixedParameters: 0 0 0

#Transform 44
Transform: AffineTransform_float_3_3
Parameters: 1 -0.000864084 0.000749752 0.000862915 0.999998 0.00144565 -0.000751247 -0.00144435 0.999998 0.0221686 0.204359 -0.0682923
FixedParameters: 0 0 0

#Transform 45
Transform: AffineTransform_float_3_3
Parameters: 0.999999 -0.000869598 0.00123187 0.000868402 0.999999 0.00129707 -0.00123313 -0.00129593 0.999999 0.00771674 0.218244 -0.0757734
FixedParameters: 0 0 0

#Transform 46
Transform: AffineTransform_float_3_3
Parameters: 0.999999 -0.000790055 0.000986156 0.000788944 0.999999 0.00106978 -0.000987844 -0.00106822 0.999999 0.0328785 0.155738 -0.0881389
FixedParameters: 0 0 0

#Transform 47
Transform: AffineTransform_float_3_3
Parameters: 0.999998 -0.00100367 0.00123164 0.00100133 0.999998 0.00135723 -0.00123236 -0.00135576 0.999999 0.00372933 0.207496 -0.0891335
FixedParameters: 0 0 0

#Transform 48
Transform: AffineTransform_float_3_3
Parameters: 0.999999 -0.000969597 0.00123174 0.000967403 0.999998 0.00129719 -0.00123226 -0.00129581 0.999999 0.00473493 0.209151 -0.0795237
FixedParameters: 0 0 0

#Transform 49
Transform: AffineTransform_float_3_3
Parameters: 0.999999 -0.000999379 0.00101164 0.00099762 0.999998 0.00136301 -0.00101336 -0.00136199 0.999998 0.0103669 0.207325 -0.0793014
FixedParameters: 0 0 0

#Transform 50
Transform: AffineTransform_float_3_3
Parameters: 1 -0.000667818 0.00100746 0.000667182 1 0.000812673 -0.00100754 -0.000811328 0.999999 0.00940559 0.228481 -0.0596171
FixedParameters: 0 0 0

#Transform 51
Transform: AffineTransform_float_3_3
Parameters: 0.999995 -0.000792204 0.00327966 0.000773796 0.999985 0.00554757 -0.00328434 -0.00554543 0.999979 -0.0277992 0.219847 -0.132927
FixedParameters: 0 0 0

#Transform 52
Transform: AffineTransform_float_3_3
Parameters: 0.999997 -0.000778327 0.00198109 0.000776672 0.999999 0.00117554 -0.00198191 -0.00117346 0.999998 -0.0218073 0.179367 -0.0362008
FixedParameters: 0 0 0

#Transform 53
Transform: AffineTransform_float_3_3
Parameters: 0.999997 -0.00099473 0.00198113 0.00099327 0.999999 0.00087397 -0.00198187 -0.000872031 0.999997 -0.0104379 0.238281 -0.0239567
FixedParameters: 0 0 0

#Transform 54
Transform: AffineTransform_float_3_3
Parameters: 0.999999 -0.000933274 0.00160768 0.000930724 0.999998 0.0014155 -0.00160932 -0.0014135 0.999997 0.00131018 0.174807 -0.0419539
FixedParameters: 0 0 0

#Transform 55
Transform: AffineTransform_float_3_3
Parameters: 0.999997 -0.000845589 0.00223064 0.00084141 0.999999 0.00160988 -0.00223236 -0.00160712 0.999996 -0.0120926 0.194126 -0.0671502
FixedParameters: 0 0 0

#Transform 56
Transform: AffineTransform_float_3_3
Parameters: 0.999998 -0.000805694 0.00220002 0.000803307 0.999999 0.00122477 -0.00220099 -0.00122323 0.999997 -0.0186193 0.116199 -0.155279
FixedParameters: 0 0 0

#Transform 57
Transform: AffineTransform_float_3_3
Parameters: 0.99999 -0.000104711 0.00431605 0.000106291 1 -0.000530546 -0.00431594 0.000530457 0.99999 -0.0995172 0.175648 -0.884814
FixedParameters: 0 0 0

#Transform 58
Transform: AffineTransform_float_3_3
Parameters: 0.999995 -0.00111302 0.00317129 0.00111098 0.999999 0.000638527 -0.00317271 -0.000635472 0.999995 -0.0423672 0.305886 0.0117623
FixedParameters: 0 0 0

#Transform 59
Transform: AffineTransform_float_3_3
Parameters: 0.999997 -0.00106155 0.00188269 0.00106045 1 0.000291997 -0.00188331 -0.000290002 0.999998 -0.0384014 0.311049 0.00458394
FixedParameters: 0 0 0

#Transform 60
Transform: AffineTransform_float_3_3
Parameters: 0.999998 -0.00116287 0.00160937 0.00116213 0.999999 0.000539871 -0.00160963 -0.000538129 0.999998 -0.0341502 0.287864 0.00792663
FixedParameters: 0 0 0

#Transform 61
Transform: AffineTransform_float_3_3
Parameters: 0.999997 -0.00125336 0.0021272 0.00125164 0.999999 0.000639664 -0.0021278 -0.000637335 0.999997 -0.0372232 0.304169 -0.0115319
FixedParameters: 0 0 0

#Transform 62
Transform: AffineTransform_float_3_3
Parameters: 0.999997 -0.0010634 0.00218832 0.0010616 0.999999 0.000639325 -0.00218868 -0.000636675 0.999998 -0.0228887 0.284409 -0.0949387
FixedParameters: 0 0 0

#Transform 63
Transform: AffineTransform_float_3_3
Parameters: 0.999997 -0.00087203 0.00228523 0.00086997 0.999999 0.000888991 -0.00228677 -0.000887009 0.999997 -0.0195497 0.276248 -0.170652
FixedParameters: 0 0 0

#Transform 64
Transform: AffineTransform_float_3_3
Parameters: 0.999997 -0.000760364 0.0020745 0.000758635 1 0.000658575 -0.0020755 -0.000656424 0.999997 -0.0018535 0.233644 -0.218824
FixedParameters: 0 0 0

#Transform 65
Transform: AffineTransform_float_3_3
Parameters: 0.999995 -0.000484303 0.00288778 0.000482695 1 0.000452396 -0.00288822 -0.000450603 0.999995 -0.0395571 0.268195 -0.191017
FixedParameters: 0 0 0

#Transform 66
Transform: AffineTransform_float_3_3
Parameters: 0.999998 -9.76948e-05 0.00193907 9.93047e-05 1 -0.000672808 -0.00193893 0.00067319 0.999998 -0.0126491 0.295906 -0.181147
FixedParameters: 0 0 0

#Transform 67
Transform: AffineTransform_float_3_3
Parameters: 0.999998 -0.000138308 0.0018972 0.000141691 0.999999 -0.00141873 -0.0018968 0.00141927 0.999997 -0.0116933 0.288586 -0.162697
FixedParameters: 0 0 0

#Transform 68
Transform: AffineTransform_float_3_3
Parameters: 0.999998 -0.000497743 0.00181417 0.000502255 0.999997 -0.00234609 -0.00181283 0.00234791 0.999995 -0.0409493 0.285907 -0.0429456
FixedParameters: 0 0 0

#Transform 69
Transform: AffineTransform_float_3_3
Parameters: 0.999999 3.57698e-05 0.00148994 -3.323e-05 0.999999 -0.00185905 -0.00149006 0.00185895 0.999997 -0.012725 0.287148 -0.0334699
FixedParameters: 0 0 0

#Transform 70
Transform: AffineTransform_float_3_3
Parameters: 1 0.000591238 0.00090219 -0.000589762 0.999999 -0.00137253 -0.00090281 0.00137147 0.999998 -0.00809004 0.301415 -0.018197
FixedParameters: 0 0 0

#Transform 71
Transform: AffineTransform_float_3_3
Parameters: 1 0.000287694 0.000373467 -0.000287307 0.999998 -0.00185611 -0.000373534 0.00185589 0.999998 0.00208972 0.267303 -0.0392715
FixedParameters: 0 0 0

#Transform 72
Transform: AffineTransform_float_3_3
Parameters: 1 0.000116754 0.000697708 -0.000115248 0.999997 -0.00251308 -0.000697291 0.00251292 0.999996 -0.00925546 0.336343 -0.0378352
FixedParameters: 0 0 0

#Transform 73
Transform: AffineTransform_float_3_3
Parameters: 1 -0.000190074 0.000510346 0.000190927 0.999999 -0.0018149 -0.000510654 0.0018151 0.999998 -0.000115821 0.328316 -0.041239
FixedParameters: 0 0 0

#Transform 74
Transform: AffineTransform_float_3_3
Parameters: 1 -0.00021395 0.000410549 0.000214049 0.999996 -0.00255991 -0.000409453 0.00256009 0.999996 -0.00345835 0.317845 -0.00230394
FixedParameters: 0 0 0

#Transform 75
Transform: AffineTransform_float_3_3
Parameters: 0.999998 0.000754912 -0.00148355 -0.00075609 1 -0.000733879 0.00148344 0.000734121 0.999998 0.0589308 0.251575 0.0155074
FixedParameters: 0 0 0

#Transform 76
Transform: AffineTransform_float_3_3
Parameters: 1 4.23104e-05 -0.000282104 -4.26918e-05 0.999997 -0.00244499 0.000282896 0.00244501 0.999997 0.0110258 0.300655 0.000385465
FixedParameters: 0 0 0

#Transform 77
Transform: AffineTransform_float_3_3
Parameters: 1 7.70195e-05 7.80955e-06 -7.69824e-05 0.999997 -0.002473 -7.1904e-06 0.002473 0.999997 0.00361402 0.308612 -0.066806
FixedParameters: 0 0 0

#Transform 78
Transform: AffineTransform_float_3_3
Parameters: 1 -0.000124428 0.000250285 0.000125571 0.999998 -0.00228597 -0.000249714 0.00228603 0.999998 0.00829823 0.31006 -0.0743659
FixedParameters: 0 0 0

#Transform 79
Transform: AffineTransform_float_3_3
Parameters: 1 -0.000301588 0.000250496 0.000301412 0.999998 -0.00164492 -0.000250504 0.00164507 0.999998 0.0184823 0.291934 -0.0645523
FixedParameters: 0 0 0

#Transform 80
Transform: AffineTransform_float_3_3
Parameters: 1 -0.000307533 0.000250575 0.000307468 0.999998 -0.00186692 -0.000250426 0.00186708 0.999998 0.0211754 0.257409 -0.0949287
FixedParameters: 0 0 0

#Transform 81
Transform: AffineTransform_float_3_3
Parameters: 0.999999 -0.000553092 0.000448122 0.000553907 0.999998 -0.00202675 -0.000446878 0.00202725 0.999998 0.00378093 0.304841 -0.0828512
FixedParameters: 0 0 0

#Transform 82
Transform: AffineTransform_float_3_3
Parameters: 1 -0.000377529 0.00025071 0.000377471 0.999998 -0.00187991 -0.000250291 0.0018801 0.999998 0.020179 0.263817 -0.101496
FixedParameters: 0 0 0

#Transform 83
Transform: AffineTransform_float_3_3
Parameters: 1 -0.000378851 0.000596731 0.000380149 0.999998 -0.00192577 -0.000596269 0.00192623 0.999998 0.00417654 0.300188 -0.0652268
FixedParameters: 0 0 0

#Transform 84
Transform: AffineTransform_float_3_3
Parameters: 1 -0.000257847 0.000589506 0.000259154 0.999998 -0.00195685 -0.000589494 0.00195715 0.999998 0.00254184 0.303878 -0.0908197
FixedParameters: 0 0 0

#Transform 85
Transform: AffineTransform_float_3_3
Parameters: 1 4.87172e-05 0.000316891 -4.82825e-05 0.999997 -0.00226302 -0.00031711 0.00226298 0.999998 0.0165055 0.306032 -0.110624
FixedParameters: 0 0 0

#Transform 86
Transform: AffineTransform_float_3_3
Parameters: 1 -0.000215194 0.00105558 0.000218808 0.999997 -0.00265977 -0.00105542 0.00265923 0.999996 -0.0117812 0.325401 -0.101955
FixedParameters: 0 0 0

#Transform 87
Transform: AffineTransform_float_3_3
Parameters: 0.999999 0.000251296 0.0013362 -0.000246706 0.999995 -0.00321333 -0.0013368 0.00321367 0.999994 0.00423622 0.327564 -0.0701112
FixedParameters: 0 0 0

#Transform 88
Transform: AffineTransform_float_3_3
Parameters: 0.999999 -0.000172823 0.000818462 0.000175178 0.999997 -0.00265986 -0.000818537 0.00266014 0.999996 0.00434877 0.30975 -0.100986
FixedParameters: 0 0 0

#Transform 89
Transform: AffineTransform_float_3_3
Parameters: 0.999997 0.000405772 0.00208488 -0.000400226 0.999996 -0.00276884 -0.00208612 0.00276716 0.999994 0.00803563 0.354577 -0.121466
FixedParameters: 0 0 0

#Transform 90
Transform: AffineTransform_float_3_3
Parameters: 1 0.000193806 0.00105449 -0.000191193 0.999997 -0.0026602 -0.00105551 0.0026598 0.999996 0.0159856 0.334621 -0.101989
FixedParameters: 0 0 0

#Transform 91
Transform: AffineTransform_float_3_3
Parameters: 1 -0.000308821 0.00105564 0.000311181 0.999998 -0.00206567 -0.00105536 0.00206533 0.999998 -0.00518328 0.319394 -0.0518154
FixedParameters: 0 0 0

#Transform 92
Transform: AffineTransform_float_3_3
Parameters: 0.999999 -0.000311679 0.000681605 0.00031232 0.999998 -0.00193879 -0.000680395 0.00193921 0.999998 -0.00207948 0.293281 -0.0668988
FixedParameters: 0 0 0

#Transform 93
Transform: AffineTransform_float_3_3
Parameters: 0.999999 0.000125252 0.00105473 -0.000123747 0.999997 -0.00213513 -0.00105527 0.00213487 0.999997 4.68864e-05 0.317813 -0.0792925
FixedParameters: 0 0 0

#Transform 94
Transform: AffineTransform_float_3_3
Parameters: 1 0.00014383 0.00105462 -0.000141169 0.999997 -0.00268315 -0.00105538 0.00268285 0.999996 0.00281124 0.346129 -0.0717774
FixedParameters: 0 0 0

#Transform 95
Transform: AffineTransform_float_3_3
Parameters: 1 0.000468084 0.00105364 -0.000464915 0.999995 -0.00292549 -0.00105536 0.00292451 0.999995 -0.00120421 0.31553 -0.0808036
FixedParameters: 0 0 0

#Transform 96
Transform: AffineTransform_float_3_3
Parameters: 0.999999 0.000251868 0.00173302 -0.000245132 0.999992 -0.00396243 -0.00173398 0.00396157 0.99999 -0.00854962 0.37524 -0.0329172
FixedParameters: 0 0 0

#Transform 97
Transform: AffineTransform_float_3_3
Parameters: 0.999998 -0.000370231 0.00185776 0.00037377 0.999998 -0.00202931 -0.00185725 0.00202969 0.999996 -0.0186994 0.32297 -0.0563899
FixedParameters: 0 0 0

#Transform 98
Transform: AffineTransform_float_3_3
Parameters: 0.999998 -0.000418256 0.00159851 0.000423747 0.999994 -0.00359533 -0.00159749 0.00359568 0.999993 -0.0137679 0.359158 -0.0126874
FixedParameters: 0 0 0

#Transform 99
Transform: AffineTransform_float_3_3
Parameters: 0.999999 -0.000489859 0.00136849 0.00049314 0.999996 -0.00302733 -0.00136651 0.00302767 0.999995 -0.0105549 0.359468 -0.0370767
FixedParameters: 0 0 0

#Transform 100
Transform: AffineTransform_float_3_3
Parameters: 0.999999 -0.000422371 0.00138742 0.000427631 0.999995 -0.00333741 -0.00138658 0.00333859 0.999993 -0.00807038 0.352214 -0.027937
FixedParameters: 0 0 0

#Transform 101
Transform: AffineTransform_float_3_3
Parameters: 0.999999 -0.000443333 0.0013875 0.000448669 0.999994 -0.00336538 -0.0013865 0.00336562 0.999994 0.000357071 0.361771 -0.0447406
FixedParameters: 0 0 0

#Transform 102
Transform: AffineTransform_float_3_3
Parameters: 0.999999 -0.000466213 0.00148851 0.000471785 0.999994 -0.0032173 -0.00148649 0.0032177 0.999993 0.000779788 0.340239 -0.0288177
FixedParameters: 0 0 0

#Transform 103
Transform: AffineTransform_float_3_3
Parameters: 0.999999 -0.000576513 0.00147177 0.000580488 0.999995 -0.00305015 -0.00147024 0.00305085 0.999995 -0.00102835 0.354016 -0.041599
FixedParameters: 0 0 0

#Transform 104
Transform: AffineTransform_float_3_3
Parameters: 0.999999 -0.000662433 0.00138819 0.00066657 0.999995 -0.00329208 -0.00138681 0.00329292 0.999993 -0.00328581 0.378381 -0.0269795
FixedParameters: 0 0 0

#Transform 105
Transform: AffineTransform_float_3_3
Parameters: 0.999999 -0.000741888 0.0013882 0.000746114 0.999996 -0.00296397 -0.00138679 0.00296503 0.999994 0.00255139 0.323907 -0.0536656
FixedParameters: 0 0 0

#Transform 106
Transform: AffineTransform_float_3_3
Parameters: 0.999998 -0.000525703 0.00160275 0.000531298 0.999995 -0.00330616 -0.00160125 0.00330685 0.999994 0.000648292 0.328009 -0.0427515
FixedParameters: 0 0 0

#Transform 107
Transform: AffineTransform_float_3_3
Parameters: 0.999998 -0.000595281 0.00154782 0.000600719 0.999995 -0.00305008 -0.00154617 0.00305093 0.999994 0.0130026 0.344227 -0.0717902
FixedParameters: 0 0 0

#Transform 108
Transform: AffineTransform_float_3_3
Parameters: 0.999999 -0.000551818 0.00176694 0.000557182 0.999993 -0.00350002 -0.00176506 0.00350098 0.999993 -0.000168302 0.329531 -0.0462569
FixedParameters: 0 0 0

#Transform 109
Transform: AffineTransform_float_3_3
Parameters: 0.999999 -0.000654769 0.001388 0.000659231 0.999995 -0.00305009 -0.001386 0.00305091 0.999995 0.00899842 0.321119 -0.0525452
FixedParameters: 0 0 0

#Transform 110
Transform: AffineTransform_float_3_3
Parameters: 0.999999 -0.000689248 0.00138837 0.000694754 0.999994 -0.00342504 -0.00138663 0.00342596 0.999993 0.00543816 0.32106 -0.052118
FixedParameters: 0 0 0

#Transform 111
Transform: AffineTransform_float_3_3
Parameters: 0.999999 -0.000576529 0.00138787 0.000580471 0.999994 -0.0032232 -0.00138614 0.0032238 0.999994 0.0157785 0.320651 -0.0910893
FixedParameters: 0 0 0

#Transform 112
Transform: AffineTransform_float_3_3
Parameters: 0.999999 -0.000598611 0.0013879 0.000602389 0.999995 -0.00316417 -0.0013861 0.00316483 0.999994 0.016777 0.335518 -0.0900429
FixedParameters: 0 0 0

#Transform 113
Transform: AffineTransform_float_3_3
Parameters: 0.999998 -0.000769768 0.00138835 0.000774233 0.999995 -0.00304993 -0.00138664 0.00305107 0.999995 0.00935549 0.297625 -0.1006
FixedParameters: 0 0 0

#Transform 114
Transform: AffineTransform_float_3_3
Parameters: 0.999999 -0.000616101 0.00138818 0.000620901 0.999993 -0.00353114 -0.00138682 0.00353186 0.999993 0.00583284 0.349523 -0.0733838
FixedParameters: 0 0 0

#Transform 115
Transform: AffineTransform_float_3_3
Parameters: 0.999999 -0.000473301 0.00138761 0.000477701 0.999994 -0.00338834 -0.00138639 0.00338866 0.999994 0.0106812 0.306057 -0.0799563
FixedParameters: 0 0 0

#Transform 116
Transform: AffineTransform_float_3_3
Parameters: 0.999999 -0.000511973 0.00138787 0.000517028 0.999994 -0.00362429 -0.00138614 0.00362472 0.999993 0.00571282 0.375419 -0.0514406
FixedParameters: 0 0 0

#Transform 117
Transform: AffineTransform_float_3_3
Parameters: 1 -0.000518824 0.0010346 0.000522178 0.999995 -0.00307246 -0.0010334 0.00307254 0.999994 0.0178191 0.313615 -0.0525336
FixedParameters: 0 0 0

#Transform 118
Transform: AffineTransform_float_3_3
Parameters: 0.999999 -0.000576235 0.00138799 0.000580765 0.999994 -0.0034352 -0.00138601 0.0034358 0.999993 -0.00293461 0.375402 -0.0343145
FixedParameters: 0 0 0

#Transform 119
Transform: AffineTransform_float_3_3
Parameters: 0.999999 -0.000680016 0.00138796 0.000684984 0.999995 -0.00287205 -0.00138604 0.00287294 0.999995 0.0136818 0.350789 -0.0664438
FixedParameters: 0 0 0

#Transform 120
Transform: AffineTransform_float_3_3
Parameters: 0.999999 -0.000519636 0.00138764 0.000524365 0.999995 -0.00314628 -0.00138636 0.00314672 0.999994 0.0110887 0.323129 -0.0422932
FixedParameters: 0 0 0

#Transform 121
Transform: AffineTransform_float_3_3
Parameters: 0.999998 -0.00076515 0.00145656 0.000770848 0.999994 -0.00333188 -0.00145344 0.00333312 0.999994 0.0110794 0.340208 -0.0198727
FixedParameters: 0 0 0

#Transform 122
Transform: AffineTransform_float_3_3
Parameters: 0.999999 -0.000428643 0.00180752 0.000435357 0.999993 -0.00351722 -0.00180648 0.00351878 0.999992 0.00680387 0.329062 -0.0543542
FixedParameters: 0 0 0

#Transform 123
Transform: AffineTransform_float_3_3
Parameters: 0.999998 -0.000400042 0.00165521 0.000404956 0.999995 -0.00299533 -0.00165379 0.00299666 0.999994 0.0188265 0.320867 -0.0994354
FixedParameters: 0 0 0

#Transform 124
Transform: AffineTransform_float_3_3
Parameters: 0.999999 -0.000424524 0.00177732 0.000430476 0.999995 -0.00308224 -0.00177568 0.00308276 0.999993 0.00668237 0.332645 -0.073919
FixedParameters: 0 0 0

#Transform 125
Transform: AffineTransform_float_3_3
Parameters: 0.999999 -0.00041272 0.00180345 0.000418277 0.999994 -0.00348225 -0.00180155 0.00348375 0.999993 0.00832208 0.335055 -0.0668833
FixedParameters: 0 0 0

#Transform 126
Transform: AffineTransform_float_3_3
Parameters: 0.999999 -0.000564847 0.0016218 0.000570153 0.999995 -0.00317808 -0.0016202 0.00317992 0.999993 0.0177298 0.326891 -0.0753341
FixedParameters: 0 0 0

#Transform 127
Transform: AffineTransform_float_3_3
Parameters: 0.999999 -0.000604725 0.00138787 0.000609276 0.999995 -0.00308216 -0.00138613 0.00308284 0.999995 0.025876 0.324268 -0.0941643
FixedParameters: 0 0 0

#Transform 128
Transform: AffineTransform_float_3_3
Parameters: 0.999999 -0.00068227 0.0017063 0.000687729 0.999994 -0.00335983 -0.0017037 0.00336117 0.999993 0.000818025 0.333653 -0.0606268
FixedParameters: 0 0 0

#Transform 129
Transform: AffineTransform_float_3_3
Parameters: 0.999999 -0.00061703 0.00168283 0.000621972 0.999996 -0.00295496 -0.00168117 0.00295604 0.999994 0.0138316 0.314993 -0.0994646
FixedParameters: 0 0 0

#Transform 130
Transform: AffineTransform_float_3_3
Parameters: 0.999998 -0.000564273 0.00185706 0.000570727 0.999994 -0.00362395 -0.00185494 0.00362505 0.999991 0.0078112 0.29941 -0.0340975
FixedParameters: 0 0 0

#Transform 131
Transform: AffineTransform_float_3_3
Parameters: 0.999998 -0.000825747 0.00151832 0.000830253 0.999995 -0.00280174 -0.00151668 0.00280326 0.999995 0.0134992 0.334952 -0.0787924
FixedParameters: 0 0 0

#Transform 132
Transform: AffineTransform_float_3_3
Parameters: 0.999999 -0.000924613 0.0016151 0.00092939 0.999994 -0.00333751 -0.00161291 0.0033395 0.999993 -0.00370129 0.353705 -0.0262752
FixedParameters: 0 0 0

#Transform 133
Transform: AffineTransform_float_3_3
Parameters: 0.999999 -0.000959275 0.00155293 0.000963725 0.999995 -0.00304451 -0.00155007 0.00304649 0.999994 -0.00297762 0.298579 -0.0551179
FixedParameters: 0 0 0

#Transform 134
Transform: AffineTransform_float_3_3
Parameters: 0.999999 -0.00094224 0.00149601 0.000947761 0.999995 -0.00318459 -0.00149299 0.00318641 0.999994 -0.000747243 0.345427 -0.031856
FixedParameters: 0 0 0

#Transform 135
Transform: AffineTransform_float_3_3
Parameters: 0.999998 -0.000872467 0.00148966 0.000876533 0.999995 -0.0030447 -0.00148734 0.0030463 0.999995 0.00145875 0.319044 -0.0454195
FixedParameters: 0 0 0

#Transform 136
Transform: AffineTransform_float_3_3
Parameters: 0.999998 -0.00073058 0.00145223 0.000734418 0.999995 -0.00304494 -0.00144977 0.00304606 0.999995 0.00689139 0.329945 -0.0338203
FixedParameters: 0 0 0

#Transform 137
Transform: AffineTransform_float_3_3
Parameters: 0.999999 -0.000785423 0.0016382 0.000790576 0.999996 -0.00279471 -0.0016358 0.00279629 0.999995 -0.000209272 0.278601 -0.0413501
FixedParameters: 0 0 0

#Transform 138
Transform: AffineTransform_float_3_3
Parameters: 0.999998 -0.000866361 0.0013909 0.00087064 0.999994 -0.0033388 -0.0013881 0.00333921 0.999994 0.00457697 0.341941 -0.0294587
FixedParameters: 0 0 0

#Transform 139
Transform: AffineTransform_float_3_3
Parameters: 0.999998 -0.000731505 0.00147324 0.000735494 0.999995 -0.00305292 -0.00147076 0.00305408 0.999995 0.00625601 0.32207 -0.0361233
FixedParameters: 0 0 0

#Transform 140
Transform: AffineTransform_float_3_3
Parameters: 0.999997 -0.000760902 0.00201232 0.000767097 0.999995 -0.00303146 -0.00200968 0.00303254 0.999994 -0.0105489 0.351773 -0.0386995
FixedParameters: 0 0 0

#Transform 141
Transform: AffineTransform_float_3_3
Parameters: 0.999997 -0.000846013 0.00201253 0.000851987 0.999995 -0.00297529 -0.00201047 0.00297771 0.999993 -0.00483121 0.346069 -0.0504092
FixedParameters: 0 0 0

#Transform 142
Transform: AffineTransform_float_3_3
Parameters: 0.999998 -0.000905627 0.00144475 0.000910374 0.999995 -0.00302969 -0.00144225 0.00303031 0.999995 0.0136242 0.315625 -0.0654111
FixedParameters: 0 0 0

#Transform 143
Transform: AffineTransform_float_3_3
Parameters: 0.999997 -0.000867095 0.00201255 0.000872907 0.999996 -0.00293525 -0.00201044 0.00293675 0.999993 -0.0049796 0.350732 -0.0546193
FixedParameters: 0 0 0

#Transform 144
Transform: AffineTransform_float_3_3
Parameters: 0.999998 -0.00087536 0.00166598 0.000880642 0.999994 -0.00338854 -0.00166303 0.00338946 0.999993 0.0117781 0.315207 -0.0618409
FixedParameters: 0 0 0

#Transform 145
Transform: AffineTransform_float_3_3
Parameters: 0.999999 -0.000871372 0.00155061 0.000876632 0.999995 -0.00298765 -0.00154839 0.00298836 0.999995 -0.000194306 0.328397 -0.048845
FixedParameters: 0 0 0

#Transform 146
Transform: AffineTransform_float_3_3
Parameters: 0.999998 -0.000903753 0.00167085 0.000909248 0.999994 -0.00314248 -0.00166815 0.00314351 0.999993 -0.0046879 0.352345 -0.0274768
FixedParameters: 0 0 0

#Transform 147
Transform: AffineTransform_float_3_3
Parameters: 0.999998 -0.000818969 0.00147624 0.000823034 0.999996 -0.00273279 -0.00147476 0.00273321 0.999995 0.00349269 0.291111 -0.0357398
FixedParameters: 0 0 0

#Transform 148
Transform: AffineTransform_float_3_3
Parameters: 0.999998 -0.000660908 0.00156915 0.000666092 0.999995 -0.00324696 -0.00156685 0.00324804 0.999994 0.00555329 0.359168 -0.00340442
FixedParameters: 0 0 0

#Transform 149
Transform: AffineTransform_float_3_3
Parameters: 0.999998 -0.000897279 0.00164558 0.000901719 0.999995 -0.00287052 -0.00164242 0.00287148 0.999994 -0.00377969 0.354583 -0.0401846
FixedParameters: 0 0 0

#Transform 150
Transform: AffineTransform_float_3_3
Parameters: 0.999998 -0.000686282 0.00183215 0.000691717 0.999995 -0.00312174 -0.00182985 0.00312326 0.999994 -0.00961897 0.361113 -0.0749364
FixedParameters: 0 0 0

#Transform 151
Transform: AffineTransform_float_3_3
Parameters: 0.999999 -0.00064524 0.00142471 0.000648758 0.999997 -0.00264008 -0.00142229 0.00264092 0.999995 0.0102313 0.289726 -0.0770299
FixedParameters: 0 0 0

#Transform 152
Transform: AffineTransform_float_3_3
Parameters: 0.999999 -0.000324273 0.00183003 0.000330726 0.999995 -0.0031294 -0.00182897 0.0031306 0.999994 0.0080767 0.320393 -0.0102857
FixedParameters: 0 0 0

#Transform 153
Transform: AffineTransform_float_3_3
Parameters: 0.999999 -0.000472346 0.00176325 0.000477654 0.999997 -0.00264016 -0.00176175 0.00264084 0.999995 0.00547945 0.339005 -0.0613706
FixedParameters: 0 0 0

#Transform 154
Transform: AffineTransform_float_3_3
Parameters: 0.999999 -0.00044762 0.00176337 0.00045338 0.999995 -0.00305221 -0.00176162 0.00305279 0.999994 -0.00532727 0.323327 -0.0288029
FixedParameters: 0 0 0

#Transform 155
Transform: AffineTransform_float_3_3
Parameters: 0.999999 -0.000533154 0.00176347 0.000537848 0.999996 -0.00274906 -0.00176253 0.00274994 0.999994 0.00167598 0.329328 -0.0295532
FixedParameters: 0 0 0

#Transform 156
Transform: AffineTransform_float_3_3
Parameters: 0.999998 -0.000527206 0.00167551 0.000531792 0.999996 -0.00286211 -0.00167348 0.00286288 0.999994 0.00641309 0.297864 -0.0437578
FixedParameters: 0 0 0

#Transform 157
Transform: AffineTransform_float_3_3
Parameters: 0.999999 -0.00054437 0.00176375 0.000549631 0.999995 -0.00319304 -0.00176225 0.00319397 0.999994 0.00331952 0.337936 -0.0320704
FixedParameters: 0 0 0

#Transform 158
Transform: AffineTransform_float_3_3
Parameters: 0.999999 -0.000264414 0.00176269 0.000269586 0.999996 -0.00260153 -0.00176231 0.00260247 0.999995 -0.00451643 0.269931 -0.0529483
FixedParameters: 0 0 0

#Transform 159
Transform: AffineTransform_float_3_3
Parameters: 0.999998 -0.000311015 0.00196896 0.000316986 0.999996 -0.00304038 -0.00196805 0.00304062 0.999994 -0.011753 0.330391 -0.0124202
FixedParameters: 0 0 0
