# transform file /out/sourcedata/freesurfer/sub-v2s1x29868_ses-1/mri/transforms/cc_up.lta
# created by oesteban on Wed Mar 11 20:06:55 2026

type      = 0 # LINEAR_VOX_TO_VOX
nxforms   = 1
mean      = 130.0000 131.0000 130.0000
sigma     = 10000.0000
1 4 4
9.992393255233765e-01 3.621978312730789e-02 1.446071080863476e-02 -6.593911170959473e+00 
-3.621599078178406e-02 9.993439316749573e-01 -5.241075996309519e-04 7.832344532012939e+00 
-1.447020564228296e-02 0.000000000000000e+00 9.998953938484192e-01 1.088553619384766e+01 
0.000000000000000e+00 0.000000000000000e+00 0.000000000000000e+00 1.000000000000000e+00 
src volume info
valid = 1  # volume info valid
filename = /out/sourcedata/freesurfer/sub-v2s1x29868_ses-1/mri/norm.mgz
volume = 256 256 256
voxelsize = 8.999999761581421e-01 8.999999761581421e-01 8.999999761581421e-01
xras   = -9.999999403953552e-01 0.000000000000000e+00 0.000000000000000e+00
yras   = 0.000000000000000e+00 0.000000000000000e+00 -1.000000000000000e+00
zras   = 0.000000000000000e+00 1.000000000000000e+00 0.000000000000000e+00
cras   = 1.080284118652344e+00 1.812296295166016e+01 3.188790893554688e+01
dst volume info
valid = 1  # volume info valid
filename = /out/sourcedata/freesurfer/sub-v2s1x29868_ses-1/mri/norm.mgz
volume = 256 256 256
voxelsize = 8.999999761581421e-01 8.999999761581421e-01 8.999999761581421e-01
xras   = -9.999999403953552e-01 0.000000000000000e+00 0.000000000000000e+00
yras   = 0.000000000000000e+00 0.000000000000000e+00 -1.000000000000000e+00
zras   = 0.000000000000000e+00 1.000000000000000e+00 0.000000000000000e+00
cras   = 1.080284118652344e+00 1.812296295166016e+01 3.188790893554688e+01
