# transform file /out/sourcedata/freesurfer/sub-v2s1x29914_ses-1/mri/transforms/cc_up.lta
# created by oesteban on Thu Mar 12 22:07:16 2026

type      = 0 # LINEAR_VOX_TO_VOX
nxforms   = 1
mean      = 126.0000 128.0000 127.0000
sigma     = 10000.0000
1 4 4
9.870076179504395e-01 7.779791951179504e-02 -1.405826061964035e-01 9.708708763122559e+00 
-7.702057808637619e-02 9.969691634178162e-01 1.097028329968452e-02 2.296226692199707e+01 
1.410099864006042e-01 9.313225746154785e-10 9.900082349777222e-01 -1.807756996154785e+01 
0.000000000000000e+00 0.000000000000000e+00 0.000000000000000e+00 1.000000000000000e+00 
src volume info
valid = 1  # volume info valid
filename = /out/sourcedata/freesurfer/sub-v2s1x29914_ses-1/mri/norm.mgz
volume = 256 256 256
voxelsize = 8.999999761581421e-01 8.999999761581421e-01 8.999999761581421e-01
xras   = -9.999999403953552e-01 0.000000000000000e+00 0.000000000000000e+00
yras   = 0.000000000000000e+00 0.000000000000000e+00 -1.000000000000000e+00
zras   = 0.000000000000000e+00 1.000000000000000e+00 0.000000000000000e+00
cras   = 3.736709594726562e+00 1.945198822021484e+01 4.450587463378906e+01
dst volume info
valid = 1  # volume info valid
filename = /out/sourcedata/freesurfer/sub-v2s1x29914_ses-1/mri/norm.mgz
volume = 256 256 256
voxelsize = 8.999999761581421e-01 8.999999761581421e-01 8.999999761581421e-01
xras   = -9.999999403953552e-01 0.000000000000000e+00 0.000000000000000e+00
yras   = 0.000000000000000e+00 0.000000000000000e+00 -1.000000000000000e+00
zras   = 0.000000000000000e+00 1.000000000000000e+00 0.000000000000000e+00
cras   = 3.736709594726562e+00 1.945198822021484e+01 4.450587463378906e+01
