#Insight Transform File V1.0
#Transform 0
Transform: AffineTransform_float_3_3
Parameters: 1 9.325e-08 0.00025 9.325e-08 1 -0.000373 -0.00025 0.000373 1 -0.00225556 -0.0179537 -0.238067
FixedParameters: 0 0 0

#Transform 1
Transform: AffineTransform_float_3_3
Parameters: 0.999999 0.001326 6.55044e-07 -0.001326 0.999999 0.000494 -3.44955e-07 -0.000494001 1 0.010463 0.0881513 -0.0389636
FixedParameters: 0 0 0

#Transform 2
Transform: AffineTransform_float_3_3
Parameters: 1 0.000912319 0.000409293 -0.000911683 1 -0.000775373 -0.000409707 0.000775627 0.999999 0.0184408 0.101921 -0.0844192
FixedParameters: 0 0 0

#Transform 3
Transform: AffineTransform_float_3_3
Parameters: 1 0.000477197 0.000395762 -0.000477803 1 -0.000498189 -0.000395238 0.000497811 1 0.00422036 0.111506 -0.120347
FixedParameters: 0 0 0

#Transform 4
Transform: AffineTransform_float_3_3
Parameters: 0.999999 0.000504298 0.000669775 -0.000504701 1 -0.000446338 -0.000670225 0.000445662 0.999999 -0.00528065 0.111103 -0.124935
FixedParameters: 0 0 0

#Transform 5
Transform: AffineTransform_float_3_3
Parameters: 1 0.000901965 0.000670048 -0.000901035 0.999999 5.23963e-05 -0.000669953 -5.26043e-05 1 -0.00164385 0.107506 -0.201807
FixedParameters: 0 0 0

#Transform 6
Transform: AffineTransform_float_3_3
Parameters: 0.999999 0.00070085 0.000544192 -0.000701149 0.999999 0.000274618 -0.000544807 -0.000275382 1 -0.00125771 0.0736033 -0.18044
FixedParameters: 0 0 0

#Transform 7
Transform: AffineTransform_float_3_3
Parameters: 1 0.000953318 0.000670971 -0.000953683 0.999999 0.00101736 -0.000670031 -0.00101764 1 0.00164336 0.0814132 -0.122795
FixedParameters: 0 0 0

#Transform 8
Transform: AffineTransform_float_3_3
Parameters: 0.999999 0.000724888 0.00067012 -0.000725111 0.999999 0.000166514 -0.000669879 -0.000166486 1 0.00363891 0.0702733 -0.19813
FixedParameters: 0 0 0

#Transform 9
Transform: AffineTransform_float_3_3
Parameters: 0.999999 0.000535768 0.000840147 -0.000536231 1 0.000275549 -0.000839851 -0.00027645 0.999999 0.00274116 0.07092 -0.205689
FixedParameters: 0 0 0

#Transform 10
Transform: AffineTransform_float_3_3
Parameters: 0.999999 0.000535907 0.00082206 -0.000536092 1 0.000112559 -0.000821939 -0.00011344 0.999999 0.00437168 0.0723501 -0.197689
FixedParameters: 0 0 0

#Transform 11
Transform: AffineTransform_float_3_3
Parameters: 0.999999 0.000535924 0.000607067 -0.000536076 1 0.000124675 -0.000606933 -0.000124325 1 -0.0076604 0.0527621 -0.193539
FixedParameters: 0 0 0

#Transform 12
Transform: AffineTransform_float_3_3
Parameters: 0.999999 0.000536091 0.000735933 -0.000535908 1 -0.000124394 -0.000736066 0.000123605 0.999999 -0.0143452 0.070215 -0.124123
FixedParameters: 0 0 0

#Transform 13
Transform: AffineTransform_float_3_3
Parameters: 0.999999 0.000536104 0.000816931 -0.000535895 1 -0.000128438 -0.000817068 0.000127562 0.999999 -0.00572708 0.0759103 -0.180777
FixedParameters: 0 0 0

#Transform 14
Transform: AffineTransform_float_3_3
Parameters: 0.999999 0.000535871 0.000704098 -0.000536128 1 0.000182623 -0.000703901 -0.000183377 0.999999 -0.0102976 0.0649603 -0.15727
FixedParameters: 0 0 0

#Transform 15
Transform: AffineTransform_float_3_3
Parameters: 1 0.000814681 0.000585446 -0.000814321 1 0.000546524 -0.000585555 -0.000547477 0.999999 -0.0108384 0.0494402 -0.198947
FixedParameters: 0 0 0

#Transform 16
Transform: AffineTransform_float_3_3
Parameters: 1 0.000832736 0.000891247 -0.000833264 0.999999 0.000296257 -0.000890753 -0.000296742 0.999999 -0.00378595 0.066202 -0.19765
FixedParameters: 0 0 0

#Transform 17
Transform: AffineTransform_float_3_3
Parameters: 1 0.000915928 0.000612109 -0.000916073 0.999999 0.000118439 -0.000611892 -0.00011856 1 -0.00176789 0.0600073 -0.202753
FixedParameters: 0 0 0

#Transform 18
Transform: AffineTransform_float_3_3
Parameters: 0.999999 0.00073977 0.000612277 -0.000740229 0.999999 0.000374547 -0.000612722 -0.000375453 0.999999 0.00132221 0.0487872 -0.201373
FixedParameters: 0 0 0

#Transform 19
Transform: AffineTransform_float_3_3
Parameters: 1 0.000849465 0.000664686 -0.000850536 1 0.000806436 -0.000663315 -0.000806565 1 -0.000857777 0.0471979 -0.196613
FixedParameters: 0 0 0

#Transform 20
Transform: AffineTransform_float_3_3
Parameters: 0.999999 0.000808506 0.000612652 -0.000809494 1 0.000806505 -0.000612348 -0.000806496 1 -0.00705881 0.0521457 -0.203416
FixedParameters: 0 0 0

#Transform 21
Transform: AffineTransform_float_3_3
Parameters: 0.999999 0.000831873 0.00016763 -0.000832127 1 0.000756861 -0.00016737 -0.00075714 0.999999 -0.00944853 0.0476271 -0.21198
FixedParameters: 0 0 0

#Transform 22
Transform: AffineTransform_float_3_3
Parameters: 1 0.000902692 0.000518538 -0.00090331 1 0.000595532 -0.000518462 -0.000595468 0.999999 -0.0111947 0.0493375 -0.1307
FixedParameters: 0 0 0

#Transform 23
Transform: AffineTransform_float_3_3
Parameters: 1 0.000939592 0.000448858 -0.000939409 0.999999 0.000912579 -0.000447144 -0.000912421 1 -0.00792631 0.0323277 -0.131666
FixedParameters: 0 0 0

#Transform 24
Transform: AffineTransform_float_3_3
Parameters: 1 0.000939591 0.000431891 -0.00093941 0.999999 0.000947595 -0.00043111 -0.000948406 1 -0.0112059 0.02522 -0.1533
FixedParameters: 0 0 0

#Transform 25
Transform: AffineTransform_float_3_3
Parameters: 1 0.000939383 0.000612948 -0.000939618 0.999999 0.00100843 -0.000612053 -0.00100858 1 -0.0200095 0.0510444 -0.107687
FixedParameters: 0 0 0

#Transform 26
Transform: AffineTransform_float_3_3
Parameters: 1 0.00093918 0.000664161 -0.00093982 0.999999 0.00123538 -0.000662839 -0.00123662 0.999999 -0.0191922 0.0402819 -0.128171
FixedParameters: 0 0 0

#Transform 27
Transform: AffineTransform_float_3_3
Parameters: 1 0.000939243 0.000613161 -0.000939757 0.999999 0.00123542 -0.000611839 -0.00123658 0.999999 -0.0217641 0.0801287 -0.115695
FixedParameters: 0 0 0

#Transform 28
Transform: AffineTransform_float_3_3
Parameters: 1 0.000939777 0.000612342 -0.000939223 0.999999 0.000363425 -0.000612659 -0.000363576 0.999999 -0.0220671 0.0681464 -0.131682
FixedParameters: 0 0 0

#Transform 29
Transform: AffineTransform_float_3_3
Parameters: 1 0.000939359 0.000612985 -0.000939642 0.999999 0.00104742 -0.000612017 -0.00104758 1 -0.0131881 0.0620248 -0.133662
FixedParameters: 0 0 0

#Transform 30
Transform: AffineTransform_float_3_3
Parameters: 1 0.000939448 0.000483075 -0.000939552 0.999999 0.00114355 -0.000481926 -0.00114445 0.999999 -0.0201711 0.061098 -0.173226
FixedParameters: 0 0 0

#Transform 31
Transform: AffineTransform_float_3_3
Parameters: 1 0.000939299 0.000613076 -0.000939701 0.999999 0.00114442 -0.000611925 -0.00114458 0.999999 -0.0148771 0.0418953 -0.190934
FixedParameters: 0 0 0

#Transform 32
Transform: AffineTransform_float_3_3
Parameters: 0.999999 0.00119548 0.000545137 -0.00119552 0.999999 0.000950349 -0.000543864 -0.000950651 1 -0.00270555 0.0267447 -0.21187
FixedParameters: 0 0 0

#Transform 33
Transform: AffineTransform_float_3_3
Parameters: 0.999999 0.00119355 0.000558972 -0.00119345 0.999999 0.000813334 -0.00055803 -0.000813667 1 -0.00284668 0.0345113 -0.196683
FixedParameters: 0 0 0

#Transform 34
Transform: AffineTransform_float_3_3
Parameters: 1 0.000997367 0.000613033 -0.000997634 0.999999 0.00103439 -0.000611969 -0.00103461 1 -0.00388855 0.0397652 -0.199356
FixedParameters: 0 0 0

#Transform 35
Transform: AffineTransform_float_3_3
Parameters: 0.999999 0.00119331 0.0005505 -0.00119369 0.999998 0.00125634 -0.0005485 -0.00125766 0.999999 0.00257154 0.0189418 -0.201607
FixedParameters: 0 0 0

#Transform 36
Transform: AffineTransform_float_3_3
Parameters: 0.999999 0.00119327 0.000613423 -0.00119373 0.999998 0.00119127 -0.000612577 -0.00119273 0.999999 -0.00606459 0.0436569 -0.184895
FixedParameters: 0 0 0

#Transform 37
Transform: AffineTransform_float_3_3
Parameters: 0.999999 0.00119355 0.00061287 -0.00119345 0.999999 0.000728269 -0.000612129 -0.000729731 0.999999 -0.0141274 0.0405619 -0.158874
FixedParameters: 0 0 0

#Transform 38
Transform: AffineTransform_float_3_3
Parameters: 0.999999 0.000784449 0.000612705 -0.00078555 1 0.00089852 -0.000612294 -0.000899481 1 -0.00685891 0.0448611 -0.14941
FixedParameters: 0 0 0

#Transform 39
Transform: AffineTransform_float_3_3
Parameters: 0.999999 0.000784745 0.000612325 -0.000785253 0.999999 0.000414519 -0.000612674 -0.000415481 0.999999 -0.00937516 0.0406888 -0.144467
FixedParameters: 0 0 0

#Transform 40
Transform: AffineTransform_float_3_3
Parameters: 0.999999 0.000784705 0.000612377 -0.000785294 0.999999 0.000480519 -0.000612622 -0.000480481 0.999999 -0.0115435 0.0487391 -0.18151
FixedParameters: 0 0 0

#Transform 41
Transform: AffineTransform_float_3_3
Parameters: 0.999999 0.00130575 0.000612532 -0.00130625 0.999999 0.0004072 -0.000612468 -0.0004078 0.999999 -0.0109606 0.0422967 -0.16959
FixedParameters: 0 0 0

#Transform 42
Transform: AffineTransform_float_3_3
Parameters: 1 0.00105797 0.000442062 -0.00105803 0.999999 5.85323e-05 -0.000441937 -5.94676e-05 1 -0.0103405 0.052368 -0.156959
FixedParameters: 0 0 0

#Transform 43
Transform: AffineTransform_float_3_3
Parameters: 0.999999 0.00109562 0.000612686 -0.00109638 0.999999 0.000625329 -0.000612314 -0.000625671 0.999999 0.000851039 0.0523115 -0.149355
FixedParameters: 0 0 0

#Transform 44
Transform: AffineTransform_float_3_3
Parameters: 0.999999 0.00116455 0.000612856 -0.00116545 0.999999 0.000734287 -0.000612144 -0.000735714 1 0.00103105 0.0571967 -0.163149
FixedParameters: 0 0 0

#Transform 45
Transform: AffineTransform_float_3_3
Parameters: 0.999999 0.00109544 0.000613007 -0.00109656 0.999999 0.000918329 -0.000611994 -0.000918671 1 -0.0105841 0.0623804 -0.177448
FixedParameters: 0 0 0

#Transform 46
Transform: AffineTransform_float_3_3
Parameters: 0.999999 0.00106347 0.000612914 -0.00106353 0.999999 0.000858349 -0.000612087 -0.000859652 1 -0.00838147 0.0558108 -0.164019
FixedParameters: 0 0 0

#Transform 47
Transform: AffineTransform_float_3_3
Parameters: 1 0.000929525 0.000612722 -0.000929476 1 0.000776431 -0.000612279 -0.000776569 0.999999 -0.00689535 0.0492996 -0.182376
FixedParameters: 0 0 0

#Transform 48
Transform: AffineTransform_float_3_3
Parameters: 1 0.000929761 0.000465479 -0.000930241 1 0.000514567 -0.000465521 -0.000515433 1 -0.0188361 0.0491787 -0.225629
FixedParameters: 0 0 0

#Transform 49
Transform: AffineTransform_float_3_3
Parameters: 1 0.000929435 0.000453162 -0.000929566 0.999999 0.00124958 -0.000451839 -0.00124942 0.999999 -0.0180644 0.0784355 -0.215492
FixedParameters: 0 0 0

#Transform 50
Transform: AffineTransform_float_3_3
Parameters: 1 0.000929476 0.000553881 -0.000929525 0.999999 0.000946486 -0.00055312 -0.000947515 1 -0.0346614 0.0810856 -0.192004
FixedParameters: 0 0 0

#Transform 51
Transform: AffineTransform_float_3_3
Parameters: 0.999999 0.000929577 0.000362086 -0.000929422 0.999999 0.00116766 -0.000360915 -0.00116734 1 -0.0163513 0.0791869 -0.197984
FixedParameters: 0 0 0

#Transform 52
Transform: AffineTransform_float_3_3
Parameters: 1 0.000929345 0.000612994 -0.000929655 0.999999 0.00106843 -0.000612007 -0.00106957 0.999999 -0.0156228 0.0799462 -0.209984
FixedParameters: 0 0 0

#Transform 53
Transform: AffineTransform_float_3_3
Parameters: 1 0.000929097 0.00061337 -0.000929904 0.999998 0.00147343 -0.000612631 -0.00147357 0.999998 -0.0130051 0.0764236 -0.205183
FixedParameters: 0 0 0

#Transform 54
Transform: AffineTransform_float_3_3
Parameters: 1 0.000929324 0.000613027 -0.000929677 0.999999 0.00110443 -0.000611974 -0.00110457 0.999999 -0.00963823 0.0580509 -0.193838
FixedParameters: 0 0 0

#Transform 55
Transform: AffineTransform_float_3_3
Parameters: 1 0.000929242 0.000613152 -0.000929759 0.999999 0.00123843 -0.000611849 -0.00123857 0.999999 0.000341607 0.067028 -0.183253
FixedParameters: 0 0 0

#Transform 56
Transform: AffineTransform_float_3_3
Parameters: 1 0.000929405 0.000612905 -0.000929596 0.999999 0.000972431 -0.000612097 -0.00097257 1 -0.0046172 0.0538859 -0.20217
FixedParameters: 0 0 0

#Transform 57
Transform: AffineTransform_float_3_3
Parameters: 1 0.000929039 0.00061346 -0.000929964 0.999999 0.00157043 -0.00061254 -0.00157057 0.999998 -0.00687331 0.0823362 -0.163877
FixedParameters: 0 0 0

#Transform 58
Transform: AffineTransform_float_3_3
Parameters: 1 0.000928663 0.000614029 -0.000930339 0.999997 0.00218243 -0.000611972 -0.00218257 0.999998 0.000340201 0.0769376 -0.192438
FixedParameters: 0 0 0

#Transform 59
Transform: AffineTransform_float_3_3
Parameters: 0.999999 0.000390993 0.00123963 -0.000393007 0.999998 0.00161851 -0.00123937 -0.00161949 0.999998 0.00672805 0.0741751 -0.257117
FixedParameters: 0 0 0

#Transform 60
Transform: AffineTransform_float_3_3
Parameters: 1 0.000316025 0.000612503 -0.000316975 0.999998 0.00159181 -0.000612496 -0.00159219 0.999998 0.0183665 0.0957686 -0.258231
FixedParameters: 0 0 0

#Transform 61
Transform: AffineTransform_float_3_3
Parameters: 0.999999 -0.000177754 0.00133564 0.000175245 0.999998 0.00206224 -0.00133636 -0.00206176 0.999997 0.00198064 0.0820947 -0.223749
FixedParameters: 0 0 0

#Transform 62
Transform: AffineTransform_float_3_3
Parameters: 0.999999 0.000271082 0.00130919 -0.000271917 0.999999 0.000700644 -0.00130881 -0.000701355 0.999999 -0.00207228 0.10494 -0.204939
FixedParameters: 0 0 0

#Transform 63
Transform: AffineTransform_float_3_3
Parameters: 0.999999 0.000290688 0.00135528 -0.000292312 0.999999 0.000967604 -0.00135572 -0.000968394 0.999998 0.011835 0.100218 -0.20572
FixedParameters: 0 0 0

#Transform 64
Transform: AffineTransform_float_3_3
Parameters: 0.999999 0.000596438 0.00124727 -0.000597561 0.999999 0.000449255 -0.00124773 -0.000450745 0.999999 0.013729 0.0842595 -0.2072
FixedParameters: 0 0 0

#Transform 65
Transform: AffineTransform_float_3_3
Parameters: 0.999999 0.000339316 0.00172714 -0.000339685 1 0.000396414 -0.00172687 -0.000396587 0.999999 -0.000433143 0.112925 -0.171621
FixedParameters: 0 0 0

#Transform 66
Transform: AffineTransform_float_3_3
Parameters: 0.999998 0.000759246 0.00147087 -0.000758753 0.999999 -0.000168116 -0.00147113 0.000166883 0.999999 -0.00390122 0.0927598 -0.228456
FixedParameters: 0 0 0

#Transform 67
Transform: AffineTransform_float_3_3
Parameters: 0.999998 0.000513786 0.00158807 -0.000514213 1 0.000134184 -0.00158793 -0.000134816 0.999998 -0.00430706 0.0896481 -0.219868
FixedParameters: 0 0 0

#Transform 68
Transform: AffineTransform_float_3_3
Parameters: 0.999999 0.000722371 0.00137133 -0.000723628 0.999999 0.000458008 -0.00137067 -0.00045899 0.999999 0.0105982 0.114527 -0.212751
FixedParameters: 0 0 0

#Transform 69
Transform: AffineTransform_float_3_3
Parameters: 0.999998 0.000182338 0.00172718 -0.000183663 0.999999 0.000962684 -0.00172682 -0.000962316 0.999998 0.00818032 0.0920609 -0.220953
FixedParameters: 0 0 0

#Transform 70
Transform: AffineTransform_float_3_3
Parameters: 0.999998 6.62952e-05 0.00172703 -6.77045e-05 1 0.000407884 -0.00172697 -0.000408115 0.999999 0.0079238 0.0793142 -0.175421
FixedParameters: 0 0 0

#Transform 71
Transform: AffineTransform_float_3_3
Parameters: 0.999999 0.00018463 0.00172693 -0.000184369 1 -0.000365319 -0.00172707 0.000364682 0.999999 0.00832671 0.0835338 -0.199675
FixedParameters: 0 0 0

#Transform 72
Transform: AffineTransform_float_3_3
Parameters: 0.999999 0.000240132 0.00135015 -0.000240868 1 0.000642675 -0.00134985 -0.000643325 0.999999 0.0333978 0.106438 -0.226688
FixedParameters: 0 0 0

#Transform 73
Transform: AffineTransform_float_3_3
Parameters: 0.999998 0.000182471 0.00197714 -0.000184528 0.999999 0.000772636 -0.00197686 -0.000773362 0.999997 0.0277316 0.088828 -0.242742
FixedParameters: 0 0 0

#Transform 74
Transform: AffineTransform_float_3_3
Parameters: 0.999998 0.000107264 0.00172698 -0.000106736 1 -0.000153184 -0.00172701 0.000152815 0.999998 0.0132135 0.1057 -0.195287
FixedParameters: 0 0 0

#Transform 75
Transform: AffineTransform_float_3_3
Parameters: 0.999998 -0.000299964 0.00199931 0.000302036 1 -0.0010184 -0.00199869 0.0010186 0.999998 0.00514657 0.099689 -0.234256
FixedParameters: 0 0 0

#Transform 76
Transform: AffineTransform_float_3_3
Parameters: 0.999997 9.51278e-05 0.00218195 -9.38716e-05 1 -0.000517206 -0.00218205 0.000516794 0.999998 0.00604247 0.110613 -0.23545
FixedParameters: 0 0 0

#Transform 77
Transform: AffineTransform_float_3_3
Parameters: 0.999999 0.000366742 0.00182485 -0.000366259 1 -0.000406669 -0.00182415 0.000406332 0.999999 0.0122478 0.12102 -0.236352
FixedParameters: 0 0 0

#Transform 78
Transform: AffineTransform_float_3_3
Parameters: 0.999999 0.000367268 0.00183375 -0.000365732 0.999999 -0.000691672 -0.00183425 0.000691327 0.999998 0.00349692 0.123604 -0.23305
FixedParameters: 0 0 0

#Transform 79
Transform: AffineTransform_float_3_3
Parameters: 0.999998 0.000367222 0.00159372 -0.000365778 0.999999 -0.000766584 -0.00159428 0.000766416 0.999999 0.0141886 0.12426 -0.235767
FixedParameters: 0 0 0

#Transform 80
Transform: AffineTransform_float_3_3
Parameters: 0.999998 0.000367792 0.00174062 -0.000366208 1 -0.00102964 -0.00174138 0.00102936 0.999998 0.012916 0.126507 -0.196736
FixedParameters: 0 0 0

#Transform 81
Transform: AffineTransform_float_3_3
Parameters: 0.999999 0.000366967 0.00150976 -0.000366034 0.999999 -0.000640553 -0.00150923 0.000640447 0.999998 0.0150082 0.123167 -0.221384
FixedParameters: 0 0 0

#Transform 82
Transform: AffineTransform_float_3_3
Parameters: 0.999999 0.000366566 0.00123683 -0.000365434 1 -0.000457452 -0.00123717 0.000457547 0.999999 0.0173734 0.104598 -0.224239
FixedParameters: 0 0 0

#Transform 83
Transform: AffineTransform_float_3_3
Parameters: 0.999999 0.000366764 0.0014158 -0.000366235 1 -0.000540519 -0.0014162 0.000539481 0.999999 0.0157975 0.11806 -0.231484
FixedParameters: 0 0 0

#Transform 84
Transform: AffineTransform_float_3_3
Parameters: 0.999999 0.000367517 0.00176869 -0.000365484 0.999999 -0.000857648 -0.00176831 0.000857351 0.999998 0.0127743 0.121786 -0.217708
FixedParameters: 0 0 0

#Transform 85
Transform: AffineTransform_float_3_3
Parameters: 0.999999 0.000367419 0.00152766 -0.000365581 0.999999 -0.00092856 -0.00152834 0.00092844 0.999999 0.0147517 0.118205 -0.235945
FixedParameters: 0 0 0

#Transform 86
Transform: AffineTransform_float_3_3
Parameters: 0.999999 0.00036714 0.00176876 -0.000365861 0.999999 -0.000644648 -0.00176824 0.000644352 0.999998 0.0127223 0.106189 -0.250101
FixedParameters: 0 0 0

#Transform 87
Transform: AffineTransform_float_3_3
Parameters: 0.999999 0.000744892 0.00123346 -0.000744107 1 -0.000723919 -0.00123454 0.000722081 0.999999 0.0185086 0.107435 -0.229264
FixedParameters: 0 0 0

#Transform 88
Transform: AffineTransform_float_3_3
Parameters: 0.999999 0.000878899 0.00118033 -0.000878101 1 -0.000762038 -0.00118067 0.000760963 0.999999 0.0142246 0.10808 -0.247359
FixedParameters: 0 0 0

#Transform 89
Transform: AffineTransform_float_3_3
Parameters: 0.999999 0.00106169 0.00116337 -0.00106131 1 -0.000595236 -0.00116363 0.000594766 0.999999 0.0201089 0.11128 -0.229768
FixedParameters: 0 0 0

#Transform 90
Transform: AffineTransform_float_3_3
Parameters: 0.999999 0.000825668 0.000992445 -0.000825332 1 -0.00067382 -0.000993556 0.000672181 1 0.0208828 0.107131 -0.220775
FixedParameters: 0 0 0

#Transform 91
Transform: AffineTransform_float_3_3
Parameters: 0.999999 0.000825686 0.000939398 -0.000825315 1 -0.000729776 -0.000940603 0.000729224 1 0.0213715 0.107661 -0.221375
FixedParameters: 0 0 0

#Transform 92
Transform: AffineTransform_float_3_3
Parameters: 0.999999 0.000825788 0.00105338 -0.000825212 1 -0.00074787 -0.00105462 0.00074713 0.999999 0.0203507 0.107822 -0.208057
FixedParameters: 0 0 0

#Transform 93
Transform: AffineTransform_float_3_3
Parameters: 0.999999 0.000825697 0.00125654 -0.000825303 1 -0.000555038 -0.00125746 0.000553963 0.999999 0.0185838 0.119624 -0.196629
FixedParameters: 0 0 0

#Transform 94
Transform: AffineTransform_float_3_3
Parameters: 0.999999 0.000262953 0.00125701 -0.000263046 1 3.66694e-05 -0.00125699 -3.73306e-05 0.999999 0.0169557 0.0999902 -0.208187
FixedParameters: 0 0 0

#Transform 95
Transform: AffineTransform_float_3_3
Parameters: 0.999999 0.000262544 0.0012571 -0.000263457 1 0.000363669 -0.0012569 -0.00036333 0.999999 0.000252108 0.111249 -0.212585
FixedParameters: 0 0 0

#Transform 96
Transform: AffineTransform_float_3_3
Parameters: 0.999998 0.000263023 0.001573 -0.000262978 1 -1.44137e-05 -0.001573 1.45863e-05 0.999999 0.0124702 0.113971 -0.214066
FixedParameters: 0 0 0

#Transform 97
Transform: AffineTransform_float_3_3
Parameters: 0.999999 0.000263001 0.00177 -0.000262998 1 -1.46551e-06 -0.00177 5.34488e-07 0.999999 0.00567211 0.118979 -0.21775
FixedParameters: 0 0 0

#Transform 98
Transform: AffineTransform_float_3_3
Parameters: 0.999999 0.000263596 0.00176991 -0.000263403 1 -0.000337467 -0.00177009 0.000336534 0.999999 0.00355924 0.133408 -0.198914
FixedParameters: 0 0 0

#Transform 99
Transform: AffineTransform_float_3_3
Parameters: 0.999999 0.000264214 0.00176982 -0.000262785 0.999999 -0.000686466 -0.00177018 0.000685533 0.999998 -0.00615209 0.130455 -0.194698
FixedParameters: 0 0 0

#Transform 100
Transform: AffineTransform_float_3_3
Parameters: 0.999998 0.000264113 0.00163682 -0.000262886 0.999999 -0.000680431 -0.00163718 0.000679569 0.999999 0.0057299 0.129734 -0.183081
FixedParameters: 0 0 0

#Transform 101
Transform: AffineTransform_float_3_3
Parameters: 0.999999 0.000264116 0.00176983 -0.000262883 1 -0.000631466 -0.00177017 0.000630533 0.999998 0.0108314 0.105962 -0.207765
FixedParameters: 0 0 0

#Transform 102
Transform: AffineTransform_float_3_3
Parameters: 0.999999 0.000263497 0.00176993 -0.000263502 1 -0.000281467 -0.00177008 0.000280534 0.999999 0.00426923 0.102763 -0.18194
FixedParameters: 0 0 0

#Transform 103
Transform: AffineTransform_float_3_3
Parameters: 0.999999 0.000263115 0.00143498 -0.000262885 1 -8.03773e-05 -0.00143502 7.96225e-05 0.999999 0.022838 0.107031 -0.124134
FixedParameters: 0 0 0

#Transform 104
Transform: AffineTransform_float_3_3
Parameters: 0.999999 0.00023012 0.00176986 -0.000228879 1 -0.000633406 -0.00177015 0.000632594 0.999998 0.0106078 0.110012 -0.0612762
FixedParameters: 0 0 0

#Transform 105
Transform: AffineTransform_float_3_3
Parameters: 0.999999 0.000335237 0.00176958 -0.000332765 0.999999 -0.00126359 -0.00176942 0.00126341 0.999997 0.0104017 0.133257 -0.132123
FixedParameters: 0 0 0

#Transform 106
Transform: AffineTransform_float_3_3
Parameters: 0.999998 0.000335218 0.0018456 -0.000332782 0.999999 -0.00120162 -0.0018464 0.00120138 0.999997 0.0066584 0.138193 -0.160723
FixedParameters: 0 0 0

#Transform 107
Transform: AffineTransform_float_3_3
Parameters: 0.999998 5.49178e-05 0.00173094 -5.30819e-05 1 -0.00110809 -0.00173106 0.00110791 0.999998 0.00773572 0.135996 -0.166681
FixedParameters: 0 0 0

#Transform 108
Transform: AffineTransform_float_3_3
Parameters: 0.999999 0.000335022 0.00175362 -0.000332979 1 -0.00115259 -0.00175439 0.00115241 0.999998 0.0126075 0.122166 -0.185445
FixedParameters: 0 0 0

#Transform 109
Transform: AffineTransform_float_3_3
Parameters: 0.999999 0.00033357 0.00140586 -0.000332429 1 -0.000406468 -0.00140613 0.000405531 0.999999 0.0125518 0.104188 -0.192472
FixedParameters: 0 0 0

#Transform 110
Transform: AffineTransform_float_3_3
Parameters: 0.999999 0.000333476 0.00135288 -0.000332523 1 -0.00035245 -0.00135312 0.000351549 0.999999 -0.00324873 0.1037 -0.161184
FixedParameters: 0 0 0

#Transform 111
Transform: AffineTransform_float_3_3
Parameters: 0.999999 0.000334321 0.0014687 -0.000332677 0.999999 -0.000900489 -0.0014693 0.000899509 0.999998 0.00462411 0.0897413 -0.167676
FixedParameters: 0 0 0

#Transform 112
Transform: AffineTransform_float_3_3
Parameters: 0.999998 0.000334399 0.00159271 -0.0003326 0.999999 -0.000879531 -0.00159229 0.000878469 0.999999 0.00111486 0.101946 -0.186384
FixedParameters: 0 0 0

#Transform 113
Transform: AffineTransform_float_3_3
Parameters: 0.999999 0.000307449 0.00177675 -0.000306549 0.999999 -0.000816546 -0.00177725 0.000815455 0.999998 0.00169562 0.111775 -0.186297
FixedParameters: 0 0 0

#Transform 114
Transform: AffineTransform_float_3_3
Parameters: 0.999998 0.000349963 0.0016956 -0.000348037 1 -0.00115759 -0.0016964 0.00115741 0.999998 0.0130004 0.116584 -0.185506
FixedParameters: 0 0 0

#Transform 115
Transform: AffineTransform_float_3_3
Parameters: 0.999999 0.000478375 0.00177636 -0.000475625 0.999999 -0.00133685 -0.00177764 0.00133615 0.999997 0.0127343 0.113147 -0.202004
FixedParameters: 0 0 0

#Transform 116
Transform: AffineTransform_float_3_3
Parameters: 0.999999 0.000271499 0.00177677 -0.0002705 0.999999 -0.000844482 -0.00177723 0.000843519 0.999998 0.0122291 0.130782 -0.186237
FixedParameters: 0 0 0

#Transform 117
Transform: AffineTransform_float_3_3
Parameters: 0.999999 0.000271149 0.00177683 -0.000270852 1 -0.000646482 -0.00177718 0.000646519 0.999998 0.00661258 0.129046 -0.186813
FixedParameters: 0 0 0

#Transform 118
Transform: AffineTransform_float_3_3
Parameters: 0.999999 0.000271374 0.00149075 -0.000270626 0.999999 -0.000921404 -0.00149125 0.000921596 0.999999 0.00259613 0.12471 -0.186473
FixedParameters: 0 0 0

#Transform 119
Transform: AffineTransform_float_3_3
Parameters: 0.999999 0.000270871 0.00134583 -0.00027013 1 -0.000646364 -0.00134617 0.000646636 0.999999 0.016056 0.111929 -0.152208
FixedParameters: 0 0 0

#Transform 120
Transform: AffineTransform_float_3_3
Parameters: 0.999998 0.00027089 0.00177686 -0.000270111 1 -0.000500481 -0.00177713 0.000500519 0.999999 -0.0112604 0.122866 -0.161543
FixedParameters: 0 0 0

#Transform 121
Transform: AffineTransform_float_3_3
Parameters: 0.999999 0.000271967 0.0017767 -0.000270032 1 -0.00110748 -0.0017773 0.00110652 0.999998 0.00103386 0.124568 -0.155582
FixedParameters: 0 0 0

#Transform 122
Transform: AffineTransform_float_3_3
Parameters: 0.999998 0.000271484 0.00165076 -0.000270515 0.999999 -0.000899448 -0.00165124 0.000898553 0.999998 -0.00181479 0.123046 -0.165852
FixedParameters: 0 0 0

#Transform 123
Transform: AffineTransform_float_3_3
Parameters: 0.999998 0.000344904 0.0016376 -0.000343097 1 -0.00116256 -0.0016374 0.00116244 0.999998 -0.0138863 0.11656 -0.16505
FixedParameters: 0 0 0

#Transform 124
Transform: AffineTransform_float_3_3
Parameters: 0.999998 0.000271758 0.00170672 -0.000270241 1 -0.00103046 -0.00170728 0.00102954 0.999998 -0.00152646 0.115211 -0.165403
FixedParameters: 0 0 0

#Transform 125
Transform: AffineTransform_float_3_3
Parameters: 0.999998 0.000271669 0.00164172 -0.00027033 1 -0.00101745 -0.00164228 0.00101656 0.999998 0.00262784 0.121906 -0.15568
FixedParameters: 0 0 0

#Transform 126
Transform: AffineTransform_float_3_3
Parameters: 0.999998 0.000272128 0.00156363 -0.000270871 0.999999 -0.00136143 -0.00156437 0.00136058 0.999998 0.0151696 0.110951 -0.164714
FixedParameters: 0 0 0

#Transform 127
Transform: AffineTransform_float_3_3
Parameters: 0.999999 0.000271467 0.00178478 -0.000270532 0.999999 -0.000822484 -0.00178522 0.000821516 0.999998 0.0132887 0.109559 -0.165914
FixedParameters: 0 0 0

#Transform 128
Transform: AffineTransform_float_3_3
Parameters: 0.999999 0.000517803 0.00137232 -0.000515195 0.999999 -0.00131471 -0.00137368 0.00131329 0.999998 -0.00398852 0.118568 -0.16512
FixedParameters: 0 0 0

#Transform 129
Transform: AffineTransform_float_3_3
Parameters: 0.999999 0.000221116 0.00130264 -0.000218883 0.999998 -0.00162429 -0.00130336 0.00162371 0.999998 0.0083557 0.114086 -0.196624
FixedParameters: 0 0 0

#Transform 130
Transform: AffineTransform_float_3_3
Parameters: 0.999999 0.000241547 0.00120269 -0.000240454 0.999999 -0.00128629 -0.00120231 0.00128571 0.999999 0.0182977 0.101246 -0.174313
FixedParameters: 0 0 0

#Transform 131
Transform: AffineTransform_float_3_3
Parameters: 0.999999 0.000533765 0.00132829 -0.000532234 0.999999 -0.00132871 -0.00132971 0.00132829 0.999998 0.018046 0.106909 -0.141542
FixedParameters: 0 0 0

#Transform 132
Transform: AffineTransform_float_3_3
Parameters: 0.999999 0.000320526 0.00125261 -0.000319475 0.999999 -0.0012174 -0.00125339 0.0012176 0.999998 0.0134908 0.100792 -0.149568
FixedParameters: 0 0 0

#Transform 133
Transform: AffineTransform_float_3_3
Parameters: 0.999999 0.000239761 0.00125667 -0.00023824 0.999999 -0.0014003 -0.00125734 0.0014007 0.999998 0.0178221 0.0780508 -0.150054
FixedParameters: 0 0 0

#Transform 134
Transform: AffineTransform_float_3_3
Parameters: 0.999999 0.000320814 0.00126754 -0.000319185 0.999999 -0.00143141 -0.00126846 0.00143059 0.999998 0.0178767 0.0808776 -0.188942
FixedParameters: 0 0 0

#Transform 135
Transform: AffineTransform_float_3_3
Parameters: 0.999998 0.000390634 0.00187466 -0.000389366 0.999999 -0.000871731 -0.00187534 0.000871269 0.999998 0.00625613 0.101412 -0.146846
FixedParameters: 0 0 0

#Transform 136
Transform: AffineTransform_float_3_3
Parameters: 0.999998 -0.000153397 0.00189021 0.000156604 0.999999 -0.00137771 -0.00188979 0.00137729 0.999998 0.00759687 0.104974 -0.196599
FixedParameters: 0 0 0

#Transform 137
Transform: AffineTransform_float_3_3
Parameters: 0.999998 -2.36312e-05 0.00189803 2.53687e-05 0.999999 -0.00124795 -0.00189797 0.00124805 0.999998 0.00263746 0.0971508 -0.17192
FixedParameters: 0 0 0

#Transform 138
Transform: AffineTransform_float_3_3
Parameters: 0.999998 0.00018943 0.00189076 -0.00018757 0.999999 -0.00128536 -0.00189124 0.00128464 0.999998 0.0084121 0.104733 -0.214261
FixedParameters: 0 0 0

#Transform 139
Transform: AffineTransform_float_3_3
Parameters: 0.999998 0.000364574 0.00196052 -0.000362427 0.999999 -0.00131271 -0.00196048 0.00131229 0.999997 0.006825 0.0790304 -0.303357
FixedParameters: 0 0 0

#Transform 140
Transform: AffineTransform_float_3_3
Parameters: 0.999999 -0.000154878 0.0018011 0.000156124 1 -0.00062372 -0.0018009 0.00062328 0.999998 0.00884947 0.116463 -0.247782
FixedParameters: 0 0 0

#Transform 141
Transform: AffineTransform_float_3_3
Parameters: 0.999998 -0.000155438 0.00195205 0.000156562 1 -0.000287695 -0.00195196 0.000288304 0.999998 0.0161128 0.113535 -0.181086
FixedParameters: 0 0 0

#Transform 142
Transform: AffineTransform_float_3_3
Parameters: 0.999998 0.000391262 0.00191574 -0.000389738 0.999999 -0.000658748 -0.00191626 0.000658251 0.999998 0.00768169 0.117772 -0.168366
FixedParameters: 0 0 0

#Transform 143
Transform: AffineTransform_float_3_3
Parameters: 0.999997 0.000392268 0.00231762 -0.00038973 1 -0.000979906 -0.00231838 0.000978094 0.999997 0.00216979 0.139162 -0.18539
FixedParameters: 0 0 0

#Transform 144
Transform: AffineTransform_float_3_3
Parameters: 0.999998 0.000340647 0.00167266 -0.000339353 1 -0.00098457 -0.00167333 0.000984432 0.999998 0.0166169 0.120395 -0.220091
FixedParameters: 0 0 0

#Transform 145
Transform: AffineTransform_float_3_3
Parameters: 0.999998 0.000361306 0.00189856 -0.000358694 0.999999 -0.00121468 -0.00189944 0.00121432 0.999998 0.0163499 0.131043 -0.250095
FixedParameters: 0 0 0

#Transform 146
Transform: AffineTransform_float_3_3
Parameters: 0.999998 -1.26241e-06 0.001899 3.73758e-06 0.999999 -0.000914994 -0.001899 0.000915003 0.999998 0.00950537 0.119388 -0.243106
FixedParameters: 0 0 0

#Transform 147
Transform: AffineTransform_float_3_3
Parameters: 0.999997 0.00031076 0.00214975 -0.00030824 0.999999 -0.000818665 -0.00215025 0.000818334 0.999998 0.00846267 0.119009 -0.221641
FixedParameters: 0 0 0

#Transform 148
Transform: AffineTransform_float_3_3
Parameters: 0.999998 -3.5268e-05 0.00189903 3.67327e-05 0.999999 -0.000911931 -0.00189997 0.000912068 0.999998 0.00770241 0.125213 -0.200713
FixedParameters: 0 0 0

#Transform 149
Transform: AffineTransform_float_3_3
Parameters: 0.999998 -0.000185019 0.00189919 0.000186983 1 -0.00104365 -0.00189981 0.00104335 0.999997 0.00121754 0.119981 -0.210272
FixedParameters: 0 0 0

#Transform 150
Transform: AffineTransform_float_3_3
Parameters: 0.999998 -0.000183644 0.00189933 0.000187357 0.999999 -0.00176665 -0.00189967 0.00176735 0.999996 -0.0134457 0.122852 -0.176944
FixedParameters: 0 0 0

#Transform 151
Transform: AffineTransform_float_3_3
Parameters: 0.999999 4.0661e-05 0.00184794 -3.83388e-05 0.999999 -0.00144007 -0.00184806 0.00143993 0.999998 -0.0141504 0.114424 -0.125201
FixedParameters: 0 0 0

#Transform 152
Transform: AffineTransform_float_3_3
Parameters: 0.999998 0.000148546 0.00203675 -0.000144457 0.999998 -0.0017403 -0.00203626 0.0017407 0.999997 -0.00993538 0.13235 -0.141501
FixedParameters: 0 0 0

#Transform 153
Transform: AffineTransform_float_3_3
Parameters: 0.999998 0.000118135 0.00189881 -0.000114864 0.999998 -0.00165122 -0.00189919 0.00165078 0.999997 0.00371858 0.131398 -0.119652
FixedParameters: 0 0 0

#Transform 154
Transform: AffineTransform_float_3_3
Parameters: 0.999998 0.000299389 0.00164857 -0.00029661 0.999999 -0.00144949 -0.00164943 0.00144851 0.999997 0.00640647 0.129872 -0.103163
FixedParameters: 0 0 0

#Transform 155
Transform: AffineTransform_float_3_3
Parameters: 0.999998 4.98712e-06 0.00189899 -2.01286e-06 0.999999 -0.00157301 -0.00189901 0.00157299 0.999997 0.00335579 0.110809 -0.162086
FixedParameters: 0 0 0

#Transform 156
Transform: AffineTransform_float_3_3
Parameters: 0.999998 0.000219819 0.00189868 -0.000217181 0.999999 -0.00148442 -0.00189933 0.00148459 0.999997 0.0010682 0.107911 -0.190854
FixedParameters: 0 0 0

#Transform 157
Transform: AffineTransform_float_3_3
Parameters: 0.999998 0.000399592 0.00187445 -0.000396409 0.999999 -0.00138275 -0.00187455 0.00138225 0.999998 -0.000733574 0.118926 -0.202231
FixedParameters: 0 0 0

#Transform 158
Transform: AffineTransform_float_3_3
Parameters: 0.999998 0.00013583 0.00201275 -0.000132169 0.999998 -0.00190327 -0.00201326 0.00190273 0.999996 0.00314762 0.111503 -0.208496
FixedParameters: 0 0 0

#Transform 159
Transform: AffineTransform_float_3_3
Parameters: 0.999998 0.000421567 0.00187543 -0.000419431 0.999999 -0.00136979 -0.00187658 0.00136821 0.999998 0.0075948 0.118369 -0.179365
FixedParameters: 0 0 0
