#Insight Transform File V1.0
#Transform 0
Transform: AffineTransform_float_3_3
Parameters: 1 0 0 0 0.999999 -0.000808999 0 0.000808999 0.999999 1.42109e-14 -0.0163627 -0.181675
FixedParameters: 0 0 0

#Transform 1
Transform: AffineTransform_float_3_3
Parameters: 0.999999 0.000717772 -0.000163005 -0.000717227 0.999999 -0.00139988 0.000161996 0.00140012 0.999999 0.0131436 0.147715 -0.0412518
FixedParameters: 0 0 0

#Transform 2
Transform: AffineTransform_float_3_3
Parameters: 0.999999 -1.38725e-06 -0.000774999 -3.87252e-07 0.999999 -0.00179 0.000775 0.00179 0.999998 0.0180912 0.172347 -0.0850407
FixedParameters: 0 0 0

#Transform 3
Transform: AffineTransform_float_3_3
Parameters: 1 9.68307e-05 -0.000558204 -9.81687e-05 0.999998 -0.00209494 0.000557795 0.00209505 0.999997 0.0234447 0.181822 -0.0968104
FixedParameters: 0 0 0

#Transform 4
Transform: AffineTransform_float_3_3
Parameters: 1 -3.33961e-06 -0.000137992 2.66037e-06 0.999997 -0.002461 0.000138007 0.002461 0.999997 0.00328988 0.173321 -0.0911148
FixedParameters: 0 0 0

#Transform 5
Transform: AffineTransform_float_3_3
Parameters: 1 0.000387541 -0.00019591 -0.000388459 0.999997 -0.00234593 0.000195089 0.00234608 0.999997 0.00407896 0.134485 -0.08451
FixedParameters: 0 0 0

#Transform 6
Transform: AffineTransform_float_3_3
Parameters: 1 -0.000190377 -0.00013748 0.000189624 0.999996 -0.00273603 0.000137519 0.00273598 0.999996 0.0163071 0.103241 -0.0564511
FixedParameters: 0 0 0

#Transform 7
Transform: AffineTransform_float_3_3
Parameters: 1 -0.000189765 7.55936e-05 0.000189237 0.999995 -0.00312599 -7.54088e-05 0.00312602 0.999995 0.0249098 0.14935 -0.083871
FixedParameters: 0 0 0

#Transform 8
Transform: AffineTransform_float_3_3
Parameters: 1 -0.000303034 -1.11015e-05 0.000302966 0.999995 -0.002965 1.18983e-05 0.00296499 0.999995 0.0196082 0.180357 -0.122326
FixedParameters: 0 0 0

#Transform 9
Transform: AffineTransform_float_3_3
Parameters: 1 -0.000137764 -0.000202482 0.000137238 0.999993 -0.00376703 0.000202518 0.00376697 0.999993 0.0266334 0.155127 -0.112514
FixedParameters: 0 0 0

#Transform 10
Transform: AffineTransform_float_3_3
Parameters: 1 -0.000605503 -0.000145929 0.000605497 0.999994 -0.00342109 0.000148072 0.00342091 0.999994 0.0394417 0.148579 -0.115836
FixedParameters: 0 0 0

#Transform 11
Transform: AffineTransform_float_3_3
Parameters: 1 -0.00042434 -0.00010868 0.000423659 0.999995 -0.00311305 0.000110319 0.00311295 0.999995 0.0210317 0.126483 -0.114918
FixedParameters: 0 0 0

#Transform 12
Transform: AffineTransform_float_3_3
Parameters: 1 0.000172567 -9.67754e-05 -0.000172434 0.99999 -0.00448798 9.62271e-05 0.00448802 0.99999 0.0232748 0.0900167 -0.114794
FixedParameters: 0 0 0

#Transform 13
Transform: AffineTransform_float_3_3
Parameters: 1 -0.000282519 -9.44617e-05 0.000281484 0.999985 -0.00545003 9.55355e-05 0.00544997 0.999985 0.038393 0.141165 -0.136604
FixedParameters: 0 0 0

#Transform 14
Transform: AffineTransform_float_3_3
Parameters: 1 -0.000564383 -9.372e-05 0.000563619 0.999991 -0.00404105 9.52783e-05 0.00404094 0.999992 0.0374554 0.135878 -0.11525
FixedParameters: 0 0 0

#Transform 15
Transform: AffineTransform_float_3_3
Parameters: 0.999999 -0.000818465 -9.1957e-05 0.000818536 0.999988 -0.00494108 9.60463e-05 0.00494192 0.999988 0.0425335 0.0775382 -0.106316
FixedParameters: 0 0 0

#Transform 16
Transform: AffineTransform_float_3_3
Parameters: 0.999999 -0.000843538 -9.11511e-05 0.000843463 0.999983 -0.00575008 9.58515e-05 0.00574992 0.999984 0.0487676 0.0898707 -0.129742
FixedParameters: 0 0 0

#Transform 17
Transform: AffineTransform_float_3_3
Parameters: 0.999999 -0.000843614 -9.04425e-05 0.000843388 0.999978 -0.00659008 9.556e-05 0.00658992 0.999979 0.0487386 0.126874 -0.121212
FixedParameters: 0 0 0

#Transform 18
Transform: AffineTransform_float_3_3
Parameters: 0.999999 -0.000681431 -0.000372588 0.000678566 0.999978 -0.00648625 0.00037741 0.00648674 0.999979 0.057974 0.131011 -0.126421
FixedParameters: 0 0 0

#Transform 19
Transform: AffineTransform_float_3_3
Parameters: 0.999999 -0.000843621 -9.03792e-05 0.000843381 0.999978 -0.00666508 9.56232e-05 0.00666492 0.999978 0.048736 0.133997 -0.115514
FixedParameters: 0 0 0

#Transform 20
Transform: AffineTransform_float_3_3
Parameters: 1 -0.00116262 -8.81543e-05 0.00116238 0.999976 -0.00675011 9.58482e-05 0.00674989 0.999977 0.0467554 0.134326 -0.15506
FixedParameters: 0 0 0

#Transform 21
Transform: AffineTransform_float_3_3
Parameters: 1 -0.00057832 -0.000205317 0.000577681 0.999979 -0.00637611 0.000208687 0.00637588 0.999979 0.0492019 0.113136 -0.119606
FixedParameters: 0 0 0

#Transform 22
Transform: AffineTransform_float_3_3
Parameters: 0.999999 -0.000904597 -9.01997e-05 0.000903404 0.999979 -0.00641409 9.57964e-05 0.00641392 0.99998 0.0425466 0.127948 -0.141033
FixedParameters: 0 0 0

#Transform 23
Transform: AffineTransform_float_3_3
Parameters: 1 -0.000693657 -9.11307e-05 0.000692344 0.999975 -0.00702307 9.58647e-05 0.00702294 0.999976 0.0429072 0.143471 -0.135271
FixedParameters: 0 0 0

#Transform 24
Transform: AffineTransform_float_3_3
Parameters: 1 -0.000692836 2.42399e-05 0.000692162 0.999971 -0.00756199 -1.87664e-05 0.00756202 0.999972 0.0485501 0.155997 -0.140283
FixedParameters: 0 0 0

#Transform 25
Transform: AffineTransform_float_3_3
Parameters: 1 -0.00110471 -8.7472e-05 0.0011043 0.999969 -0.0077221 9.55302e-05 0.0077219 0.99997 0.0445627 0.135881 -0.172679
FixedParameters: 0 0 0

#Transform 26
Transform: AffineTransform_float_3_3
Parameters: 1 -0.00119878 -8.57643e-05 0.00119822 0.999963 -0.0085411 9.62374e-05 0.00854089 0.999963 0.0430202 0.175869 -0.173449
FixedParameters: 0 0 0

#Transform 27
Transform: AffineTransform_float_3_3
Parameters: 0.999999 -0.00120023 -0.000254692 0.00119776 0.999963 -0.00859631 0.000265307 0.00859669 0.999963 0.0469695 0.151599 -0.172635
FixedParameters: 0 0 0

#Transform 28
Transform: AffineTransform_float_3_3
Parameters: 0.999999 -0.00133976 -8.46659e-05 0.00133924 0.999964 -0.00846213 9.5336e-05 0.00846188 0.999964 0.051228 0.159566 -0.159514
FixedParameters: 0 0 0

#Transform 29
Transform: AffineTransform_float_3_3
Parameters: 1 -0.00119875 -8.61816e-05 0.00119826 0.999965 -0.00819311 9.58205e-05 0.00819289 0.999967 0.0507823 0.129357 -0.157168
FixedParameters: 0 0 0

#Transform 30
Transform: AffineTransform_float_3_3
Parameters: 0.999999 -0.00141678 -8.36587e-05 0.00141522 0.999961 -0.00871313 9.53358e-05 0.00871387 0.999962 0.0395305 0.159674 -0.128992
FixedParameters: 0 0 0

#Transform 31
Transform: AffineTransform_float_3_3
Parameters: 1 -0.00119684 0.000134722 0.00119816 0.999959 -0.00895385 -0.000124277 0.00895416 0.99996 0.0459474 0.147187 -0.155261
FixedParameters: 0 0 0

#Transform 32
Transform: AffineTransform_float_3_3
Parameters: 0.999999 -0.00119428 0.000417782 0.00119772 0.999958 -0.00901351 -0.000407221 0.00901349 0.99996 0.0500561 0.137103 -0.147184
FixedParameters: 0 0 0

#Transform 33
Transform: AffineTransform_float_3_3
Parameters: 0.999999 -0.00168201 0.00043955 0.00168598 0.999956 -0.00923327 -0.000423451 0.00923373 0.999958 0.0469229 0.145954 -0.169088
FixedParameters: 0 0 0

#Transform 34
Transform: AffineTransform_float_3_3
Parameters: 0.999999 -0.00168187 0.000440105 0.00168613 0.999953 -0.00956327 -0.000423895 0.00956373 0.999954 0.0525996 0.138201 -0.184123
FixedParameters: 0 0 0

#Transform 35
Transform: AffineTransform_float_3_3
Parameters: 0.999998 -0.00185582 0.000441921 0.00186018 0.999952 -0.0096452 -0.000424078 0.00964581 0.999954 0.0373447 0.152531 -0.176108
FixedParameters: 0 0 0

#Transform 36
Transform: AffineTransform_float_3_3
Parameters: 0.999999 -0.00168059 0.000583816 0.00168641 0.999954 -0.00939502 -0.00056818 0.00939596 0.999955 0.0433177 0.156028 -0.179189
FixedParameters: 0 0 0

#Transform 37
Transform: AffineTransform_float_3_3
Parameters: 0.999998 -0.0016817 0.000440759 0.00168631 0.999949 -0.00995228 -0.000424237 0.00995373 0.999951 0.0400584 0.16894 -0.171737
FixedParameters: 0 0 0

#Transform 38
Transform: AffineTransform_float_3_3
Parameters: 0.999999 -0.00168182 0.000440304 0.00168618 0.999951 -0.00968127 -0.000423696 0.00968172 0.999953 0.0505968 0.168972 -0.191098
FixedParameters: 0 0 0

#Transform 39
Transform: AffineTransform_float_3_3
Parameters: 0.999999 -0.00167833 0.000782654 0.00168567 0.999949 -0.00989969 -0.000766348 0.0099013 0.99995 0.0487663 0.18672 -0.172094
FixedParameters: 0 0 0

#Transform 40
Transform: AffineTransform_float_3_3
Parameters: 0.999999 -0.00168164 0.000440983 0.00168636 0.999947 -0.0100853 -0.000424014 0.0100857 0.999949 0.0401532 0.174661 -0.15562
FixedParameters: 0 0 0

#Transform 41
Transform: AffineTransform_float_3_3
Parameters: 0.999999 -0.00168182 0.000440304 0.00168618 0.999951 -0.00968127 -0.000423696 0.00968172 0.999953 0.040118 0.195227 -0.156827
FixedParameters: 0 0 0

#Transform 42
Transform: AffineTransform_float_3_3
Parameters: 0.999998 -0.00156925 0.000568145 0.00157475 0.999946 -0.0102691 -0.000551856 0.0102709 0.999947 0.0389018 0.169161 -0.181693
FixedParameters: 0 0 0

#Transform 43
Transform: AffineTransform_float_3_3
Parameters: 0.999999 -0.00168123 0.000442532 0.00168576 0.999938 -0.0110063 -0.000423472 0.0110067 0.99994 0.0485162 0.174083 -0.202844
FixedParameters: 0 0 0

#Transform 44
Transform: AffineTransform_float_3_3
Parameters: 0.999998 -0.00193197 0.000446336 0.00193702 0.999931 -0.0115452 -0.000423665 0.0115458 0.999934 0.0430118 0.174762 -0.192649
FixedParameters: 0 0 0

#Transform 45
Transform: AffineTransform_float_3_3
Parameters: 0.999999 -0.00141045 0.000438914 0.00141556 0.999944 -0.0105564 -0.000424081 0.0105566 0.999944 0.0444949 0.154924 -0.181764
FixedParameters: 0 0 0

#Transform 46
Transform: AffineTransform_float_3_3
Parameters: 0.999999 -0.00162418 0.000801908 0.00162983 0.999972 -0.0073177 -0.000790093 0.00731929 0.999973 0.0410299 0.127129 -0.190763
FixedParameters: 0 0 0

#Transform 47
Transform: AffineTransform_float_3_3
Parameters: 0.999998 -0.00160203 0.00102638 0.00160798 0.999981 -0.00584436 -0.00101762 0.00584564 0.999983 0.027693 0.135146 -0.0871315
FixedParameters: 0 0 0

#Transform 48
Transform: AffineTransform_float_3_3
Parameters: 1 -0.000746256 0.00093722 0.000753743 0.999966 -0.0082903 -0.000930784 0.00829071 0.999965 -0.00343624 0.213426 -0.0913162
FixedParameters: 0 0 0

#Transform 49
Transform: AffineTransform_float_3_3
Parameters: 0.999999 -0.00086236 0.00103213 0.000871639 0.999955 -0.00937611 -0.00102387 0.00937689 0.999956 -0.00766109 0.238549 -0.161014
FixedParameters: 0 0 0

#Transform 50
Transform: AffineTransform_float_3_3
Parameters: 0.999998 -0.00113654 0.0015378 0.00115047 0.999955 -0.00943725 -0.00152721 0.00943875 0.999955 0.0144782 0.214026 -0.172809
FixedParameters: 0 0 0

#Transform 51
Transform: AffineTransform_float_3_3
Parameters: 0.999999 -0.00113839 0.00128429 0.00115061 0.99995 -0.00986153 -0.00127271 0.00986346 0.99995 0.0213671 0.205602 -0.20022
FixedParameters: 0 0 0

#Transform 52
Transform: AffineTransform_float_3_3
Parameters: 0.999999 -0.00113671 0.00137891 0.00115129 0.999945 -0.0104084 -0.00136709 0.0104106 0.999945 0.019744 0.201603 -0.163437
FixedParameters: 0 0 0

#Transform 53
Transform: AffineTransform_float_3_3
Parameters: 0.999998 -0.00143456 0.00154152 0.00144945 0.999949 -0.0100658 -0.00152749 0.0100672 0.999948 0.0306166 0.183815 -0.179259
FixedParameters: 0 0 0

#Transform 54
Transform: AffineTransform_float_3_3
Parameters: 1 -0.000461862 0.000820344 0.000465137 0.999987 -0.00505162 -0.000817661 0.00505238 0.999987 0.0179698 0.143216 -0.12906
FixedParameters: 0 0 0

#Transform 55
Transform: AffineTransform_float_3_3
Parameters: 1 -0.000817465 0.000572531 0.000822539 0.999968 -0.00796653 -0.000566465 0.00796747 0.999968 0.0215191 0.16767 -0.109659
FixedParameters: 0 0 0

#Transform 56
Transform: AffineTransform_float_3_3
Parameters: 1 -8.11472e-05 -1.9394e-05 8.08557e-05 0.999972 -0.007474 1.96049e-05 0.007474 0.999972 0.0107127 0.197837 -0.0982953
FixedParameters: 0 0 0

#Transform 57
Transform: AffineTransform_float_3_3
Parameters: 1 0.000958574 -0.000717308 -0.000964423 0.99997 -0.00760131 0.000709689 0.00760268 0.999971 0.010316 0.187846 -0.116632
FixedParameters: 0 0 0

#Transform 58
Transform: AffineTransform_float_3_3
Parameters: 1 -0.000632855 0.000242668 0.000635147 0.99996 -0.00894085 -0.000237331 0.00894115 0.99996 0.0266985 0.188437 -0.153221
FixedParameters: 0 0 0

#Transform 59
Transform: AffineTransform_float_3_3
Parameters: 1 -0.00113715 0.000318368 0.00113986 0.999958 -0.00910565 -0.000308634 0.00910536 0.999959 0.0253243 0.186122 -0.14655
FixedParameters: 0 0 0

#Transform 60
Transform: AffineTransform_float_3_3
Parameters: 1 -0.00113721 0.000298824 0.00113979 0.999954 -0.00950567 -0.000288179 0.00950533 0.999955 0.0202808 0.195415 -0.147096
FixedParameters: 0 0 0

#Transform 61
Transform: AffineTransform_float_3_3
Parameters: 1 -0.00098908 -3.35465e-06 0.000988924 0.999952 -0.00975201 1.26446e-05 0.009752 0.999953 0.0354767 0.183767 -0.156311
FixedParameters: 0 0 0

#Transform 62
Transform: AffineTransform_float_3_3
Parameters: 0.999999 -0.00139562 0.00025063 0.00139838 0.999952 -0.00975767 -0.000237366 0.00975835 0.999953 0.0226824 0.19323 -0.159194
FixedParameters: 0 0 0

#Transform 63
Transform: AffineTransform_float_3_3
Parameters: 0.999999 -0.00155344 0.00025322 0.00155657 0.999945 -0.0104326 -0.000237773 0.0104334 0.999945 0.0227866 0.174348 -0.17182
FixedParameters: 0 0 0

#Transform 64
Transform: AffineTransform_float_3_3
Parameters: 0.999998 -0.00155221 0.000363579 0.00155579 0.999942 -0.0106674 -0.000347422 0.0106686 0.999943 0.0268886 0.184662 -0.145703
FixedParameters: 0 0 0

#Transform 65
Transform: AffineTransform_float_3_3
Parameters: 0.999998 -0.00155165 0.000409828 0.00155635 0.99994 -0.0108294 -0.000393169 0.0108296 0.999942 0.0208884 0.181714 -0.170165
FixedParameters: 0 0 0

#Transform 66
Transform: AffineTransform_float_3_3
Parameters: 0.999998 -0.00162114 0.000255851 0.00162386 0.999931 -0.0116176 -0.00023715 0.0116184 0.999933 0.0308358 0.191777 -0.17333
FixedParameters: 0 0 0

#Transform 67
Transform: AffineTransform_float_3_3
Parameters: 0.999998 -0.00195895 0.000261006 0.00196205 0.999923 -0.0122445 -0.000236994 0.0122445 0.999925 0.0280836 0.199519 -0.161901
FixedParameters: 0 0 0

#Transform 68
Transform: AffineTransform_float_3_3
Parameters: 0.999998 -0.00191899 0.000260267 0.00192202 0.999925 -0.0121145 -0.000237732 0.0121155 0.999926 0.0303006 0.185254 -0.179975
FixedParameters: 0 0 0

#Transform 69
Transform: AffineTransform_float_3_3
Parameters: 0.999998 -0.001986 1.2702e-05 0.001986 0.999915 -0.012941 1.2702e-05 0.012941 0.999917 0.0339286 0.206771 -0.15218
FixedParameters: 0 0 0

#Transform 70
Transform: AffineTransform_float_3_3
Parameters: 0.999998 -0.00166491 0.000257809 0.00166709 0.99992 -0.0124866 -0.000237203 0.0124864 0.999922 0.0289825 0.215477 -0.185787
FixedParameters: 0 0 0

#Transform 71
Transform: AffineTransform_float_3_3
Parameters: 0.999998 -0.00136014 0.000853551 0.00137086 0.999917 -0.0128519 -0.00083645 0.0128532 0.999917 0.00780039 0.191151 -0.174596
FixedParameters: 0 0 0

#Transform 72
Transform: AffineTransform_float_3_3
Parameters: 0.999999 -0.00136806 0.000241296 0.00137093 0.99992 -0.0126287 -0.000223706 0.0126283 0.99992 0.0220261 0.19063 -0.18697
FixedParameters: 0 0 0

#Transform 73
Transform: AffineTransform_float_3_3
Parameters: 1 -0.0011833 5.91967e-05 0.0011847 0.999905 -0.0136829 -4.27938e-05 0.0136831 0.999907 0.00785533 0.225792 -0.142635
FixedParameters: 0 0 0

#Transform 74
Transform: AffineTransform_float_3_3
Parameters: 0.999999 -0.00147889 0.000237278 0.00148211 0.999905 -0.0136967 -0.00021672 0.0136973 0.999906 0.0097615 0.255593 -0.180362
FixedParameters: 0 0 0

#Transform 75
Transform: AffineTransform_float_3_3
Parameters: 0.999999 -0.001192 0.000648824 0.00120101 0.999901 -0.0140602 -0.000632175 0.0140618 0.999901 0.0152153 0.266295 -0.205212
FixedParameters: 0 0 0

#Transform 76
Transform: AffineTransform_float_3_3
Parameters: 0.999999 -0.00145409 0.000576368 0.00146192 0.999902 -0.0139682 -0.000556634 0.0139688 0.999903 0.00358273 0.2647 -0.197386
FixedParameters: 0 0 0

#Transform 77
Transform: AffineTransform_float_3_3
Parameters: 1 -0.000884886 0.000644699 0.000894118 0.999897 -0.0142764 -0.000632299 0.0142776 0.999898 -0.00175231 0.273372 -0.209233
FixedParameters: 0 0 0

#Transform 78
Transform: AffineTransform_float_3_3
Parameters: 0.999999 -0.00116754 0.00048003 0.00117446 0.999905 -0.0136904 -0.000463964 0.0136915 0.999906 0.005628 0.24241 -0.197799
FixedParameters: 0 0 0

#Transform 79
Transform: AffineTransform_float_3_3
Parameters: 1 -0.000976998 0.000645831 0.000986006 0.9999 -0.0140904 -0.00063217 0.0140906 0.9999 0.00110721 0.263231 -0.182614
FixedParameters: 0 0 0

#Transform 80
Transform: AffineTransform_float_3_3
Parameters: 1 -0.000941086 0.0006452 0.000949912 0.999902 -0.0139584 -0.000631802 0.0139596 0.999903 -0.0104474 0.251436 -0.172603
FixedParameters: 0 0 0

#Transform 81
Transform: AffineTransform_float_3_3
Parameters: 0.999999 -0.000946486 0.000269655 0.000950519 0.999911 -0.0133448 -0.000257339 0.0133443 0.999911 -0.00103359 0.269091 -0.154056
FixedParameters: 0 0 0

#Transform 82
Transform: AffineTransform_float_3_3
Parameters: 1 -0.000941604 0.000644443 0.000950404 0.999913 -0.0131544 -0.000632552 0.0131556 0.999914 -0.020326 0.275281 -0.126554
FixedParameters: 0 0 0

#Transform 83
Transform: AffineTransform_float_3_3
Parameters: 1 -0.000284387 -0.000193538 0.000282619 0.999925 -0.0122251 0.00019647 0.012225 0.999926 0.00336994 0.226549 -0.157774
FixedParameters: 0 0 0

#Transform 84
Transform: AffineTransform_float_3_3
Parameters: 1 -0.00028693 -0.000401522 0.000282064 0.999925 -0.0122251 0.000405479 0.0122249 0.999925 -0.0126126 0.247042 -0.142076
FixedParameters: 0 0 0

#Transform 85
Transform: AffineTransform_float_3_3
Parameters: 1 -0.000419486 -0.000109456 0.00041852 0.999913 -0.0132381 0.00011455 0.013238 0.999913 -0.0183046 0.229171 -0.171523
FixedParameters: 0 0 0

#Transform 86
Transform: AffineTransform_float_3_3
Parameters: 1 -0.000281039 7.28151e-05 0.00028195 0.999908 -0.013551 -6.81856e-05 0.013551 0.999908 -0.0102239 0.238741 -0.182617
FixedParameters: 0 0 0

#Transform 87
Transform: AffineTransform_float_3_3
Parameters: 1 -0.000282794 -5.72069e-05 0.000282209 0.99991 -0.013431 6.07958e-05 0.013431 0.99991 -0.0174147 0.255804 -0.161291
FixedParameters: 0 0 0

#Transform 88
Transform: AffineTransform_float_3_3
Parameters: 1 -0.000104468 -3.35776e-05 0.000103526 0.999907 -0.013646 3.5416e-05 0.013646 0.999907 -0.0403577 0.253556 -0.173963
FixedParameters: 0 0 0

#Transform 89
Transform: AffineTransform_float_3_3
Parameters: 1 -0.00028087 9.25028e-05 0.000282123 0.999922 -0.012446 -8.84955e-05 0.012446 0.999922 -0.0461514 0.265266 -0.171599
FixedParameters: 0 0 0

#Transform 90
Transform: AffineTransform_float_3_3
Parameters: 1 -0.000282223 -1.40759e-05 0.000282778 0.999903 -0.013909 1.79349e-05 0.013909 0.999904 -0.043721 0.260784 -0.173587
FixedParameters: 0 0 0

#Transform 91
Transform: AffineTransform_float_3_3
Parameters: 1 -0.000308785 -0.000274805 0.000305212 0.999906 -0.0136681 0.000279198 0.0136679 0.999906 -0.0214085 0.265525 -0.161305
FixedParameters: 0 0 0

#Transform 92
Transform: AffineTransform_float_3_3
Parameters: 1 0.000135812 -1.39699e-05 -0.000136189 0.999895 -0.014494 1.20273e-05 0.014494 0.999895 -0.0368749 0.25363 -0.139624
FixedParameters: 0 0 0

#Transform 93
Transform: AffineTransform_float_3_3
Parameters: 1 -0.00028116 -0.00022002 0.00027784 0.999898 -0.0142341 0.000223977 0.0142339 0.999898 -0.0328191 0.262573 -0.175896
FixedParameters: 0 0 0

#Transform 94
Transform: AffineTransform_float_3_3
Parameters: 0.999999 -0.00179335 5.68833e-05 0.00179365 0.999886 -0.0149869 -3.01218e-05 0.0149871 0.999887 -0.00791259 0.268108 -0.166312
FixedParameters: 0 0 0

#Transform 95
Transform: AffineTransform_float_3_3
Parameters: 1 -0.00113701 0.000411918 0.00114299 0.999889 -0.0148395 -0.000395082 0.0148395 0.99989 -0.0183428 0.282552 -0.178243
FixedParameters: 0 0 0

#Transform 96
Transform: AffineTransform_float_3_3
Parameters: 0.999999 -0.00125314 -5.33721e-07 0.00125285 0.99989 -0.014736 1.94641e-05 0.014736 0.999892 -0.0106104 0.292638 -0.167324
FixedParameters: 0 0 0

#Transform 97
Transform: AffineTransform_float_3_3
Parameters: 0.999999 -0.00118992 0.000353568 0.00119409 0.999891 -0.0147316 -0.000336445 0.0147324 0.999892 -0.0177933 0.277424 -0.158012
FixedParameters: 0 0 0

#Transform 98
Transform: AffineTransform_float_3_3
Parameters: 0.999999 -0.00122804 0.000413153 0.00123396 0.99989 -0.0147455 -0.000394848 0.0147455 0.999891 -0.0222736 0.277893 -0.182212
FixedParameters: 0 0 0

#Transform 99
Transform: AffineTransform_float_3_3
Parameters: 0.999999 -0.00154742 0.000182387 0.00154957 0.999885 -0.0150997 -0.000158619 0.0151003 0.999886 -0.0195603 0.284079 -0.182824
FixedParameters: 0 0 0

#Transform 100
Transform: AffineTransform_float_3_3
Parameters: 0.999999 -0.0012798 0.000414656 0.00128621 0.999882 -0.0153205 -0.00039534 0.0153215 0.999882 -0.0364198 0.249408 -0.222882
FixedParameters: 0 0 0

#Transform 101
Transform: AffineTransform_float_3_3
Parameters: 0.999998 -0.0015778 0.000354971 0.0015832 0.999883 -0.0151665 -0.000331025 0.0151675 0.999885 -0.0240938 0.243918 -0.222068
FixedParameters: 0 0 0

#Transform 102
Transform: AffineTransform_float_3_3
Parameters: 0.999998 -0.0015841 -6.10536e-05 0.0015829 0.999885 -0.0151211 8.49446e-05 0.0151209 0.999885 -0.0144924 0.242079 -0.181687
FixedParameters: 0 0 0

#Transform 103
Transform: AffineTransform_float_3_3
Parameters: 0.999998 -0.00158344 -1.64538e-05 0.00158356 0.999878 -0.015503 4.05548e-05 0.0155029 0.99988 -0.0178068 0.251248 -0.190327
FixedParameters: 0 0 0

#Transform 104
Transform: AffineTransform_float_3_3
Parameters: 0.999998 -0.0015836 -2.81319e-05 0.00158338 0.999885 -0.0150741 5.28739e-05 0.0150739 0.999887 -0.00909952 0.257833 -0.176685
FixedParameters: 0 0 0

#Transform 105
Transform: AffineTransform_float_3_3
Parameters: 0.999998 -0.00158742 -0.000274551 0.00158357 0.99988 -0.0154225 0.000299457 0.0154215 0.999881 -0.00956814 0.270631 -0.168596
FixedParameters: 0 0 0

#Transform 106
Transform: AffineTransform_float_3_3
Parameters: 0.999998 -0.00158223 6.47227e-05 0.00158275 0.999895 -0.0143569 -4.12805e-05 0.0143571 0.999897 -0.0174478 0.286697 -0.147549
FixedParameters: 0 0 0

#Transform 107
Transform: AffineTransform_float_3_3
Parameters: 1 -0.00101445 -2.63875e-05 0.00101456 0.99991 -0.013421 3.962e-05 0.013421 0.99991 -0.0267162 0.200812 -0.142273
FixedParameters: 0 0 0

#Transform 108
Transform: AffineTransform_float_3_3
Parameters: 0.999999 -0.0015142 0.000356081 0.0015188 0.999902 -0.0138995 -0.000334921 0.0139005 0.999904 -0.0316169 0.244551 -0.0583134
FixedParameters: 0 0 0

#Transform 109
Transform: AffineTransform_float_3_3
Parameters: 0.999997 -0.00178542 0.00127585 0.00180558 0.999878 -0.0155117 -0.00124814 0.0155143 0.999879 -0.0651794 0.238637 0.0286588
FixedParameters: 0 0 0

#Transform 110
Transform: AffineTransform_float_3_3
Parameters: 1 -3.11978e-06 0.000126061 5.87922e-06 0.999888 -0.014918 -0.000125926 0.014918 0.999888 -0.0139937 0.249574 -0.120109
FixedParameters: 0 0 0

#Transform 111
Transform: AffineTransform_float_3_3
Parameters: 1 -4.54633e-05 -2.92931e-05 4.55412e-05 0.999878 -0.015628 2.97153e-05 0.015628 0.999878 -0.0160228 0.286451 -0.124214
FixedParameters: 0 0 0

#Transform 112
Transform: AffineTransform_float_3_3
Parameters: 1 0.000298803 -0.000180684 -0.000300189 0.999925 -0.0122839 0.000176326 0.0122841 0.999924 -0.0241759 0.228379 -0.0902322
FixedParameters: 0 0 0

#Transform 113
Transform: AffineTransform_float_3_3
Parameters: 1 -0.000187385 -0.000580668 0.000179623 0.999919 -0.0126931 0.000582327 0.0126929 0.99992 -0.0249041 0.268557 -0.0851745
FixedParameters: 0 0 0

#Transform 114
Transform: AffineTransform_float_3_3
Parameters: 1 -0.000250771 -0.000422629 0.000244238 0.999908 -0.0135991 0.000425361 0.0135989 0.999908 -0.0200899 0.300621 -0.0857411
FixedParameters: 0 0 0

#Transform 115
Transform: AffineTransform_float_3_3
Parameters: 1 -7.54363e-05 -0.000176981 7.25634e-05 0.999906 -0.013726 0.000178013 0.013726 0.999906 -0.0300475 0.30564 -0.147132
FixedParameters: 0 0 0

#Transform 116
Transform: AffineTransform_float_3_3
Parameters: 1 0.000332096 -0.000483812 -0.000338906 0.999897 -0.0143398 0.000479189 0.0143402 0.999897 -0.0254358 0.220675 -0.143914
FixedParameters: 0 0 0

#Transform 117
Transform: AffineTransform_float_3_3
Parameters: 1 3.93939e-06 -0.000413102 -1.00738e-05 0.999893 -0.014672 0.000413897 0.014672 0.999893 -0.0231546 0.294823 -0.124901
FixedParameters: 0 0 0

#Transform 118
Transform: AffineTransform_float_3_3
Parameters: 1 -0.000185309 -0.000348226 0.000179694 0.999884 -0.0151851 0.000350769 0.0151849 0.999884 -0.0277778 0.318211 -0.132527
FixedParameters: 0 0 0

#Transform 119
Transform: AffineTransform_float_3_3
Parameters: 1 2.21083e-05 -0.000457385 -2.88859e-05 0.999887 -0.015073 0.000456617 0.015073 0.999887 -0.0219478 0.279561 -0.15393
FixedParameters: 0 0 0

#Transform 120
Transform: AffineTransform_float_3_3
Parameters: 1 6.22528e-05 -0.000503019 -6.97469e-05 0.999881 -0.015416 0.000501984 0.015416 0.999881 -0.0202375 0.312358 -0.135109
FixedParameters: 0 0 0

#Transform 121
Transform: AffineTransform_float_3_3
Parameters: 1 -0.000405095 -0.000576717 0.0003959 0.999877 -0.0156842 0.000583281 0.0156838 0.999877 -0.013056 0.293641 -0.106098
FixedParameters: 0 0 0

#Transform 122
Transform: AffineTransform_float_3_3
Parameters: 1 -0.000188949 -0.000569106 0.000180037 0.999877 -0.0156841 0.000572894 0.0156839 0.999877 -0.0107716 0.267328 -0.122741
FixedParameters: 0 0 0

#Transform 123
Transform: AffineTransform_float_3_3
Parameters: 1 -0.000358941 -0.000318517 0.000354067 0.999881 -0.0153801 0.000323484 0.0153799 0.999881 -0.0173428 0.259309 -0.132204
FixedParameters: 0 0 0

#Transform 124
Transform: AffineTransform_float_3_3
Parameters: 1 -0.000178677 9.16278e-05 0.000180314 0.999892 -0.014652 -8.83675e-05 0.014652 0.999892 -0.02679 0.26299 -0.136978
FixedParameters: 0 0 0

#Transform 125
Transform: AffineTransform_float_3_3
Parameters: 1 -0.00018194 -0.000128291 0.000180064 0.999888 -0.014966 0.000130709 0.014966 0.999888 -0.0328453 0.285906 -0.0794714
FixedParameters: 0 0 0

#Transform 126
Transform: AffineTransform_float_3_3
Parameters: 1 -0.000185015 -0.000326206 0.000179988 0.999883 -0.0153081 0.000328794 0.0153079 0.999883 -0.0282662 0.297689 -0.103499
FixedParameters: 0 0 0

#Transform 127
Transform: AffineTransform_float_3_3
Parameters: 1 -0.000186738 -0.000428124 0.000180249 0.999877 -0.0156841 0.00043188 0.0156839 0.999877 -0.0126047 0.296038 -0.139494
FixedParameters: 0 0 0

#Transform 128
Transform: AffineTransform_float_3_3
Parameters: 1 -0.000183881 -0.000232989 0.000180119 0.999863 -0.016548 0.000236013 0.016548 0.999863 -0.0304141 0.305855 -0.13435
FixedParameters: 0 0 0

#Transform 129
Transform: AffineTransform_float_3_3
Parameters: 1 0.000531736 -0.000321861 -0.000537266 0.999863 -0.0165808 0.000313135 0.0165812 0.999863 -0.0168645 0.28033 -0.152783
FixedParameters: 0 0 0

#Transform 130
Transform: AffineTransform_float_3_3
Parameters: 1 9.86854e-05 -0.000325658 -0.00010432 0.999866 -0.01636 0.000324337 0.01636 0.999866 -0.0237378 0.270399 -0.160127
FixedParameters: 0 0 0

#Transform 131
Transform: AffineTransform_float_3_3
Parameters: 1 -0.000411029 -5.92548e-05 0.000409959 0.999865 -0.01643 6.67446e-05 0.01643 0.999865 -0.038038 0.285194 -0.140809
FixedParameters: 0 0 0

#Transform 132
Transform: AffineTransform_float_3_3
Parameters: 1 -3.74969e-05 -0.000525463 2.84945e-05 0.99987 -0.016161 0.000526529 0.016161 0.99987 -0.0136074 0.281264 -0.141485
FixedParameters: 0 0 0

#Transform 133
Transform: AffineTransform_float_3_3
Parameters: 1 -0.000416483 -0.000386123 0.000409519 0.999862 -0.0166412 0.000392869 0.0166409 0.999862 -0.0247295 0.27407 -0.122934
FixedParameters: 0 0 0

#Transform 134
Transform: AffineTransform_float_3_3
Parameters: 1 -0.000418733 -0.000538319 0.000409256 0.99987 -0.0161222 0.000545669 0.0161218 0.99987 -0.0209672 0.299425 -0.115483
FixedParameters: 0 0 0

#Transform 135
Transform: AffineTransform_float_3_3
Parameters: 1 -0.000418736 -0.000521099 0.000409266 0.999861 -0.0166532 0.000527889 0.0166538 0.999861 -0.0274394 0.311503 -0.0940363
FixedParameters: 0 0 0

#Transform 136
Transform: AffineTransform_float_3_3
Parameters: 1 -0.000417906 -0.000481247 0.000410081 0.999867 -0.0163132 0.000488754 0.0163128 0.999867 -0.0283168 0.263648 -0.105452
FixedParameters: 0 0 0

#Transform 137
Transform: AffineTransform_float_3_3
Parameters: 1 -3.86119e-05 -0.00050948 3.13953e-05 0.999889 -0.014932 0.000509526 0.014932 0.999889 -0.0218342 0.310944 -0.0797697
FixedParameters: 0 0 0

#Transform 138
Transform: AffineTransform_float_3_3
Parameters: 0.999999 -0.000420302 -0.000626207 0.000409685 0.999866 -0.0163623 0.000633788 0.0163617 0.999866 -0.0250203 0.29445 -0.118981
FixedParameters: 0 0 0

#Transform 139
Transform: AffineTransform_float_3_3
Parameters: 1 0.00013322 -0.000622175 -0.000143777 0.999876 -0.0157459 0.000619813 0.0157461 0.999876 -0.0164018 0.308977 -0.113811
FixedParameters: 0 0 0

#Transform 140
Transform: AffineTransform_float_3_3
Parameters: 1 3.59505e-05 -0.000562651 -4.50551e-05 0.999871 -0.016092 0.000562348 0.016092 0.999871 -0.035751 0.315955 -0.100695
FixedParameters: 0 0 0

#Transform 141
Transform: AffineTransform_float_3_3
Parameters: 1 0.00046486 -0.000368874 -0.000471143 0.999859 -0.0168248 0.000361124 0.0168252 0.999859 -0.0258634 0.295649 -0.105075
FixedParameters: 0 0 0

#Transform 142
Transform: AffineTransform_float_3_3
Parameters: 0.999999 0.00060998 -0.000372054 -0.000616019 0.999866 -0.0164008 0.000361945 0.0164012 0.999866 -0.0510609 0.307394 -0.113062
FixedParameters: 0 0 0

#Transform 143
Transform: AffineTransform_float_3_3
Parameters: 1 0.000523578 -0.000413268 -0.000529417 0.999876 -0.0156948 0.00040474 0.0156952 0.999876 -0.0514365 0.308909 -0.13021
FixedParameters: 0 0 0

#Transform 144
Transform: AffineTransform_float_3_3
Parameters: 1 3.65452e-05 -0.000334641 -4.14444e-05 0.999867 -0.016315 0.000333368 0.016315 0.999867 -0.0445603 0.297841 -0.146169
FixedParameters: 0 0 0

#Transform 145
Transform: AffineTransform_float_3_3
Parameters: 1 2.60714e-05 -0.000982552 -4.1936e-05 0.999869 -0.016215 0.00098245 0.016215 0.999868 -0.0283677 0.318079 -0.138298
FixedParameters: 0 0 0

#Transform 146
Transform: AffineTransform_float_3_3
Parameters: 1 0.000831321 -0.00075408 -0.000842678 0.999877 -0.0156224 0.000740926 0.0156226 0.999877 -0.0385589 0.309378 -0.133583
FixedParameters: 0 0 0

#Transform 147
Transform: AffineTransform_float_3_3
Parameters: 1 0.000507745 -0.000336076 -0.000513253 0.999874 -0.0158238 0.000327919 0.0158242 0.999874 -0.0534754 0.313863 -0.105216
FixedParameters: 0 0 0

#Transform 148
Transform: AffineTransform_float_3_3
Parameters: 1 3.12771e-05 -0.000659596 -4.17132e-05 0.999867 -0.016263 0.000658409 0.016263 0.999868 -0.0334572 0.303064 -0.128921
FixedParameters: 0 0 0

#Transform 149
Transform: AffineTransform_float_3_3
Parameters: 0.999999 2.81882e-05 -0.000827586 -4.18187e-05 0.99986 -0.016694 0.000827417 0.016694 0.999861 -0.0277927 0.304183 -0.145598
FixedParameters: 0 0 0

#Transform 150
Transform: AffineTransform_float_3_3
Parameters: 0.999998 0.000111961 -0.00167494 -0.000138039 0.999879 -0.0155538 0.00167305 0.0155542 0.999877 -0.0012701 0.286527 -0.104184
FixedParameters: 0 0 0

#Transform 151
Transform: AffineTransform_float_3_3
Parameters: 0.999999 0.000186285 -0.00134319 -0.000208712 0.999869 -0.0161847 0.0013398 0.0161853 0.999868 -0.019905 0.298538 -0.094404
FixedParameters: 0 0 0

#Transform 152
Transform: AffineTransform_float_3_3
Parameters: 0.999999 0.000146786 -0.00121761 -0.000167204 0.999862 -0.0166178 0.00121439 0.0166182 0.999861 -0.0221628 0.286421 -0.0943593
FixedParameters: 0 0 0

#Transform 153
Transform: AffineTransform_float_3_3
Parameters: 1 0.000428408 -0.00100722 -0.000445589 0.999863 -0.0165316 0.000999771 0.0165314 0.999863 -0.0389847 0.31779 -0.112481
FixedParameters: 0 0 0

#Transform 154
Transform: AffineTransform_float_3_3
Parameters: 1 0.000428076 -0.00100736 -0.000444936 0.999857 -0.0168616 0.00100064 0.0168614 0.999858 -0.0345355 0.325897 -0.130107
FixedParameters: 0 0 0

#Transform 155
Transform: AffineTransform_float_3_3
Parameters: 0.999999 0.000434336 -0.000675972 -0.000445664 0.999874 -0.0158567 0.000669017 0.0158573 0.999874 -0.0372517 0.347177 -0.100731
FixedParameters: 0 0 0

#Transform 156
Transform: AffineTransform_float_3_3
Parameters: 1 3.42154e-05 -0.00120073 -5.37726e-05 0.999864 -0.016481 0.00119928 0.0164811 0.999864 -0.0352475 0.280976 -0.100722
FixedParameters: 0 0 0

#Transform 157
Transform: AffineTransform_float_3_3
Parameters: 0.999999 -5.8035e-05 -0.00104219 4.0968e-05 0.999867 -0.0163381 0.00104281 0.016338 0.999866 -0.0313512 0.313417 -0.098913
FixedParameters: 0 0 0

#Transform 158
Transform: AffineTransform_float_3_3
Parameters: 0.999999 -5.31348e-05 -0.000719206 4.08687e-05 0.999858 -0.016862 0.000719791 0.016862 0.999857 -0.0367889 0.333838 -0.131607
FixedParameters: 0 0 0

#Transform 159
Transform: AffineTransform_float_3_3
Parameters: 0.999999 -1.53804e-05 -0.000884866 -3.8268e-07 0.999849 -0.017379 0.000885126 0.017379 0.999848 -0.0312568 0.330616 -0.133142
FixedParameters: 0 0 0
