#Insight Transform File V1.0
#Transform 0
Transform: AffineTransform_float_3_3
Parameters: 1 -0.000216543 0.000116852 0.000217458 0.999993 -0.00392898 -0.000116147 0.00392903 0.999993 -0.00186707 -0.0337584 0.104728
FixedParameters: 0 0 0

#Transform 1
Transform: AffineTransform_float_3_3
Parameters: 1 0.00110568 0.000246454 -0.00110632 0.999998 0.00131473 -0.000244545 -0.00131527 0.999999 0.0143973 0.0705345 -0.117593
FixedParameters: 0 0 0

#Transform 2
Transform: AffineTransform_float_3_3
Parameters: 1 0.000677921 0.000110481 -0.000678078 0.999999 0.000708925 -0.000110519 -0.000709075 0.999999 -0.00576928 0.0759866 -0.228557
FixedParameters: 0 0 0

#Transform 3
Transform: AffineTransform_float_3_3
Parameters: 1 0.000646911 0.000262219 -0.000647089 0.999999 0.00033883 -0.000262781 -0.00033917 1 0.00649124 0.110924 -0.215229
FixedParameters: 0 0 0

#Transform 4
Transform: AffineTransform_float_3_3
Parameters: 0.999999 0.000706044 0.000133763 -0.000705955 0.999999 -0.000335094 -0.000134236 0.000334905 1 0.00897094 0.108735 -0.2198
FixedParameters: 0 0 0

#Transform 5
Transform: AffineTransform_float_3_3
Parameters: 0.999999 0.000684115 0.000423814 -0.000683884 0.999999 -0.00027229 -0.000424186 0.00027271 1 0.0135432 0.10723 -0.2864
FixedParameters: 0 0 0

#Transform 6
Transform: AffineTransform_float_3_3
Parameters: 0.999999 0.000682831 0.000562204 -0.000683168 0.999999 0.000299616 -0.000561795 -0.000300384 1 0.0235917 0.100683 -0.315658
FixedParameters: 0 0 0

#Transform 7
Transform: AffineTransform_float_3_3
Parameters: 1 0.000289019 0.000491989 -0.000288981 1 -3.91422e-05 -0.000492011 3.88578e-05 1 0.0205041 0.102095 -0.289347
FixedParameters: 0 0 0

#Transform 8
Transform: AffineTransform_float_3_3
Parameters: 1 0.000395015 0.000391984 -0.000394985 1 -3.91548e-05 -0.000392015 3.88451e-05 1 0.0203392 0.0939072 -0.270831
FixedParameters: 0 0 0

#Transform 9
Transform: AffineTransform_float_3_3
Parameters: 0.999999 0.000663076 0.000303833 -0.000662923 0.999999 -0.000251201 -0.000304166 0.000250798 1 0.0213818 0.0965558 -0.266336
FixedParameters: 0 0 0

#Transform 10
Transform: AffineTransform_float_3_3
Parameters: 0.999999 0.00066708 0.000320833 -0.00066692 0.999999 -0.000250214 -0.000320167 0.000249786 1 0.0217914 0.0942511 -0.285292
FixedParameters: 0 0 0

#Transform 11
Transform: AffineTransform_float_3_3
Parameters: 0.999999 0.000648276 0.000609705 -0.000647723 0.999999 -0.000454395 -0.000609294 0.000453605 0.999999 0.015247 0.098645 -0.30651
FixedParameters: 0 0 0

#Transform 12
Transform: AffineTransform_float_3_3
Parameters: 0.999999 0.000655417 0.000471421 -0.000655582 1 -0.00088431 -0.00047258 0.000883691 1 0.0164065 0.102856 -0.30818
FixedParameters: 0 0 0

#Transform 13
Transform: AffineTransform_float_3_3
Parameters: 0.999999 0.000640747 0.000411841 -0.000640253 0.999998 -0.00181026 -0.00041316 0.00181074 0.999999 0.0259829 0.102806 -0.309487
FixedParameters: 0 0 0

#Transform 14
Transform: AffineTransform_float_3_3
Parameters: 0.999999 0.000851731 0.000370323 -0.000850269 0.999997 -0.00196932 -0.000371675 0.00196968 0.999998 0.0303923 0.0993941 -0.295715
FixedParameters: 0 0 0

#Transform 15
Transform: AffineTransform_float_3_3
Parameters: 1 0.00110722 0.00017967 -0.00110778 0.999998 -0.0012012 -0.000181331 0.0012008 1 0.0145264 0.0966525 -0.306
FixedParameters: 0 0 0

#Transform 16
Transform: AffineTransform_float_3_3
Parameters: 0.999999 0.000685749 0.000391692 -0.000684251 0.999998 -0.00190827 -0.000393307 0.00190873 0.999998 0.0147172 0.11512 -0.298888
FixedParameters: 0 0 0

#Transform 17
Transform: AffineTransform_float_3_3
Parameters: 1 0.000748402 0.00068848 -0.0007466 0.999997 -0.00203351 -0.00068952 0.00203348 0.999997 0.0252185 0.0944363 -0.311917
FixedParameters: 0 0 0

#Transform 18
Transform: AffineTransform_float_3_3
Parameters: 1 0.000868305 0.000480651 -0.000866695 0.999996 -0.00270742 -0.000483348 0.00270658 0.999996 0.0269521 0.113159 -0.294899
FixedParameters: 0 0 0

#Transform 19
Transform: AffineTransform_float_3_3
Parameters: 1 0.0011082 0.000500343 -0.0011078 0.999996 -0.00239955 -0.00050266 0.00239944 0.999997 0.0262653 0.11627 -0.280275
FixedParameters: 0 0 0

#Transform 20
Transform: AffineTransform_float_3_3
Parameters: 0.999999 0.00110857 0.000581022 -0.00110743 0.999996 -0.00268865 -0.000583979 0.00268735 0.999996 0.0325183 0.0988082 -0.299454
FixedParameters: 0 0 0

#Transform 21
Transform: AffineTransform_float_3_3
Parameters: 1 0.000828706 0.00059965 -0.000826296 0.999995 -0.0028395 -0.000601348 0.0028385 0.999996 0.0195137 0.102361 -0.325907
FixedParameters: 0 0 0

#Transform 22
Transform: AffineTransform_float_3_3
Parameters: 1 0.000813252 0.000740535 -0.00081175 0.999995 -0.0030356 -0.000742468 0.0030354 0.999995 0.0213099 0.117752 -0.332999
FixedParameters: 0 0 0

#Transform 23
Transform: AffineTransform_float_3_3
Parameters: 0.999999 0.000714382 0.000499027 -0.000712618 0.999996 -0.00276436 -0.000500971 0.00276364 0.999996 0.0231833 0.0951304 -0.345226
FixedParameters: 0 0 0

#Transform 24
Transform: AffineTransform_float_3_3
Parameters: 0.999999 0.000698714 0.000498605 -0.000697283 0.999994 -0.00343135 -0.000501395 0.00343065 0.999994 0.0168374 0.117444 -0.291814
FixedParameters: 0 0 0

#Transform 25
Transform: AffineTransform_float_3_3
Parameters: 0.999999 0.000612546 0.000499108 -0.000610451 0.999995 -0.00309231 -0.00050189 0.00309169 0.999995 0.0128095 0.124326 -0.297052
FixedParameters: 0 0 0

#Transform 26
Transform: AffineTransform_float_3_3
Parameters: 0.999999 0.000644935 0.000498507 -0.000643063 0.999993 -0.00387132 -0.000501494 0.00387168 0.999993 0.00406907 0.0941139 -0.315926
FixedParameters: 0 0 0

#Transform 27
Transform: AffineTransform_float_3_3
Parameters: 0.999999 0.000692222 0.000247608 -0.000690775 0.999987 -0.00490417 -0.00025139 0.00490383 0.999988 0.0181523 0.119064 -0.295084
FixedParameters: 0 0 0

#Transform 28
Transform: AffineTransform_float_3_3
Parameters: 1 0.0011095 0.000495449 -0.0011075 0.999987 -0.00500955 -0.000501555 0.00500945 0.999988 0.0138507 0.143997 -0.267678
FixedParameters: 0 0 0

#Transform 29
Transform: AffineTransform_float_3_3
Parameters: 1 0.0011095 0.000495439 -0.0011075 0.999987 -0.00501855 -0.000501565 0.00501845 0.999988 0.0248824 0.111879 -0.295226
FixedParameters: 0 0 0

#Transform 30
Transform: AffineTransform_float_3_3
Parameters: 0.999999 0.000764323 0.000497448 -0.000761674 0.999989 -0.00465438 -0.000501551 0.00465462 0.999989 0.0224458 0.130045 -0.285567
FixedParameters: 0 0 0

#Transform 31
Transform: AffineTransform_float_3_3
Parameters: 0.999999 0.0006933 0.000497812 -0.000690699 0.999989 -0.00460535 -0.000501187 0.00460566 0.99999 0.0271762 0.115679 -0.269055
FixedParameters: 0 0 0

#Transform 32
Transform: AffineTransform_float_3_3
Parameters: 1 0.000852531 0.000496682 -0.000850468 0.999987 -0.00507342 -0.000501322 0.00507357 0.999987 0.0283162 0.12702 -0.270113
FixedParameters: 0 0 0

#Transform 33
Transform: AffineTransform_float_3_3
Parameters: 0.999999 0.000685311 0.000626395 -0.00068169 0.999986 -0.00527243 -0.000629602 0.00527157 0.999986 0.0136431 0.149714 -0.253581
FixedParameters: 0 0 0

#Transform 34
Transform: AffineTransform_float_3_3
Parameters: 1 0.00110965 0.000495111 -0.00110735 0.999986 -0.00531355 -0.000501891 0.00531345 0.999986 0.013816 0.130219 -0.298528
FixedParameters: 0 0 0

#Transform 35
Transform: AffineTransform_float_3_3
Parameters: 1 0.00110934 0.000495809 -0.00110767 0.999989 -0.00468455 -0.000501194 0.00468345 0.999989 0.013764 0.0925016 -0.344967
FixedParameters: 0 0 0

#Transform 36
Transform: AffineTransform_float_3_3
Parameters: 1 0.000851527 0.000670546 -0.000848476 0.999986 -0.00524257 -0.000674457 0.00524143 0.999986 0.0140491 0.122659 -0.335221
FixedParameters: 0 0 0

#Transform 37
Transform: AffineTransform_float_3_3
Parameters: 0.999999 0.000789767 0.000496626 -0.000787231 0.999985 -0.00554739 -0.000501374 0.00554661 0.999984 0.0071092 0.127941 -0.247419
FixedParameters: 0 0 0

#Transform 38
Transform: AffineTransform_float_3_3
Parameters: 0.999999 0.000784767 0.000496654 -0.000782231 0.999985 -0.00554739 -0.000501346 0.00554661 0.999984 0.00703122 0.113931 -0.235126
FixedParameters: 0 0 0

#Transform 39
Transform: AffineTransform_float_3_3
Parameters: 1 0.0011096 0.000495226 -0.0011074 0.999986 -0.00521055 -0.000501777 0.00521045 0.999987 0.0138094 0.0974074 -0.259209
FixedParameters: 0 0 0

#Transform 40
Transform: AffineTransform_float_3_3
Parameters: 0.999999 0.000867507 0.000496646 -0.000865491 0.999987 -0.00502643 -0.000501357 0.00502657 0.999987 0.00873003 0.100386 -0.262963
FixedParameters: 0 0 0

#Transform 41
Transform: AffineTransform_float_3_3
Parameters: 1 0.00110992 0.000494501 -0.00110708 0.999982 -0.00586355 -0.000501499 0.00586245 0.999982 0.0221506 0.12515 -0.268312
FixedParameters: 0 0 0

#Transform 42
Transform: AffineTransform_float_3_3
Parameters: 0.999999 0.000699107 0.000496655 -0.000695891 0.999981 -0.00622835 -0.000501343 0.00622765 0.99998 0.0108152 0.123777 -0.246672
FixedParameters: 0 0 0

#Transform 43
Transform: AffineTransform_float_3_3
Parameters: 0.999999 0.000813379 0.000495494 -0.000810616 0.999976 -0.0067834 -0.000501509 0.00678259 0.999977 0.024595 0.112366 -0.249414
FixedParameters: 0 0 0

#Transform 44
Transform: AffineTransform_float_3_3
Parameters: 0.999999 0.000724639 0.000988166 -0.000718356 0.999978 -0.00670172 -0.000993837 0.00670129 0.999977 0.0241345 0.121412 -0.266242
FixedParameters: 0 0 0

#Transform 45
Transform: AffineTransform_float_3_3
Parameters: 1 0.0011102 0.000493876 -0.0011078 0.999978 -0.00642655 -0.000501129 0.00642545 0.999979 0.0394762 0.146169 -0.289602
FixedParameters: 0 0 0

#Transform 46
Transform: AffineTransform_float_3_3
Parameters: 1 0.00111024 0.000493779 -0.00110776 0.999978 -0.00651355 -0.000501226 0.00651345 0.999978 0.0338129 0.156002 -0.295901
FixedParameters: 0 0 0

#Transform 47
Transform: AffineTransform_float_3_3
Parameters: 0.999999 0.000837378 0.000495331 -0.000834616 0.999976 -0.00678341 -0.000501672 0.00678258 0.999977 0.032225 0.144482 -0.285597
FixedParameters: 0 0 0

#Transform 48
Transform: AffineTransform_float_3_3
Parameters: 1 0.00111053 0.000493137 -0.00110747 0.999974 -0.00709155 -0.000501865 0.00709045 0.999974 0.0349826 0.136603 -0.255715
FixedParameters: 0 0 0

#Transform 49
Transform: AffineTransform_float_3_3
Parameters: 0.999999 0.000799766 0.000494965 -0.000796233 0.999971 -0.0075634 -0.000501036 0.00756261 0.999972 0.0318261 0.151482 -0.23928
FixedParameters: 0 0 0

#Transform 50
Transform: AffineTransform_float_3_3
Parameters: 0.999999 0.000851422 0.00049516 -0.000847571 0.999976 -0.00687243 -0.000501836 0.00687158 0.999977 0.0307153 0.137704 -0.258661
FixedParameters: 0 0 0

#Transform 51
Transform: AffineTransform_float_3_3
Parameters: 1 0.00111026 0.000493732 -0.00110774 0.999978 -0.00655655 -0.000501273 0.00655545 0.999979 0.0367513 0.147085 -0.247584
FixedParameters: 0 0 0

#Transform 52
Transform: AffineTransform_float_3_3
Parameters: 1 0.00068913 0.000792568 -0.000683867 0.999979 -0.00645554 -0.000797431 0.00645445 0.999979 0.0272054 0.125686 -0.271552
FixedParameters: 0 0 0

#Transform 53
Transform: AffineTransform_float_3_3
Parameters: 0.999999 0.000637144 0.000496995 -0.000633855 0.99998 -0.00630132 -0.000501004 0.00630068 0.99998 0.0275204 0.137602 -0.286847
FixedParameters: 0 0 0

#Transform 54
Transform: AffineTransform_float_3_3
Parameters: 1 0.00070431 0.000906131 -0.000697691 0.999975 -0.00694564 -0.000910868 0.00694436 0.999976 0.0323889 0.147196 -0.274608
FixedParameters: 0 0 0

#Transform 55
Transform: AffineTransform_float_3_3
Parameters: 0.999999 0.000712854 0.0010554 -0.000706142 0.999979 -0.00648075 -0.0010606 0.00647925 0.999979 0.039055 0.150715 -0.294665
FixedParameters: 0 0 0

#Transform 56
Transform: AffineTransform_float_3_3
Parameters: 0.999999 0.000677244 0.00107146 -0.000669753 0.999977 -0.00674672 -0.00107654 0.00674627 0.999976 0.0358398 0.119692 -0.313408
FixedParameters: 0 0 0

#Transform 57
Transform: AffineTransform_float_3_3
Parameters: 0.999999 0.000682184 0.0012932 -0.000672817 0.999974 -0.00708888 -0.0012978 0.00708812 0.999974 0.0322887 0.138539 -0.286037
FixedParameters: 0 0 0

#Transform 58
Transform: AffineTransform_float_3_3
Parameters: 0.999999 0.000644806 0.00112456 -0.000637198 0.999976 -0.00692772 -0.00112844 0.00692728 0.999976 0.030958 0.133521 -0.267577
FixedParameters: 0 0 0

#Transform 59
Transform: AffineTransform_float_3_3
Parameters: 1 0.000624952 0.000952476 -0.000618053 0.999974 -0.0072806 -0.000956526 0.00728041 0.999973 0.0201546 0.131877 -0.241297
FixedParameters: 0 0 0

#Transform 60
Transform: AffineTransform_float_3_3
Parameters: 1 0.000703727 0.000972455 -0.000696269 0.999969 -0.00792369 -0.000978547 0.00792232 0.999968 0.0317611 0.120062 -0.235177
FixedParameters: 0 0 0

#Transform 61
Transform: AffineTransform_float_3_3
Parameters: 0.999998 0.0011151 0.00115221 -0.0011079 0.999975 -0.00700928 -0.00115979 0.00700871 0.999975 0.0432436 0.11523 -0.231618
FixedParameters: 0 0 0

#Transform 62
Transform: AffineTransform_float_3_3
Parameters: 0.999999 0.000836533 0.00116894 -0.000827467 0.999973 -0.00728097 -0.00117506 0.00728002 0.999973 0.022334 0.130725 -0.240294
FixedParameters: 0 0 0

#Transform 63
Transform: AffineTransform_float_3_3
Parameters: 0.999999 0.000612437 0.00111139 -0.000603558 0.999971 -0.00757668 -0.0011166 0.00757532 0.99997 0.0401068 0.1408 -0.224909
FixedParameters: 0 0 0

#Transform 64
Transform: AffineTransform_float_3_3
Parameters: 0.999999 0.000616342 0.00117013 -0.000606659 0.999968 -0.00796771 -0.00117487 0.00796628 0.999967 0.0515912 0.132518 -0.236902
FixedParameters: 0 0 0

#Transform 65
Transform: AffineTransform_float_3_3
Parameters: 1 0.000666195 0.00101732 -0.000658808 0.999975 -0.00705567 -0.00102167 0.00705532 0.999974 0.0447967 0.135159 -0.266409
FixedParameters: 0 0 0

#Transform 66
Transform: AffineTransform_float_3_3
Parameters: 0.999999 0.00067101 0.00116988 -0.00066199 0.999971 -0.00768478 -0.00117512 0.00768422 0.99997 0.0337517 0.137849 -0.272072
FixedParameters: 0 0 0

#Transform 67
Transform: AffineTransform_float_3_3
Parameters: 0.999999 0.000673735 0.00116945 -0.000664269 0.999966 -0.00830479 -0.00117456 0.00830422 0.999965 0.0371124 0.169417 -0.261625
FixedParameters: 0 0 0

#Transform 68
Transform: AffineTransform_float_3_3
Parameters: 0.999999 0.000748711 0.00105246 -0.000738284 0.999949 -0.0101408 -0.00106054 0.0101402 0.999948 0.0216378 0.149625 -0.217984
FixedParameters: 0 0 0

#Transform 69
Transform: AffineTransform_float_3_3
Parameters: 0.999999 0.000790076 0.000724355 -0.000782927 0.999953 -0.00971857 -0.000731642 0.00971743 0.999952 0.0183529 0.158987 -0.193519
FixedParameters: 0 0 0

#Transform 70
Transform: AffineTransform_float_3_3
Parameters: 0.999999 0.000796161 0.000447947 -0.000790837 0.999934 -0.0114074 -0.00045705 0.0114066 0.999935 -0.00272763 0.148003 -0.169182
FixedParameters: 0 0 0

#Transform 71
Transform: AffineTransform_float_3_3
Parameters: 1 0.000847158 0.000722544 -0.000839849 0.999936 -0.0112166 -0.000731466 0.0112164 0.999937 -0.00428904 0.142836 -0.165567
FixedParameters: 0 0 0

#Transform 72
Transform: AffineTransform_float_3_3
Parameters: 1 0.001113 0.000496761 -0.00110699 0.999929 -0.0119266 -0.000510238 0.0119254 0.999929 0.0127456 0.132721 -0.165085
FixedParameters: 0 0 0

#Transform 73
Transform: AffineTransform_float_3_3
Parameters: 1 0.000974344 0.000720856 -0.000965654 0.999933 -0.0114867 -0.00073214 0.0114863 0.999934 -0.00176016 0.113837 -0.176543
FixedParameters: 0 0 0

#Transform 74
Transform: AffineTransform_float_3_3
Parameters: 1 0.00110988 0.000232679 -0.00110712 0.999927 -0.0120173 -0.000246322 0.0120167 0.999928 0.00595505 0.119043 -0.150142
FixedParameters: 0 0 0

#Transform 75
Transform: AffineTransform_float_3_3
Parameters: 0.999999 0.000832103 0.000402619 -0.000826892 0.999922 -0.0125133 -0.000413379 0.0125127 0.999921 0.0107819 0.123496 -0.163371
FixedParameters: 0 0 0

#Transform 76
Transform: AffineTransform_float_3_3
Parameters: 1 0.000942562 0.000720943 -0.000934438 0.99993 -0.0117847 -0.000732063 0.0117843 0.999931 0.0174379 0.12495 -0.191844
FixedParameters: 0 0 0

#Transform 77
Transform: AffineTransform_float_3_3
Parameters: 0.999999 0.00111563 0.000718778 -0.00110737 0.999928 -0.0118978 -0.000732227 0.0118972 0.999929 0.010069 0.130716 -0.224268
FixedParameters: 0 0 0

#Transform 78
Transform: AffineTransform_float_3_3
Parameters: 0.999999 0.00111525 0.00071937 -0.00110776 0.999935 -0.0113668 -0.000731639 0.0113662 0.999935 0.014619 0.158497 -0.212942
FixedParameters: 0 0 0

#Transform 79
Transform: AffineTransform_float_3_3
Parameters: 0.999999 0.00111551 0.000718961 -0.00110749 0.99993 -0.0117338 -0.000732045 0.0117332 0.999931 0.00818506 0.153642 -0.205529
FixedParameters: 0 0 0

#Transform 80
Transform: AffineTransform_float_3_3
Parameters: 0.999999 0.00111654 0.00079476 -0.00110747 0.999929 -0.0119089 -0.000807245 0.0119081 0.999929 0.000446304 0.131948 -0.224169
FixedParameters: 0 0 0

#Transform 81
Transform: AffineTransform_float_3_3
Parameters: 0.999999 0.00100052 0.000720313 -0.000991485 0.99993 -0.0117307 -0.000731681 0.0117303 0.999931 0.0179885 0.171034 -0.239267
FixedParameters: 0 0 0

#Transform 82
Transform: AffineTransform_float_3_3
Parameters: 0.999999 0.00111454 0.000646156 -0.00110746 0.999932 -0.0115627 -0.000658848 0.0115613 0.999933 0.0157928 0.172946 -0.220547
FixedParameters: 0 0 0

#Transform 83
Transform: AffineTransform_float_3_3
Parameters: 0.999999 0.00099333 0.000720655 -0.000985677 0.999933 -0.0114697 -0.000731353 0.0114683 0.999934 0.0138311 0.139949 -0.222654
FixedParameters: 0 0 0

#Transform 84
Transform: AffineTransform_float_3_3
Parameters: 0.999999 0.00111523 0.000719406 -0.00110778 0.999935 -0.0113348 -0.000731603 0.0113342 0.999935 0.0133654 0.182186 -0.225016
FixedParameters: 0 0 0

#Transform 85
Transform: AffineTransform_float_3_3
Parameters: 0.999999 0.00111469 0.000633657 -0.0011073 0.999927 -0.0120117 -0.000647347 0.0120113 0.999927 0.0020308 0.166778 -0.211485
FixedParameters: 0 0 0

#Transform 86
Transform: AffineTransform_float_3_3
Parameters: 0.999999 0.00111546 0.000719047 -0.00110754 0.999932 -0.0116568 -0.00073196 0.0116562 0.999932 0.00850749 0.132696 -0.241579
FixedParameters: 0 0 0

#Transform 87
Transform: AffineTransform_float_3_3
Parameters: 0.999999 0.00111506 0.000719657 -0.00110794 0.999937 -0.0111098 -0.000731354 0.0111092 0.999938 0.0186399 0.155858 -0.230995
FixedParameters: 0 0 0

#Transform 88
Transform: AffineTransform_float_3_3
Parameters: 1 0.00101445 0.000663748 -0.00100755 0.999938 -0.0111327 -0.000675259 0.0111323 0.999938 0.0106789 0.156928 -0.229175
FixedParameters: 0 0 0

#Transform 89
Transform: AffineTransform_float_3_3
Parameters: 0.999999 0.00111521 0.000719428 -0.00110779 0.999936 -0.0113148 -0.000731581 0.0113142 0.999935 0.00122086 0.164269 -0.209572
FixedParameters: 0 0 0

#Transform 90
Transform: AffineTransform_float_3_3
Parameters: 0.999999 0.00111522 0.00071941 -0.00110778 0.999935 -0.0113308 -0.000731599 0.0113302 0.999935 0.00121 0.134693 -0.185141
FixedParameters: 0 0 0

#Transform 91
Transform: AffineTransform_float_3_3
Parameters: 0.999999 0.0011153 0.000719291 -0.0011077 0.999934 -0.0114378 -0.000731718 0.0114372 0.999935 0.00773081 0.11749 -0.18672
FixedParameters: 0 0 0

#Transform 92
Transform: AffineTransform_float_3_3
Parameters: 0.999999 0.00111546 0.000719035 -0.00110754 0.999932 -0.0116668 -0.00073197 0.0116652 0.999931 0.0131569 0.144275 -0.224389
FixedParameters: 0 0 0

#Transform 93
Transform: AffineTransform_float_3_3
Parameters: 0.999999 0.00111454 0.000640053 -0.00110747 0.999932 -0.0116557 -0.000652953 0.0116553 0.999932 0.0150954 0.157997 -0.209527
FixedParameters: 0 0 0

#Transform 94
Transform: AffineTransform_float_3_3
Parameters: 0.999999 0.00111568 0.000718699 -0.00110731 0.999928 -0.0119688 -0.000732305 0.0119672 0.999928 0.0135205 0.143349 -0.227591
FixedParameters: 0 0 0

#Transform 95
Transform: AffineTransform_float_3_3
Parameters: 0.999999 0.00102488 0.000719517 -0.00101613 0.999924 -0.0122327 -0.000731485 0.0122323 0.999925 -0.000762622 0.135886 -0.222978
FixedParameters: 0 0 0

#Transform 96
Transform: AffineTransform_float_3_3
Parameters: 1 0.00093383 0.0007207 -0.000925166 0.999925 -0.0121577 -0.000732301 0.0121563 0.999926 0.00989548 0.166557 -0.255806
FixedParameters: 0 0 0

#Transform 97
Transform: AffineTransform_float_3_3
Parameters: 1 0.000945864 0.000720509 -0.000937142 0.999925 -0.0122057 -0.000731492 0.0122043 0.999926 0.00422775 0.147193 -0.237888
FixedParameters: 0 0 0

#Transform 98
Transform: AffineTransform_float_3_3
Parameters: 1 0.000838548 0.000448786 -0.00083345 0.999925 -0.0122214 -0.00045922 0.0122206 0.999925 0.00849805 0.173995 -0.214361
FixedParameters: 0 0 0

#Transform 99
Transform: AffineTransform_float_3_3
Parameters: 0.999999 0.00111599 0.000718213 -0.00110701 0.999923 -0.0124038 -0.000731787 0.0124032 0.999923 0.0101091 0.14143 -0.221184
FixedParameters: 0 0 0

#Transform 100
Transform: AffineTransform_float_3_3
Parameters: 0.999999 0.00111355 0.000722003 -0.00110745 0.999959 -0.00900481 -0.000732001 0.00900319 0.999959 0.00118297 0.14182 -0.239686
FixedParameters: 0 0 0

#Transform 101
Transform: AffineTransform_float_3_3
Parameters: 0.999999 0.00111461 0.000663377 -0.00110738 0.999935 -0.0113637 -0.000676628 0.0113633 0.999935 0.00172703 0.156946 -0.21335
FixedParameters: 0 0 0

#Transform 102
Transform: AffineTransform_float_3_3
Parameters: 0.999999 0.00111519 0.000719466 -0.00110782 0.999936 -0.0112808 -0.000731544 0.0112802 0.999936 0.00121728 0.165366 -0.214759
FixedParameters: 0 0 0

#Transform 103
Transform: AffineTransform_float_3_3
Parameters: 0.999999 0.00111512 0.000719572 -0.00110789 0.999937 -0.0111858 -0.000731438 0.0111852 0.999937 0.00118486 0.136683 -0.217034
FixedParameters: 0 0 0

#Transform 104
Transform: AffineTransform_float_3_3
Parameters: 0.999999 0.000903861 0.000494432 -0.000898143 0.999931 -0.0117294 -0.000504569 0.0117285 0.999931 0.00782329 0.16105 -0.20607
FixedParameters: 0 0 0

#Transform 105
Transform: AffineTransform_float_3_3
Parameters: 0.999999 0.00111609 0.000718067 -0.00110791 0.999921 -0.0125348 -0.000731945 0.0125342 0.999921 0.0081215 0.150219 -0.224342
FixedParameters: 0 0 0

#Transform 106
Transform: AffineTransform_float_3_3
Parameters: 1 0.000969149 0.000719844 -0.00095985 0.99992 -0.0126027 -0.000732154 0.0126013 0.999921 0.00532442 0.133303 -0.244551
FixedParameters: 0 0 0

#Transform 107
Transform: AffineTransform_float_3_3
Parameters: 0.999999 0.00111582 0.000718485 -0.00110719 0.999926 -0.0121598 -0.000731517 0.0121592 0.999926 0.0131154 0.146421 -0.221416
FixedParameters: 0 0 0

#Transform 108
Transform: AffineTransform_float_3_3
Parameters: 0.999999 0.00168544 0.000712363 -0.00167657 0.999931 -0.0116802 -0.000731633 0.0116798 0.999931 0.0129179 0.142701 -0.204926
FixedParameters: 0 0 0

#Transform 109
Transform: AffineTransform_float_3_3
Parameters: 0.999999 0.000693584 0.000723872 -0.000684415 0.99993 -0.0117915 -0.000732121 0.0117915 0.99993 0.0314044 0.141862 -0.222953
FixedParameters: 0 0 0

#Transform 110
Transform: AffineTransform_float_3_3
Parameters: 0.999999 0.000685694 0.00104478 -0.000672304 0.999926 -0.0121017 -0.00105321 0.0121013 0.999926 0.0232284 0.12493 -0.228542
FixedParameters: 0 0 0

#Transform 111
Transform: AffineTransform_float_3_3
Parameters: 0.999999 0.0011158 0.00071851 -0.0011072 0.999925 -0.0121378 -0.000731493 0.0121372 0.999926 0.0287655 0.161313 -0.212518
FixedParameters: 0 0 0

#Transform 112
Transform: AffineTransform_float_3_3
Parameters: 1 0.000847163 0.00084392 -0.000837848 0.999928 -0.0119707 -0.000853091 0.0119703 0.999928 0.0145124 0.159042 -0.215704
FixedParameters: 0 0 0

#Transform 113
Transform: AffineTransform_float_3_3
Parameters: 1 0.000796892 0.000651465 -0.000788103 0.999928 -0.0120255 -0.000661525 0.0120245 0.999928 0.0134776 0.140583 -0.247419
FixedParameters: 0 0 0

#Transform 114
Transform: AffineTransform_float_3_3
Parameters: 1 0.000824593 0.000722307 -0.000816411 0.99993 -0.0118166 -0.000731699 0.0118164 0.99993 0.00631867 0.15425 -0.251405
FixedParameters: 0 0 0

#Transform 115
Transform: AffineTransform_float_3_3
Parameters: 1 0.00111088 0.000299972 -0.00110712 0.99992 -0.0126493 -0.000314029 0.0126487 0.99992 0.00553662 0.184339 -0.213929
FixedParameters: 0 0 0

#Transform 116
Transform: AffineTransform_float_3_3
Parameters: 0.999999 0.000881764 0.00030327 -0.000877227 0.999926 -0.0121943 -0.000314721 0.0121947 0.999925 0.0061818 0.178992 -0.191076
FixedParameters: 0 0 0

#Transform 117
Transform: AffineTransform_float_3_3
Parameters: 1 0.000834454 0.000521819 -0.000828544 0.999924 -0.0122484 -0.000532188 0.0122476 0.999925 -0.0023515 0.179568 -0.206618
FixedParameters: 0 0 0

#Transform 118
Transform: AffineTransform_float_3_3
Parameters: 1 0.00111332 0.000508371 -0.00110767 0.999924 -0.0122766 -0.000522637 0.0122754 0.999924 0.00348795 0.1544 -0.21359
FixedParameters: 0 0 0

#Transform 119
Transform: AffineTransform_float_3_3
Parameters: 1 0.000843038 0.00054935 -0.000835955 0.999919 -0.0126865 -0.000560651 0.0126865 0.99992 -0.00247929 0.171828 -0.219637
FixedParameters: 0 0 0

#Transform 120
Transform: AffineTransform_float_3_3
Parameters: 0.999999 0.000839416 0.000421378 -0.000833588 0.999919 -0.0126944 -0.000431616 0.0126936 0.99992 -0.00140177 0.184256 -0.223228
FixedParameters: 0 0 0

#Transform 121
Transform: AffineTransform_float_3_3
Parameters: 0.999999 0.000968298 0.000865523 -0.000957708 0.999915 -0.0129608 -0.000877485 0.0129592 0.999915 0.00775161 0.164417 -0.245391
FixedParameters: 0 0 0

#Transform 122
Transform: AffineTransform_float_3_3
Parameters: 0.999999 0.000829054 0.000303135 -0.000824935 0.999914 -0.0131373 -0.000314865 0.0131377 0.999913 -0.000466564 0.188581 -0.21985
FixedParameters: 0 0 0

#Transform 123
Transform: AffineTransform_float_3_3
Parameters: 0.999999 0.000876956 0.000302775 -0.000873041 0.999918 -0.0128283 -0.000314225 0.0128277 0.999917 0.000553211 0.185471 -0.209579
FixedParameters: 0 0 0

#Transform 124
Transform: AffineTransform_float_3_3
Parameters: 0.999999 0.00105429 0.000725687 -0.00104471 0.999919 -0.0126838 -0.00073931 0.0126832 0.99992 0.00659672 0.166881 -0.231027
FixedParameters: 0 0 0

#Transform 125
Transform: AffineTransform_float_3_3
Parameters: 1 0.00111108 0.000299254 -0.00110791 0.999911 -0.0132953 -0.000314758 0.0132957 0.999911 0.00553088 0.173418 -0.203254
FixedParameters: 0 0 0

#Transform 126
Transform: AffineTransform_float_3_3
Parameters: 0.999999 0.000790208 0.000303253 -0.000786781 0.999906 -0.0136352 -0.000314758 0.0136358 0.999907 -0.00117643 0.187619 -0.19603
FixedParameters: 0 0 0

#Transform 127
Transform: AffineTransform_float_3_3
Parameters: 0.999999 0.000805338 0.000302698 -0.000800656 0.9999 -0.0140712 -0.000314297 0.0140707 0.999901 -0.000985139 0.155808 -0.210909
FixedParameters: 0 0 0

#Transform 128
Transform: AffineTransform_float_3_3
Parameters: 0.999999 0.000803339 0.000302726 -0.000799656 0.9999 -0.0140712 -0.000314283 0.0140707 0.999901 -0.00095269 0.155781 -0.210907
FixedParameters: 0 0 0

#Transform 129
Transform: AffineTransform_float_3_3
Parameters: 0.999999 0.00069625 0.00030446 -0.000691743 0.999906 -0.0137432 -0.000314537 0.0137438 0.999906 -0.00317232 0.162665 -0.217605
FixedParameters: 0 0 0

#Transform 130
Transform: AffineTransform_float_3_3
Parameters: 0.999999 0.000661183 0.000305093 -0.000656805 0.999909 -0.0135132 -0.000314904 0.0135128 0.999908 -0.00393911 0.154276 -0.207374
FixedParameters: 0 0 0

#Transform 131
Transform: AffineTransform_float_3_3
Parameters: 0.999999 0.00067626 0.000304716 -0.000671735 0.999905 -0.0137712 -0.00031428 0.0137708 0.999905 -0.00361737 0.139863 -0.196278
FixedParameters: 0 0 0

#Transform 132
Transform: AffineTransform_float_3_3
Parameters: 0.999999 0.000710939 0.00035939 -0.000706065 0.999908 -0.0135633 -0.00036861 0.0135627 0.999908 -0.00338958 0.170883 -0.176262
FixedParameters: 0 0 0

#Transform 133
Transform: AffineTransform_float_3_3
Parameters: 0.999999 0.000857333 0.000301966 -0.000852665 0.9999 -0.0140713 -0.000314029 0.0140707 0.999901 7.93149e-05 0.141113 -0.229253
FixedParameters: 0 0 0

#Transform 134
Transform: AffineTransform_float_3_3
Parameters: 0.999999 0.000774381 0.000590162 -0.000765621 0.9999 -0.0140715 -0.000600833 0.0140715 0.999901 -0.00448754 0.152282 -0.237219
FixedParameters: 0 0 0

#Transform 135
Transform: AffineTransform_float_3_3
Parameters: 0.999999 0.000662353 0.00030471 -0.000657642 0.999901 -0.0140712 -0.000314285 0.0140708 0.999901 -0.00391118 0.159868 -0.245634
FixedParameters: 0 0 0

#Transform 136
Transform: AffineTransform_float_3_3
Parameters: 1 0.00111131 0.000298392 -0.00110768 0.999901 -0.0140713 -0.000314617 0.0140707 0.999901 0.00548284 0.141321 -0.246284
FixedParameters: 0 0 0

#Transform 137
Transform: AffineTransform_float_3_3
Parameters: 0.999999 0.000705746 0.000555293 -0.000698257 0.999904 -0.0138294 -0.00056471 0.0138286 0.999904 -0.00117452 0.158477 -0.214632
FixedParameters: 0 0 0

#Transform 138
Transform: AffineTransform_float_3_3
Parameters: 0.999999 0.000780112 0.00030364 -0.000775883 0.999911 -0.0133142 -0.000314358 0.0133138 0.999912 -0.00140934 0.170027 -0.203328
FixedParameters: 0 0 0

#Transform 139
Transform: AffineTransform_float_3_3
Parameters: 0.999999 0.000716318 0.000304019 -0.000711681 0.999902 -0.0139752 -0.000313976 0.0139748 0.999903 -0.00282043 0.149313 -0.21453
FixedParameters: 0 0 0

#Transform 140
Transform: AffineTransform_float_3_3
Parameters: 0.999999 0.000688277 0.000304511 -0.000683716 0.999904 -0.0138292 -0.000314486 0.0138298 0.999905 -0.00343067 0.137531 -0.262175
FixedParameters: 0 0 0

#Transform 141
Transform: AffineTransform_float_3_3
Parameters: 0.999999 0.000696486 0.00030392 -0.000691513 0.999895 -0.0145182 -0.000314072 0.0145178 0.999894 -0.00325424 0.15499 -0.238664
FixedParameters: 0 0 0

#Transform 142
Transform: AffineTransform_float_3_3
Parameters: 0.999999 0.000693757 0.000586801 -0.00068524 0.999891 -0.0147944 -0.000597203 0.0147936 0.999891 0.00261368 0.164503 -0.22006
FixedParameters: 0 0 0

#Transform 143
Transform: AffineTransform_float_3_3
Parameters: 0.999999 0.000682607 0.000303854 -0.00067839 0.999888 -0.0149132 -0.000314152 0.0149128 0.999888 -0.00348381 0.142148 -0.216917
FixedParameters: 0 0 0

#Transform 144
Transform: AffineTransform_float_3_3
Parameters: 1 0.000951598 0.000361601 -0.000946398 0.999885 -0.0151754 -0.000376406 0.0151757 0.999885 0.00158377 0.14506 -0.196581
FixedParameters: 0 0 0

#Transform 145
Transform: AffineTransform_float_3_3
Parameters: 0.999999 0.000830521 -0.000120653 -0.000832469 0.999917 -0.0128149 0.000109341 0.0128151 0.999918 0.00384385 0.120014 -0.112362
FixedParameters: 0 0 0

#Transform 146
Transform: AffineTransform_float_3_3
Parameters: 0.999999 0.000828339 -0.000121878 -0.000829662 0.999897 -0.0143249 0.000110127 0.0143241 0.999898 0.00374083 0.135051 -0.12098
FixedParameters: 0 0 0

#Transform 147
Transform: AffineTransform_float_3_3
Parameters: 1 0.000672285 -0.000120033 -0.000674713 0.999888 -0.0149039 0.000109956 0.0149041 0.999889 0.000622414 0.162604 -0.103033
FixedParameters: 0 0 0

#Transform 148
Transform: AffineTransform_float_3_3
Parameters: 0.999999 0.000904197 -0.000123946 -0.000905803 0.999881 -0.0154069 0.000110057 0.0154071 0.999882 0.00533214 0.12923 -0.167034
FixedParameters: 0 0 0

#Transform 149
Transform: AffineTransform_float_3_3
Parameters: 0.999999 0.000896461 0.000265368 -0.000892544 0.999865 -0.0163612 -0.000279641 0.0163618 0.999866 0.00816827 0.139277 -0.201323
FixedParameters: 0 0 0

#Transform 150
Transform: AffineTransform_float_3_3
Parameters: 0.999999 0.00071707 -0.00012195 -0.000718931 0.999862 -0.0166409 0.000110051 0.0166411 0.999861 0.00146274 0.160525 -0.163153
FixedParameters: 0 0 0

#Transform 151
Transform: AffineTransform_float_3_3
Parameters: 0.999999 0.000783752 9.67332e-05 -0.000782244 0.999856 -0.0169451 -0.000110271 0.0169449 0.999857 -0.00316775 0.126784 -0.150229
FixedParameters: 0 0 0

#Transform 152
Transform: AffineTransform_float_3_3
Parameters: 1 0.000950856 -0.00037593 -0.000957146 0.99986 -0.0166976 0.000360068 0.0166983 0.99986 0.00194232 0.170716 -0.134691
FixedParameters: 0 0 0

#Transform 153
Transform: AffineTransform_float_3_3
Parameters: 0.999999 0.000875757 3.71315e-05 -0.000874245 0.999856 -0.016984 -5.18556e-05 0.016984 0.999856 0.0031477 0.173287 -0.127882
FixedParameters: 0 0 0

#Transform 154
Transform: AffineTransform_float_3_3
Parameters: 0.999999 0.000995957 -0.000127171 -0.000998039 0.999851 -0.0172219 0.000109828 0.0172221 0.999851 -0.00231988 0.144474 -0.129641
FixedParameters: 0 0 0

#Transform 155
Transform: AffineTransform_float_3_3
Parameters: 0.999999 0.000759022 -0.000122912 -0.00076098 0.999856 -0.0169879 0.000110088 0.0169881 0.999855 -0.00809455 0.15952 -0.128341
FixedParameters: 0 0 0

#Transform 156
Transform: AffineTransform_float_3_3
Parameters: 1 0.00110361 -0.000198851 -0.0011074 0.999838 -0.0179578 0.000179143 0.0179572 0.999838 -0.013308 0.142169 -0.108957
FixedParameters: 0 0 0

#Transform 157
Transform: AffineTransform_float_3_3
Parameters: 0.999999 0.000827966 -0.000124389 -0.000830027 0.999849 -0.0173559 0.000109611 0.0173561 0.99985 -0.0221413 0.155153 -0.131444
FixedParameters: 0 0 0

#Transform 158
Transform: AffineTransform_float_3_3
Parameters: 1 0.00110484 -0.00012994 -0.00110716 0.999837 -0.0180289 0.000110057 0.0180291 0.999838 -0.0078063 0.162453 -0.128711
FixedParameters: 0 0 0

#Transform 159
Transform: AffineTransform_float_3_3
Parameters: 1 0.00111682 -2.03618e-05 -0.00111718 0.999833 -0.018229 -3.65133e-07 0.018229 0.999834 -0.00892574 0.134067 -0.138912
FixedParameters: 0 0 0
