#Insight Transform File V1.0
#Transform 0
Transform: AffineTransform_float_3_3
Parameters: 0.999997 -0.000594189 -0.0024766 0.000608812 0.999982 0.00598351 0.0024734 -0.00598549 0.999979 -0.00734478 -0.0763586 0.609694
FixedParameters: 0 0 0

#Transform 1
Transform: AffineTransform_float_3_3
Parameters: 0.999998 0.000451299 -0.00195498 -0.0004377 0.999977 0.00679787 0.00195802 -0.00679713 0.999975 -0.0517301 0.0236459 0.125195
FixedParameters: 0 0 0

#Transform 2
Transform: AffineTransform_float_3_3
Parameters: 0.999998 6.42869e-05 -0.00198864 -5.17168e-05 0.999981 0.00617811 0.00198836 -0.00617788 0.999979 -0.0481721 0.0753331 0.0761323
FixedParameters: 0 0 0

#Transform 3
Transform: AffineTransform_float_3_3
Parameters: 0.999998 -9.94506e-05 -0.00191852 0.000108546 0.999987 0.0049778 0.00191748 -0.0049782 0.999986 -0.0474503 0.0706342 0.00743367
FixedParameters: 0 0 0

#Transform 4
Transform: AffineTransform_float_3_3
Parameters: 0.999998 -0.00010418 -0.00170663 0.000113816 0.999984 0.00575482 0.00170537 -0.00575519 0.999982 -0.0329169 0.0703519 0.00384179
FixedParameters: 0 0 0

#Transform 5
Transform: AffineTransform_float_3_3
Parameters: 1 -0.000181394 -0.00115706 0.000187606 0.999983 0.00571179 0.00115595 -0.00571221 0.999983 -0.0261027 0.0260476 0.043672
FixedParameters: 0 0 0

#Transform 6
Transform: AffineTransform_float_3_3
Parameters: 0.999997 -0.000178339 -0.00212883 0.000187659 0.999989 0.00453961 0.00212717 -0.00453939 0.999988 -0.0250643 0.0317313 0.0848308
FixedParameters: 0 0 0

#Transform 7
Transform: AffineTransform_float_3_3
Parameters: 0.999997 -0.00017781 -0.00223983 0.00018819 0.999989 0.00454959 0.00223917 -0.00455041 0.999987 -0.0291261 0.0720126 0.0956436
FixedParameters: 0 0 0

#Transform 8
Transform: AffineTransform_float_3_3
Parameters: 0.999999 3.76611e-05 -0.00175582 -2.73379e-05 0.999985 0.00550206 0.00175618 -0.00550194 0.999984 -0.0625069 0.0489711 -0.00209261
FixedParameters: 0 0 0

#Transform 9
Transform: AffineTransform_float_3_3
Parameters: 0.999999 -0.000228718 -0.0012066 0.000237277 0.999977 0.00686772 0.0012044 -0.00686828 0.999975 -0.0726148 -0.00299543 -0.23444
FixedParameters: 0 0 0

#Transform 10
Transform: AffineTransform_float_3_3
Parameters: 0.999999 0.000714503 -0.000616965 -0.000711495 0.999983 0.00566144 0.000621037 -0.00566056 0.999984 -0.0346257 0.0685912 -0.0217941
FixedParameters: 0 0 0

#Transform 11
Transform: AffineTransform_float_3_3
Parameters: 0.999999 4.71362e-06 -0.001546 4.71362e-06 0.999981 0.006283 0.001546 -0.006283 0.999979 -0.0486736 0.203954 0.113961
FixedParameters: 0 0 0

#Transform 12
Transform: AffineTransform_float_3_3
Parameters: 0.999999 -0.000342013 -0.00182471 0.000350989 0.999988 0.00492737 0.00182329 -0.00492763 0.999986 -0.0551174 0.0561457 0.0532476
FixedParameters: 0 0 0

#Transform 13
Transform: AffineTransform_float_3_3
Parameters: 1 -4.60697e-05 -0.000188983 4.59303e-05 1 -0.000369009 0.000189017 0.000368991 1 0.0314674 0.0420962 -0.0561094
FixedParameters: 0 0 0

#Transform 14
Transform: AffineTransform_float_3_3
Parameters: 1 -4.7504e-05 0.00013917 4.84954e-05 0.999993 -0.00356599 -0.000138828 0.003566 0.999993 0.0525925 0.019976 -0.0566691
FixedParameters: 0 0 0

#Transform 15
Transform: AffineTransform_float_3_3
Parameters: 1 0.000218971 -5.11222e-05 -0.000219028 1 -0.000557989 5.08778e-05 0.000558011 1 0.0187724 0.00425427 -0.14456
FixedParameters: 0 0 0

#Transform 16
Transform: AffineTransform_float_3_3
Parameters: 1 0.000218696 -0.000544122 -0.000219304 1 -0.00055788 0.000544877 0.000558119 0.999999 0.0261359 0.0428021 -0.109504
FixedParameters: 0 0 0

#Transform 17
Transform: AffineTransform_float_3_3
Parameters: 1 0.000218841 -0.000544064 -0.00021916 1 -0.000292881 0.000544936 0.000293119 1 0.0261033 0.0293798 -0.0550283
FixedParameters: 0 0 0

#Transform 18
Transform: AffineTransform_float_3_3
Parameters: 1 0.000218552 -0.000630155 -0.000219448 0.999999 -0.000710861 0.000630844 0.000711138 0.999999 0.025846 0.026849 -0.0585531
FixedParameters: 0 0 0

#Transform 19
Transform: AffineTransform_float_3_3
Parameters: 0.999999 0.000670168 -0.000543793 -0.000669831 0.999999 0.000309364 0.000544207 -0.000308635 1 -0.00181826 -0.00717843 -0.0348099
FixedParameters: 0 0 0

#Transform 20
Transform: AffineTransform_float_3_3
Parameters: 1 -1.89109e-05 -7.10238e-05 1.90891e-05 0.999999 0.001255 7.09761e-05 -0.001255 0.999999 0.00386377 0.0284169 -0.0345257
FixedParameters: 0 0 0

#Transform 21
Transform: AffineTransform_float_3_3
Parameters: 1 1.80406e-05 9.49923e-05 -1.79594e-05 1 -0.000427002 -9.50077e-05 0.000426998 1 0.0285137 0.0241235 0.0453451
FixedParameters: 0 0 0

#Transform 22
Transform: AffineTransform_float_3_3
Parameters: 1 0.00036306 -0.000543959 -0.000362939 1 0.000111197 0.00054404 -0.000110802 1 0.013857 0.000808109 0.0499843
FixedParameters: 0 0 0

#Transform 23
Transform: AffineTransform_float_3_3
Parameters: 0.999999 0.000363069 -0.000618959 -0.000362931 1 0.000111225 0.00061904 -0.000110775 1 0.0208776 0.0276146 0.0590155
FixedParameters: 0 0 0

#Transform 24
Transform: AffineTransform_float_3_3
Parameters: 0.999999 -0.000436227 -0.000759869 0.000435773 1 -0.000298331 0.00076013 0.000298668 0.999999 0.0284736 -0.0462943 -0.0025583
FixedParameters: 0 0 0

#Transform 25
Transform: AffineTransform_float_3_3
Parameters: 0.999999 0.000252032 -0.000972251 -0.000252968 1 -0.000995755 0.000971748 0.000996246 0.999999 0.0278108 -0.00710048 0.095471
FixedParameters: 0 0 0

#Transform 26
Transform: AffineTransform_float_3_3
Parameters: 0.999999 0.000571048 -0.00143398 -0.000570952 1 3.38188e-05 0.00143402 -3.31811e-05 0.999999 0.0172458 -0.050446 0.0690177
FixedParameters: 0 0 0

#Transform 27
Transform: AffineTransform_float_3_3
Parameters: 0.999999 0.000445415 -0.00143481 -0.000448586 0.999999 -0.00180236 0.00143419 0.00180264 0.999998 0.0316681 0.00460648 0.135227
FixedParameters: 0 0 0

#Transform 28
Transform: AffineTransform_float_3_3
Parameters: 1 -9.73389e-05 -0.000950864 9.66609e-05 0.999999 -0.00140809 0.000951137 0.00140791 0.999998 -0.00172129 -0.0137159 0.0494787
FixedParameters: 0 0 0

#Transform 29
Transform: AffineTransform_float_3_3
Parameters: 0.999999 0.000111523 -0.0014342 -0.000114476 0.999998 -0.00172684 0.00143381 0.00172716 0.999998 0.00543049 -0.00206145 0.0219315
FixedParameters: 0 0 0

#Transform 30
Transform: AffineTransform_float_3_3
Parameters: 1 0.000287157 -0.0010675 -0.000288844 0.999998 -0.00172669 0.0010675 0.00172731 0.999998 0.00933925 -0.00161694 0.0240574
FixedParameters: 0 0 0

#Transform 31
Transform: AffineTransform_float_3_3
Parameters: 0.999999 5.14196e-05 -0.00091509 -5.25801e-05 0.999998 -0.00172695 0.00091491 0.00172705 0.999998 0.0235658 0.00223493 0.000697382
FixedParameters: 0 0 0

#Transform 32
Transform: AffineTransform_float_3_3
Parameters: 1 -0.000306371 -0.000361686 0.000305629 1 -0.00102511 0.000362314 0.00102489 1 0.0193342 -0.0506339 -0.00814634
FixedParameters: 0 0 0

#Transform 33
Transform: AffineTransform_float_3_3
Parameters: 0.999999 -0.000307478 -0.00143368 0.000305523 1 -0.00103044 0.00143432 0.00103056 0.999999 0.0163015 -0.0507754 0.0304028
FixedParameters: 0 0 0

#Transform 34
Transform: AffineTransform_float_3_3
Parameters: 0.999999 -0.000680676 -0.000365603 0.000680323 1 0.000885751 0.000364397 -0.000886248 0.999999 0.0129753 -0.00348 0.0661797
FixedParameters: 0 0 0

#Transform 35
Transform: AffineTransform_float_3_3
Parameters: 0.999999 -0.000992336 -0.000211143 0.000992662 0.999994 0.00316579 0.000207859 -0.00316521 0.999995 0.0147529 -0.00476798 0.0402489
FixedParameters: 0 0 0

#Transform 36
Transform: AffineTransform_float_3_3
Parameters: 0.999999 -0.00059971 -0.00044076 0.000601287 0.999995 0.00293173 0.000438239 -0.00293226 0.999995 0.0210551 0.0333103 0.0425569
FixedParameters: 0 0 0

#Transform 37
Transform: AffineTransform_float_3_3
Parameters: 0.999999 -0.000441556 -0.00065897 0.000442444 0.999998 0.00219271 0.000658031 -0.00219329 0.999998 0.016004 0.0275839 0.0535145
FixedParameters: 0 0 0

#Transform 38
Transform: AffineTransform_float_3_3
Parameters: 1 -0.000357296 -0.000497506 0.000358704 0.999999 0.00141482 0.000497493 -0.00141518 0.999999 0.0139862 0.0377529 0.0670239
FixedParameters: 0 0 0

#Transform 39
Transform: AffineTransform_float_3_3
Parameters: 1 -0.000442556 -0.00033359 0.000442444 0.999999 0.00133185 0.000333411 -0.00133215 0.999999 0.0350193 0.0318491 0.0694322
FixedParameters: 0 0 0

#Transform 40
Transform: AffineTransform_float_3_3
Parameters: 1 0.000722689 -0.00068433 -0.000722312 0.999999 -0.000455506 0.000683671 0.000455494 0.999999 0.0350605 0.0247311 0.0879138
FixedParameters: 0 0 0

#Transform 41
Transform: AffineTransform_float_3_3
Parameters: 0.999999 -0.000548421 -0.00142884 0.000548579 1 -0.000294784 0.00142816 0.000294217 0.999999 0.0121683 0.0246835 0.00586533
FixedParameters: 0 0 0

#Transform 42
Transform: AffineTransform_float_3_3
Parameters: 1 -7.52597e-05 -0.000283669 7.37433e-05 0.99999 -0.00443802 0.00028333 0.00443798 0.99999 0.0708959 -0.00238533 0.0749106
FixedParameters: 0 0 0

#Transform 43
Transform: AffineTransform_float_3_3
Parameters: 0.999996 -0.00214424 -0.00175484 0.00214976 0.999994 0.00271724 0.00174916 -0.00272076 0.999995 -0.000782574 0.0426358 0.0563481
FixedParameters: 0 0 0

#Transform 44
Transform: AffineTransform_float_3_3
Parameters: 0.999979 -0.00647107 -0.00115083 0.00649695 0.999687 0.0241791 0.000994171 -0.024187 0.999707 -0.0231881 0.133917 0.0392007
FixedParameters: 0 0 0

#Transform 45
Transform: AffineTransform_float_3_3
Parameters: 0.999996 -0.00250223 -0.000759541 0.00250677 0.999985 0.00500712 0.000746455 -0.00500889 0.999987 0.0833391 0.102448 -0.0166761
FixedParameters: 0 0 0

#Transform 46
Transform: AffineTransform_float_3_3
Parameters: 0.999997 -0.00231539 0.000579445 0.00231561 0.999997 0.000672344 -0.000581557 -0.000671656 1 0.100091 0.0105912 -0.116257
FixedParameters: 0 0 0

#Transform 47
Transform: AffineTransform_float_3_3
Parameters: 0.999995 -0.00329814 -0.000499481 0.00330087 0.999988 0.00378237 0.000487517 -0.00378363 0.999992 0.0651636 0.0122705 0.0526112
FixedParameters: 0 0 0

#Transform 48
Transform: AffineTransform_float_3_3
Parameters: 0.999996 -0.00270874 -0.000519609 0.00271026 0.999994 0.0024386 0.000513392 -0.0024394 0.999997 0.0791908 0.0139602 0.0734975
FixedParameters: 0 0 0

#Transform 49
Transform: AffineTransform_float_3_3
Parameters: 0.999997 -0.00247879 -0.000145604 0.00247921 0.999996 0.00145364 0.000141395 -0.00145435 0.999999 0.0766678 -0.00341388 0.092947
FixedParameters: 0 0 0

#Transform 50
Transform: AffineTransform_float_3_3
Parameters: 0.999996 -0.00282827 -0.000255188 0.00282873 0.999992 0.00289429 0.000246814 -0.00289471 0.999996 0.0555504 -0.00150314 0.0916259
FixedParameters: 0 0 0

#Transform 51
Transform: AffineTransform_float_3_3
Parameters: 0.999998 -0.00195506 5.16812e-05 0.00195494 0.999998 0.0011861 -5.43205e-05 -0.0011869 1 0.0662336 -0.001142 0.136157
FixedParameters: 0 0 0

#Transform 52
Transform: AffineTransform_float_3_3
Parameters: 0.999998 -0.00209194 5.6414e-05 0.00209206 0.999997 -0.00115389 -5.35857e-05 0.00115412 1 0.0847678 -0.0801227 0.0673337
FixedParameters: 0 0 0

#Transform 53
Transform: AffineTransform_float_3_3
Parameters: 0.999998 -0.002044 5.38997e-05 0.002044 0.999998 4.91103e-05 -5.41e-05 -4.88895e-05 1 0.0854239 -0.00930258 0.0940317
FixedParameters: 0 0 0

#Transform 54
Transform: AffineTransform_float_3_3
Parameters: 0.999997 -0.00253302 5.30271e-05 0.00253298 0.999996 0.000384135 -5.39725e-05 -0.000383864 1 0.0773723 4.43403e-05 0.0897181
FixedParameters: 0 0 0

#Transform 55
Transform: AffineTransform_float_3_3
Parameters: 0.999998 -0.00199901 5.36581e-05 0.00199899 0.999998 0.000171108 -5.43417e-05 -0.000170892 1 0.0686426 -0.019498 0.0528006
FixedParameters: 0 0 0

#Transform 56
Transform: AffineTransform_float_3_3
Parameters: 0.999998 -0.00192902 -8.24674e-05 0.00192898 0.999998 -0.00027616 8.35323e-05 0.000275839 1 0.0870343 -0.0108238 0.0594237
FixedParameters: 0 0 0

#Transform 57
Transform: AffineTransform_float_3_3
Parameters: 0.999998 -0.00209537 -0.000314569 0.00209563 0.999997 -0.00116066 0.00031743 0.00115934 1 0.0654514 -0.0376068 0.0725298
FixedParameters: 0 0 0

#Transform 58
Transform: AffineTransform_float_3_3
Parameters: 0.999998 -0.00209495 5.57973e-05 0.00209505 0.999998 -0.000857885 -5.42023e-05 0.000858115 0.999999 0.0685968 -0.0718428 0.0391758
FixedParameters: 0 0 0

#Transform 59
Transform: AffineTransform_float_3_3
Parameters: 0.999998 -0.00209492 5.69768e-05 0.00209508 0.999997 -0.00142088 -5.40228e-05 0.00142112 0.999999 0.0845736 -0.0110514 0.0602831
FixedParameters: 0 0 0

#Transform 60
Transform: AffineTransform_float_3_3
Parameters: 0.999998 -0.00209491 5.75026e-05 0.00209509 0.999997 -0.00167188 -5.34969e-05 0.00167212 0.999998 0.0845844 -0.0118341 0.0624782
FixedParameters: 0 0 0

#Transform 61
Transform: AffineTransform_float_3_3
Parameters: 0.999997 -0.00259204 -0.000618665 0.00259096 0.999995 -0.00167361 0.000623334 0.00167139 0.999999 0.0756471 -0.00929661 0.0586109
FixedParameters: 0 0 0

#Transform 62
Transform: AffineTransform_float_3_3
Parameters: 0.999997 -0.00205786 -0.000549787 0.00205714 0.999996 -0.00156213 0.000552214 0.00156187 0.999998 0.0841732 -0.0179483 0.0209655
FixedParameters: 0 0 0

#Transform 63
Transform: AffineTransform_float_3_3
Parameters: 0.999999 -0.0015 -4.91991e-07 0.0015 0.999998 -0.001672 2.508e-06 0.001672 0.999998 0.0718219 -0.00840054 0.0700815
FixedParameters: 0 0 0

#Transform 64
Transform: AffineTransform_float_3_3
Parameters: 0.999999 -0.00149978 0.000219489 0.00150022 0.999999 -0.000992672 -0.000217512 0.000992327 0.999999 0.0589228 -0.0289018 0.0411309
FixedParameters: 0 0 0

#Transform 65
Transform: AffineTransform_float_3_3
Parameters: 0.999999 -0.00161617 -0.000682242 0.00161483 0.999997 -0.00170811 0.00068476 0.0017079 0.999999 0.0765719 0.0247562 0.0897973
FixedParameters: 0 0 0

#Transform 66
Transform: AffineTransform_float_3_3
Parameters: 0.999999 -0.00150045 -0.000176173 0.00149955 0.999995 -0.00255127 0.000179826 0.00255073 0.999996 0.097673 -0.00303886 0.082317
FixedParameters: 0 0 0

#Transform 67
Transform: AffineTransform_float_3_3
Parameters: 0.999998 -0.00196062 -0.000561366 0.00195938 0.999994 -0.0028751 0.000566634 0.00287389 0.999995 0.0890214 -0.00655057 0.0484256
FixedParameters: 0 0 0

#Transform 68
Transform: AffineTransform_float_3_3
Parameters: 0.999998 -0.00191106 -0.000379726 0.00190994 0.999995 -0.00276073 0.000385272 0.00275927 0.999996 0.0905357 -0.0351316 0.0484604
FixedParameters: 0 0 0

#Transform 69
Transform: AffineTransform_float_3_3
Parameters: 0.999992 -0.00382812 0.000302245 0.00382587 0.99997 0.00673021 -0.000328753 -0.00672879 0.999978 -0.00104627 -0.0198251 -0.00148291
FixedParameters: 0 0 0

#Transform 70
Transform: AffineTransform_float_3_3
Parameters: 0.999999 -0.000566216 -0.000546713 0.000564782 0.999991 -0.00404631 0.000549289 0.00404569 0.999991 0.08178 -0.035758 0.142924
FixedParameters: 0 0 0

#Transform 71
Transform: AffineTransform_float_3_3
Parameters: 0.999999 -0.000249321 -0.000726207 0.000246677 0.999995 -0.00319418 0.000727791 0.00319382 0.999994 0.0869763 0.00635659 0.140697
FixedParameters: 0 0 0

#Transform 72
Transform: AffineTransform_float_3_3
Parameters: 0.999999 -0.000677272 -0.000434021 0.000675728 0.999996 -0.00292429 0.000435977 0.00292371 0.999995 0.0848051 -0.00959746 0.158172
FixedParameters: 0 0 0

#Transform 73
Transform: AffineTransform_float_3_3
Parameters: 1 -0.000291021 -4.86942e-06 0.000290982 0.999993 -0.003885 5.13051e-06 0.003885 0.999993 0.0916543 -0.0107126 0.0734367
FixedParameters: 0 0 0

#Transform 74
Transform: AffineTransform_float_3_3
Parameters: 1 -0.000355484 0.000121519 0.000355518 0.999991 -0.00426996 -0.000120483 0.00427004 0.999991 0.0916269 0.00296788 0.0154456
FixedParameters: 0 0 0

#Transform 75
Transform: AffineTransform_float_3_3
Parameters: 0.999999 -0.00135366 0.000264749 0.00135434 0.999998 -0.00129164 -0.000263252 0.00129136 0.999999 0.0798359 0.00439933 -0.259474
FixedParameters: 0 0 0

#Transform 76
Transform: AffineTransform_float_3_3
Parameters: 1 -9.40557e-05 0.000293304 9.49432e-05 0.999995 -0.00322097 -0.000292696 0.00322103 0.999995 0.118143 0.0072962 -0.0379937
FixedParameters: 0 0 0

#Transform 77
Transform: AffineTransform_float_3_3
Parameters: 0.999999 -0.000501709 0.000728277 0.000505289 0.999989 -0.00452563 -0.00072572 0.00452536 0.999989 0.112648 0.00838432 0.0511987
FixedParameters: 0 0 0

#Transform 78
Transform: AffineTransform_float_3_3
Parameters: 0.999997 -0.000791644 -0.0023032 0.000798358 0.999996 0.00276017 0.00230181 -0.00276183 0.999994 0.0300147 0.0380094 -0.0334351
FixedParameters: 0 0 0

#Transform 79
Transform: AffineTransform_float_3_3
Parameters: 0.999991 -0.00142466 -0.004151 0.00146134 0.999959 0.00900602 0.004138 -0.00901198 0.999951 -0.00687084 0.0375357 0.074783
FixedParameters: 0 0 0

#Transform 80
Transform: AffineTransform_float_3_3
Parameters: 0.999994 -0.00156776 -0.00307946 0.00159223 0.999967 0.00788414 0.00306654 -0.00788885 0.999964 -0.0399532 0.0587068 0.0463185
FixedParameters: 0 0 0

#Transform 81
Transform: AffineTransform_float_3_3
Parameters: 0.999995 -0.00115935 -0.00269024 0.00117565 0.99998 0.00619687 0.00268277 -0.00619914 0.999977 -0.0150264 0.0726575 0.0855057
FixedParameters: 0 0 0

#Transform 82
Transform: AffineTransform_float_3_3
Parameters: 0.999994 -0.00150407 -0.0029642 0.00152393 0.999976 0.00673352 0.0029538 -0.00673848 0.999973 -0.0337956 0.0557802 0.0461558
FixedParameters: 0 0 0

#Transform 83
Transform: AffineTransform_float_3_3
Parameters: 0.999995 -0.00166119 -0.00269406 0.00167981 0.999976 0.0066225 0.00268293 -0.00662648 0.999974 -0.0318871 0.0726472 0.0287711
FixedParameters: 0 0 0

#Transform 84
Transform: AffineTransform_float_3_3
Parameters: 0.999993 -0.00195729 -0.00299266 0.00197471 0.999981 0.00592613 0.00298034 -0.00593187 0.999978 -0.0361583 0.0404126 -0.00948513
FixedParameters: 0 0 0

#Transform 85
Transform: AffineTransform_float_3_3
Parameters: 0.999995 -0.00161167 -0.00269284 0.00162834 0.99998 0.00607465 0.00268315 -0.00607936 0.999978 -0.0413457 0.0492926 -0.0342218
FixedParameters: 0 0 0

#Transform 86
Transform: AffineTransform_float_3_3
Parameters: 0.999996 -0.00094883 -0.0026884 0.000964171 0.999983 0.00564643 0.0026836 -0.00564957 0.999981 -0.0290894 0.0805312 -0.0242372
FixedParameters: 0 0 0

#Transform 87
Transform: AffineTransform_float_3_3
Parameters: 0.999995 -0.00115411 -0.00310822 0.00117589 0.999974 0.00705038 0.00309979 -0.00705361 0.999971 -0.047192 0.075775 -0.00487019
FixedParameters: 0 0 0

#Transform 88
Transform: AffineTransform_float_3_3
Parameters: 0.999995 -0.00116114 -0.00268946 0.00117586 0.999984 0.00552886 0.00268354 -0.00553214 0.999981 -0.0346587 0.0934934 0.0164248
FixedParameters: 0 0 0

#Transform 89
Transform: AffineTransform_float_3_3
Parameters: 0.999995 -0.00115578 -0.00312555 0.00117622 0.999979 0.00647536 0.00311745 -0.00647864 0.999974 -0.0227696 0.114997 0.0231045
FixedParameters: 0 0 0

#Transform 90
Transform: AffineTransform_float_3_3
Parameters: 0.999994 -0.000867799 -0.00338046 0.000885198 0.999986 0.00509004 0.00337554 -0.00509296 0.999982 -0.0318946 0.130703 0.0253875
FixedParameters: 0 0 0

#Transform 91
Transform: AffineTransform_float_3_3
Parameters: 0.999995 -0.000753718 -0.00305656 0.000767286 0.999989 0.00467468 0.00305345 -0.00467633 0.999985 -0.014242 0.106907 0.0194131
FixedParameters: 0 0 0

#Transform 92
Transform: AffineTransform_float_3_3
Parameters: 0.999995 -0.000987403 -0.00284775 0.0010016 0.999988 0.00477717 0.00284324 -0.00477983 0.999984 -0.00932648 0.0582416 0.00827888
FixedParameters: 0 0 0

#Transform 93
Transform: AffineTransform_float_3_3
Parameters: 0.999997 -0.000577575 -0.0026171 0.000587424 0.999994 0.00360148 0.0026149 -0.00360352 0.99999 0.0165704 0.0927877 0.0852758
FixedParameters: 0 0 0

#Transform 94
Transform: AffineTransform_float_3_3
Parameters: 0.999997 -0.000991071 -0.0025359 0.00100093 0.999992 0.00391648 0.0025321 -0.00391952 0.999989 -0.0128722 0.0354143 0.0700016
FixedParameters: 0 0 0

#Transform 95
Transform: AffineTransform_float_3_3
Parameters: 0.999996 -0.0010904 -0.00262585 0.0011016 0.999989 0.00442112 0.00262115 -0.00442387 0.999987 -0.0148777 0.0693701 0.0802544
FixedParameters: 0 0 0

#Transform 96
Transform: AffineTransform_float_3_3
Parameters: 0.999995 -0.00145986 -0.002723 0.00147114 0.99999 0.00409201 0.002717 -0.00409598 0.999988 -0.0429122 0.0659883 0.0171972
FixedParameters: 0 0 0

#Transform 97
Transform: AffineTransform_float_3_3
Parameters: 0.999994 -0.00149278 -0.00294425 0.00150722 0.999987 0.00483459 0.00293674 -0.00483841 0.999984 -0.0331222 0.0951657 -0.00411859
FixedParameters: 0 0 0

#Transform 98
Transform: AffineTransform_float_3_3
Parameters: 0.999993 -0.00204242 -0.00315576 0.00206158 0.999978 0.00621453 0.00314324 -0.00622046 0.999975 -0.0317781 0.0499412 0.0155182
FixedParameters: 0 0 0

#Transform 99
Transform: AffineTransform_float_3_3
Parameters: 0.999994 -0.0018322 -0.00301151 0.0018508 0.999979 0.00624946 0.00300049 -0.00625553 0.999976 -0.0425811 0.0630518 -0.00291007
FixedParameters: 0 0 0

#Transform 100
Transform: AffineTransform_float_3_3
Parameters: 0.999995 -0.000970671 -0.00294544 0.000990333 0.999978 0.00656811 0.00293956 -0.00657089 0.999974 -0.0379717 0.0813261 0.0433831
FixedParameters: 0 0 0

#Transform 101
Transform: AffineTransform_float_3_3
Parameters: 0.999991 -0.00193494 -0.00362494 0.00195905 0.999976 0.00664396 0.00361106 -0.00665105 0.999972 -0.0498706 0.0755234 -0.0173086
FixedParameters: 0 0 0

#Transform 102
Transform: AffineTransform_float_3_3
Parameters: 0.999994 -0.00171269 -0.00296108 0.00173032 0.999982 0.00585492 0.00295092 -0.00585909 0.999979 -0.0498916 0.0665112 -0.0349317
FixedParameters: 0 0 0

#Transform 103
Transform: AffineTransform_float_3_3
Parameters: 0.999995 -0.00216088 -0.0025887 0.00217612 0.999981 0.00585241 0.00257631 -0.00585761 0.99998 -0.0209767 0.117768 -0.0329149
FixedParameters: 0 0 0

#Transform 104
Transform: AffineTransform_float_3_3
Parameters: 0.999996 -0.00172142 -0.00249612 0.00173559 0.999982 0.0058527 0.00248588 -0.00585631 0.99998 -0.0134276 0.0916616 -0.0323014
FixedParameters: 0 0 0

#Transform 105
Transform: AffineTransform_float_3_3
Parameters: 0.999995 -0.00180825 -0.00249602 0.00182275 0.999983 0.00551748 0.00248598 -0.00552152 0.999981 -0.0351641 0.109401 -0.0546774
FixedParameters: 0 0 0

#Transform 106
Transform: AffineTransform_float_3_3
Parameters: 0.999995 -0.00180721 -0.00249677 0.00182279 0.99998 0.00593348 0.00248623 -0.00593752 0.99998 -0.0357629 0.0913359 -0.058046
FixedParameters: 0 0 0

#Transform 107
Transform: AffineTransform_float_3_3
Parameters: 0.999995 -0.00180658 -0.00249723 0.00182242 0.999979 0.00618548 0.00248677 -0.00619052 0.999977 -0.0335885 0.0654509 -0.0657623
FixedParameters: 0 0 0

#Transform 108
Transform: AffineTransform_float_3_3
Parameters: 0.999993 -0.00320072 -0.00162591 0.00322926 0.999838 0.0176979 0.00156809 -0.0177031 0.999842 -0.116713 0.193616 -0.461624
FixedParameters: 0 0 0

#Transform 109
Transform: AffineTransform_float_3_3
Parameters: 1 -0.000569975 -0.000369706 0.000573027 0.999966 0.00823379 0.000365294 -0.00823421 0.999966 0.051857 0.0773466 -0.255567
FixedParameters: 0 0 0

#Transform 110
Transform: AffineTransform_float_3_3
Parameters: 0.999998 -0.000740872 -0.00173448 0.00074213 1 0.000650714 0.00173452 -0.000651287 0.999999 0.0582905 0.0669193 0.0502992
FixedParameters: 0 0 0

#Transform 111
Transform: AffineTransform_float_3_3
Parameters: 0.999998 -0.00017082 -0.0019371 0.000172181 1 0.000609667 0.0019369 -0.000609332 0.999998 0.0560418 0.0695294 0.0502344
FixedParameters: 0 0 0

#Transform 112
Transform: AffineTransform_float_3_3
Parameters: 0.999998 -2.80155e-05 -0.00209001 2.89864e-05 1 0.00047194 0.00208999 -0.000471059 0.999997 0.0404671 0.0732197 0.0169187
FixedParameters: 0 0 0

#Transform 113
Transform: AffineTransform_float_3_3
Parameters: 0.999998 -2.8211e-05 -0.00173401 2.87906e-05 1 0.000455951 0.00173399 -0.00045505 0.999999 0.0576943 0.0738857 -0.0937946
FixedParameters: 0 0 0

#Transform 114
Transform: AffineTransform_float_3_3
Parameters: 1 -2.8937e-05 -0.001016 2.9063e-05 1 6.19705e-05 0.001016 -6.20295e-05 1 0.0532346 -0.000568379 -0.127191
FixedParameters: 0 0 0

#Transform 115
Transform: AffineTransform_float_3_3
Parameters: 0.999999 0.000581542 -0.000592434 -0.000583459 0.999997 -0.00246365 0.000591564 0.00246434 0.999997 0.0708429 0.0408272 0.00513844
FixedParameters: 0 0 0

#Transform 116
Transform: AffineTransform_float_3_3
Parameters: 0.999999 0.000337766 -0.000701595 -0.000339232 0.999999 -0.00175876 0.000700404 0.00175924 0.999998 0.0891336 0.0265797 0.0122246
FixedParameters: 0 0 0

#Transform 117
Transform: AffineTransform_float_3_3
Parameters: 0.999999 0.000337573 -0.000793608 -0.000339428 0.999999 -0.00179873 0.00079339 0.00179927 0.999998 0.0888885 0.0484811 0.0255331
FixedParameters: 0 0 0

#Transform 118
Transform: AffineTransform_float_3_3
Parameters: 1 0.000874513 -0.00064901 -0.000876488 0.999997 -0.00229543 0.00064699 0.00229557 0.999997 0.0914968 0.0501306 0.0403798
FixedParameters: 0 0 0

#Transform 119
Transform: AffineTransform_float_3_3
Parameters: 0.999999 0.000336107 -0.00131874 -0.00033989 0.999997 -0.00219355 0.00131726 0.00219444 0.999996 0.0873621 0.0473831 0.0247523
FixedParameters: 0 0 0

#Transform 120
Transform: AffineTransform_float_3_3
Parameters: 0.999999 0.000337074 -0.00131849 -0.000339925 0.999999 -0.00146055 0.0013175 0.00146145 0.999998 0.066569 0.0270861 0.00368611
FixedParameters: 0 0 0

#Transform 121
Transform: AffineTransform_float_3_3
Parameters: 0.999998 -0.000199288 -0.00200507 0.000199711 1 0.0003546 0.00200493 -0.0003554 0.999998 0.0566016 0.0389742 0.0422029
FixedParameters: 0 0 0

#Transform 122
Transform: AffineTransform_float_3_3
Parameters: 0.999998 -0.000328048 -0.00199016 0.000328953 1 0.000478346 0.00199084 -0.000478654 0.999998 0.0577562 0.0210039 0.0436801
FixedParameters: 0 0 0

#Transform 123
Transform: AffineTransform_float_3_3
Parameters: 0.999998 -0.000126023 -0.00197006 0.000126977 1 0.000495751 0.00196994 -0.000496249 0.999998 0.0611432 0.0521016 0.049477
FixedParameters: 0 0 0

#Transform 124
Transform: AffineTransform_float_3_3
Parameters: 0.999998 -0.000368429 -0.00189611 0.00036857 1 0.000300302 0.00189589 -0.000301699 0.999998 0.0573941 0.0446109 0.0321616
FixedParameters: 0 0 0

#Transform 125
Transform: AffineTransform_float_3_3
Parameters: 0.999996 -0.000543372 -0.00257177 0.000547625 0.999999 0.0014096 0.00257023 -0.0014114 0.999995 0.0251707 0.0491662 0.0498468
FixedParameters: 0 0 0

#Transform 126
Transform: AffineTransform_float_3_3
Parameters: 0.999996 -0.000540887 -0.00281018 0.000547114 0.999998 0.00217547 0.00280882 -0.00217653 0.999993 0.0193831 0.0732676 0.0589143
FixedParameters: 0 0 0

#Transform 127
Transform: AffineTransform_float_3_3
Parameters: 0.999995 -0.000470858 -0.002894 0.000476144 0.999997 0.00212263 0.00289299 -0.00212337 0.999993 0.020088 0.0734554 0.0259162
FixedParameters: 0 0 0

#Transform 128
Transform: AffineTransform_float_3_3
Parameters: 0.999996 -0.000102499 -0.00289313 0.0001065 1 0.0012097 0.00289287 -0.0012103 0.999995 0.0272927 0.0730628 0.0546685
FixedParameters: 0 0 0

#Transform 129
Transform: AffineTransform_float_3_3
Parameters: 0.999997 0.000143771 -0.00269991 -0.000142231 1 0.000655386 0.0027001 -0.000655614 0.999996 0.0263151 0.0224431 0.00608068
FixedParameters: 0 0 0

#Transform 130
Transform: AffineTransform_float_3_3
Parameters: 0.999996 -0.000155893 -0.00262107 0.000157108 1 0.00042259 0.00262093 -0.00042241 0.999997 0.038834 0.0635235 0.0531102
FixedParameters: 0 0 0

#Transform 131
Transform: AffineTransform_float_3_3
Parameters: 0.999996 -0.000351726 -0.0028934 0.000354273 1 0.00113098 0.0028926 -0.00113202 0.999995 0.0176036 0.052053 0.0310423
FixedParameters: 0 0 0

#Transform 132
Transform: AffineTransform_float_3_3
Parameters: 0.999996 -0.000141395 -0.00289328 0.000146606 0.999998 0.00193758 0.00289272 -0.00193742 0.999994 0.021002 0.0556185 0.0257619
FixedParameters: 0 0 0

#Transform 133
Transform: AffineTransform_float_3_3
Parameters: 0.999996 -0.00035898 -0.0028935 0.000363019 0.999999 0.00138896 0.0028925 -0.00139004 0.999995 0.0334341 0.0667417 0.0530208
FixedParameters: 0 0 0

#Transform 134
Transform: AffineTransform_float_3_3
Parameters: 0.999996 0.000310236 -0.00256585 -0.000309765 1 0.000481796 0.00256615 -0.000481205 0.999996 0.0194289 0.0516293 0.0316491
FixedParameters: 0 0 0

#Transform 135
Transform: AffineTransform_float_3_3
Parameters: 0.999996 8.49119e-05 -0.00289294 -8.30873e-05 1 0.000661243 0.00289305 -0.000660757 0.999995 0.039868 0.0790022 0.0591646
FixedParameters: 0 0 0

#Transform 136
Transform: AffineTransform_float_3_3
Parameters: 0.999996 -0.000356692 -0.00289366 0.000361307 0.999999 0.00183396 0.00289234 -0.00183504 0.999994 0.0204777 0.0639009 0.020965
FixedParameters: 0 0 0

#Transform 137
Transform: AffineTransform_float_3_3
Parameters: 0.999995 -0.00047568 -0.00289421 0.000483318 0.999996 0.00252861 0.00289278 -0.00253039 0.999992 0.0307714 0.0957078 0.0161668
FixedParameters: 0 0 0

#Transform 138
Transform: AffineTransform_float_3_3
Parameters: 0.999995 -0.000377037 -0.00289352 0.000380961 0.999999 0.0013689 0.00289248 -0.0013701 0.999995 0.012678 0.0515981 0.00106108
FixedParameters: 0 0 0

#Transform 139
Transform: AffineTransform_float_3_3
Parameters: 0.999995 -0.000375608 -0.0028937 0.00038039 0.999998 0.00186291 0.0028923 -0.00186409 0.999994 0.0324432 0.0971438 0.0295773
FixedParameters: 0 0 0

#Transform 140
Transform: AffineTransform_float_3_3
Parameters: 0.999995 -0.000376398 -0.0028936 0.0003806 0.999998 0.0015899 0.0028924 -0.00159109 0.999994 0.0324867 0.0759459 0.0149025
FixedParameters: 0 0 0

#Transform 141
Transform: AffineTransform_float_3_3
Parameters: 0.999995 -0.000375816 -0.00289368 0.000380182 0.999999 0.00179091 0.00289232 -0.0017921 0.999994 0.0293447 0.0764475 0.0138163
FixedParameters: 0 0 0

#Transform 142
Transform: AffineTransform_float_3_3
Parameters: 0.999995 -0.000173304 -0.00319826 0.000177694 0.999999 0.00146744 0.00319774 -0.00146856 0.999994 0.0278169 0.0690183 0.0307567
FixedParameters: 0 0 0

#Transform 143
Transform: AffineTransform_float_3_3
Parameters: 0.999997 0.000227576 -0.00270078 -0.000225425 0.999999 0.000953612 0.00270122 -0.000953388 0.999996 0.0429022 0.0777036 0.0532865
FixedParameters: 0 0 0

#Transform 144
Transform: AffineTransform_float_3_3
Parameters: 0.999995 -0.000240445 -0.00295429 0.000243554 0.999999 0.00120229 0.00295471 -0.00120372 0.999995 0.0346334 0.0755854 -0.0018083
FixedParameters: 0 0 0

#Transform 145
Transform: AffineTransform_float_3_3
Parameters: 0.999996 -0.000187672 -0.00289342 0.000193326 0.999997 0.00218645 0.00289258 -0.00218755 0.999994 0.031157 0.0452454 0.00187488
FixedParameters: 0 0 0

#Transform 146
Transform: AffineTransform_float_3_3
Parameters: 0.999995 -0.00013257 -0.00313323 0.000137432 0.999998 0.00173358 0.00313277 -0.00173342 0.999993 0.0279285 0.0563199 0.0630802
FixedParameters: 0 0 0

#Transform 147
Transform: AffineTransform_float_3_3
Parameters: 0.999996 -0.000187857 -0.0028934 0.000193141 0.999997 0.00212245 0.00289259 -0.00212355 0.999993 0.032067 0.0750653 0.0921631
FixedParameters: 0 0 0

#Transform 148
Transform: AffineTransform_float_3_3
Parameters: 0.999996 -0.000190345 -0.00289324 0.000193653 0.999999 0.00126245 0.00289276 -0.00126356 0.999995 0.0361927 0.0834569 0.0726761
FixedParameters: 0 0 0

#Transform 149
Transform: AffineTransform_float_3_3
Parameters: 0.999996 -0.000191113 -0.0028102 0.000193888 1 0.00102746 0.0028098 -0.00102754 0.999995 0.0264413 0.0839173 0.0545271
FixedParameters: 0 0 0

#Transform 150
Transform: AffineTransform_float_3_3
Parameters: 0.999998 -0.00124291 -0.00167406 0.00124309 0.999999 5.19191e-05 0.00167393 -5.40807e-05 0.999998 0.056121 0.0844178 0.0856294
FixedParameters: 0 0 0

#Transform 151
Transform: AffineTransform_float_3_3
Parameters: 0.999998 -0.000345579 -0.00203906 0.000340421 0.999996 -0.0027357 0.00203994 0.0027353 0.999994 0.0783504 0.0376547 0.0531644
FixedParameters: 0 0 0

#Transform 152
Transform: AffineTransform_float_3_3
Parameters: 0.999996 -0.000781051 -0.00289111 0.000773949 0.999996 -0.00243925 0.0028929 0.00243675 0.999993 0.0681561 0.0121128 0.056272
FixedParameters: 0 0 0

#Transform 153
Transform: AffineTransform_float_3_3
Parameters: 0.999996 -0.000273031 -0.00289272 0.000269971 1 -0.00104779 0.00289228 0.00104722 0.999996 0.0327602 0.0228731 0.0434625
FixedParameters: 0 0 0

#Transform 154
Transform: AffineTransform_float_3_3
Parameters: 0.999999 0.000355165 -0.00173138 -0.000357837 1 -0.00106038 0.00173162 0.00106062 0.999998 0.0489466 0.0263286 0.0715033
FixedParameters: 0 0 0

#Transform 155
Transform: AffineTransform_float_3_3
Parameters: 0.999996 -8.02578e-05 -0.00260302 8.07415e-05 1 0.000284791 0.00260297 -0.00028521 0.999996 0.0349126 -0.00771154 0.0548564
FixedParameters: 0 0 0

#Transform 156
Transform: AffineTransform_float_3_3
Parameters: 0.999997 -7.96231e-05 -0.00272604 8.13763e-05 1 0.00050478 0.00272596 -0.000505219 0.999996 0.0345541 0.0271475 0.0951588
FixedParameters: 0 0 0

#Transform 157
Transform: AffineTransform_float_3_3
Parameters: 0.999996 -8.07641e-05 -0.00290801 8.12381e-05 1 8.17641e-05 0.00290799 -8.12352e-05 0.999996 0.0441979 0.0259303 0.0769293
FixedParameters: 0 0 0

#Transform 158
Transform: AffineTransform_float_3_3
Parameters: 0.999996 -0.000404245 -0.00260374 0.000408755 0.999998 0.00182594 0.00260326 -0.00182706 0.999995 0.0232831 0.028919 0.0813497
FixedParameters: 0 0 0

#Transform 159
Transform: AffineTransform_float_3_3
Parameters: 0.999995 -2.3947e-05 -0.00312708 3.30524e-05 0.999996 0.00289491 0.00312692 -0.00289509 0.999991 0.0228766 0.0675262 0.139381
FixedParameters: 0 0 0
